Epoch,chi_Mean_0.2775,chi_Mean_1.11,chi_Mean_4.44
1,-41.951558,-38.103098,-59.283074
2,-27.559446,-26.317498,-47.044857
3,-22.518167,-22.029943,-40.119088
4,-20.590374,-20.320817,-35.980975
5,-19.737069,-19.543264,-33.389430
6,-19.282476,-19.128182,-31.698869
7,-18.992384,-18.864706,-30.522052
8,-18.777076,-18.672767,-29.683813
9,-18.605390,-18.517623,-29.059109
10,-18.456571,-18.382177,-28.553700
11,-18.324570,-18.262322,-28.144968
12,-18.209253,-18.153881,-27.805972
13,-18.099856,-18.054308,-27.519315
14,-18.003874,-17.965048,-27.259959
15,-17.914918,-17.884643,-27.031725
16,-17.834864,-17.810088,-26.832560
17,-17.762229,-17.744098,-26.646944
18,-17.693147,-17.684876,-26.466118
19,-17.630161,-17.628262,-26.314022
20,-17.572875,-17.578832,-26.166874
21,-17.521908,-17.531184,-26.034811
22,-17.475718,-17.488805,-25.910420
23,-17.433125,-17.447978,-25.806241
24,-17.395372,-17.410454,-25.699297
25,-17.358310,-17.373506,-25.594761
26,-17.324217,-17.342090,-25.484089
27,-17.292880,-17.313214,-25.378800
28,-17.262783,-17.283204,-25.283126
29,-17.235986,-17.253872,-25.191011
30,-17.211722,-17.227189,-25.094713
31,-17.187944,-17.203486,-24.999556
32,-17.165859,-17.179125,-24.915561
33,-17.144767,-17.155152,-24.823724
34,-17.125244,-17.133615,-24.751058
35,-17.106832,-17.113984,-24.658287
36,-17.088306,-17.098069,-24.582936
37,-17.071024,-17.079960,-24.497507
38,-17.054726,-17.062305,-24.425943
39,-17.039290,-17.048023,-24.345043
40,-17.025001,-17.033251,-24.270345
41,-17.010804,-17.019241,-24.198178
42,-16.996160,-17.004026,-24.122936
43,-16.983607,-16.991841,-24.048569
44,-16.970173,-16.978222,-23.984137
45,-16.957534,-16.966286,-23.916898
46,-16.946060,-16.954927,-23.839949
47,-16.934182,-16.942007,-23.771916
48,-16.923730,-16.930319,-23.703190
49,-16.913179,-16.917478,-23.633069
50,-16.901571,-16.908847,-23.570468
51,-16.888705,-16.898558,-23.510192
52,-16.878866,-16.888920,-23.445453
53,-16.869649,-16.879300,-23.380558
54,-16.860077,-16.869424,-23.318391
55,-16.851096,-16.859009,-23.266782
56,-16.841827,-16.848624,-23.205355
57,-16.831925,-16.840428,-23.142876
58,-16.823251,-16.830681,-23.089905
59,-16.813202,-16.821931,-23.031726
60,-16.804774,-16.813597,-22.988077
61,-16.799011,-16.805134,-22.929995
62,-16.789295,-16.796729,-22.881297
63,-16.779746,-16.787867,-22.835641
64,-16.773894,-16.780018,-22.785827
65,-16.767267,-16.769615,-22.732035
66,-16.759910,-16.760859,-22.682707
67,-16.751184,-16.751016,-22.634763
68,-16.743195,-16.744831,-22.586092
69,-16.734974,-16.735288,-22.544631
70,-16.727697,-16.729694,-22.503008
71,-16.721167,-16.722132,-22.450213
72,-16.713816,-16.716042,-22.415284
73,-16.704846,-16.708560,-22.375529
74,-16.697327,-16.700226,-22.336614
75,-16.694206,-16.694824,-22.289570
76,-16.687587,-16.688087,-22.258222
77,-16.680425,-16.680038,-22.213984
78,-16.675536,-16.672737,-22.173249
79,-16.669412,-16.664589,-22.130304
80,-16.664776,-16.659143,-22.094781
81,-16.655899,-16.653076,-22.054320
82,-16.650072,-16.649042,-22.010981
83,-16.644358,-16.644366,-21.978359
84,-16.635279,-16.635355,-21.942858
85,-16.629660,-16.626366,-21.905659
86,-16.625609,-16.621616,-21.870723
87,-16.619295,-16.614830,-21.837829
88,-16.614035,-16.608228,-21.803971
89,-16.608878,-16.604732,-21.777982
90,-16.604446,-16.598891,-21.740104
91,-16.597363,-16.589768,-21.708093
92,-16.592512,-16.582080,-21.679057
93,-16.587156,-16.573231,-21.647615
94,-16.581652,-16.561765,-21.613609
95,-16.577467,-16.552535,-21.591578
96,-16.573551,-16.542866,-21.553597
97,-16.568969,-16.535099,-21.517158
98,-16.563969,-16.526258,-21.485670
99,-16.558627,-16.522015,-21.458140
100,-16.556493,-16.516032,-21.429422
101,-16.552716,-16.512600,-21.404485
102,-16.548756,-16.507998,-21.372016
103,-16.542243,-16.502706,-21.339336
104,-16.539085,-16.498612,-21.315118
105,-16.534983,-16.491422,-21.288528
106,-16.530646,-16.485525,-21.255648
107,-16.523862,-16.473371,-21.232378
108,-16.520250,-16.462461,-21.204697
109,-16.518616,-16.453855,-21.185827
110,-16.515439,-16.444494,-21.155844
111,-16.511130,-16.439813,-21.129722
112,-16.506970,-16.432786,-21.107960
113,-16.503330,-16.428346,-21.080102
114,-16.501418,-16.422885,-21.055136
115,-16.496134,-16.419181,-21.038993
116,-16.491394,-16.413529,-21.011930
117,-16.487972,-16.408898,-20.988484
118,-16.485350,-16.405266,-20.959683
119,-16.480505,-16.404481,-20.937542
120,-16.475650,-16.398341,-20.918915
121,-16.470907,-16.392005,-20.891102
122,-16.468115,-16.387264,-20.869704
123,-16.464381,-16.384428,-20.849396
124,-16.461187,-16.381569,-20.824890
125,-16.460671,-16.377497,-20.811062
126,-16.455942,-16.370247,-20.779099
127,-16.453174,-16.363491,-20.752852
128,-16.449381,-16.361390,-20.738663
129,-16.444838,-16.356759,-20.725942
130,-16.442234,-16.356740,-20.704470
131,-16.439846,-16.350843,-20.683027
132,-16.438991,-16.344615,-20.662777
133,-16.436535,-16.341397,-20.647503
134,-16.434128,-16.337196,-20.624696
135,-16.428771,-16.334052,-20.603723
136,-16.426485,-16.333083,-20.590687
137,-16.425089,-16.329968,-20.573817
138,-16.421203,-16.325813,-20.552154
139,-16.417179,-16.323285,-20.531623
140,-16.417238,-16.317826,-20.521597
141,-16.414561,-16.315269,-20.501469
142,-16.413247,-16.311244,-20.489547
143,-16.409954,-16.308057,-20.465703
144,-16.408355,-16.305026,-20.452519
145,-16.406381,-16.307266,-20.435835
146,-16.406327,-16.303197,-20.428393
147,-16.403931,-16.300559,-20.409017
148,-16.402406,-16.297041,-20.395787
149,-16.399224,-16.294338,-20.382370
150,-16.396281,-16.292183,-20.365661
151,-16.394613,-16.290509,-20.347900
152,-16.392803,-16.288501,-20.330091
153,-16.390474,-16.286671,-20.316215
154,-16.391363,-16.286240,-20.302047
155,-16.386962,-16.281577,-20.285817
156,-16.385210,-16.279989,-20.273387
157,-16.383875,-16.277686,-20.253867
158,-16.384717,-16.274025,-20.237385
159,-16.382816,-16.273910,-20.224119
160,-16.381861,-16.271148,-20.213250
161,-16.379490,-16.271187,-20.197200
162,-16.378912,-16.266516,-20.186779
163,-16.375782,-16.265627,-20.169848
164,-16.374070,-16.263828,-20.161136
165,-16.373991,-16.260679,-20.147344
166,-16.371916,-16.259046,-20.131069
167,-16.369290,-16.254919,-20.114582
168,-16.366306,-16.252477,-20.103547
169,-16.364911,-16.252066,-20.091965
170,-16.367009,-16.249355,-20.080156
171,-16.364671,-16.247677,-20.068847
172,-16.363402,-16.244859,-20.054140
173,-16.363001,-16.242966,-20.040631
174,-16.359831,-16.242302,-20.027730
175,-16.360481,-16.241886,-20.023028
176,-16.355493,-16.240152,-20.011558
177,-16.349651,-16.236649,-19.996860
178,-16.344364,-16.236445,-19.982786
179,-16.340633,-16.234836,-19.974586
180,-16.336791,-16.233478,-19.963072
181,-16.336035,-16.233903,-19.954328
182,-16.334823,-16.233235,-19.941081
183,-16.331881,-16.231506,-19.929944
184,-16.332225,-16.228479,-19.920085
185,-16.328940,-16.230368,-19.907530
186,-16.328550,-16.229223,-19.896706
187,-16.328816,-16.226804,-19.890268
188,-16.327679,-16.226389,-19.884706
189,-16.326602,-16.225842,-19.875123
190,-16.326530,-16.225742,-19.859393
191,-16.325012,-16.224690,-19.853866
192,-16.326479,-16.223029,-19.841164
193,-16.325235,-16.223242,-19.832285
194,-16.325066,-16.220855,-19.824247
195,-16.322459,-16.221276,-19.814604
196,-16.320828,-16.222132,-19.801514
197,-16.319913,-16.220377,-19.789188
198,-16.319797,-16.217843,-19.781851
199,-16.320807,-16.218389,-19.777930
200,-16.319502,-16.217813,-19.770064
201,-16.316914,-16.214041,-19.760381
202,-16.316965,-16.215514,-19.749992
203,-16.315147,-16.214463,-19.739681
204,-16.312963,-16.214344,-19.734846
205,-16.313259,-16.211447,-19.730117
206,-16.314075,-16.214584,-19.723271
207,-16.311738,-16.209376,-19.715408
208,-16.312072,-16.207298,-19.704331
209,-16.311161,-16.205085,-19.693516
210,-16.312123,-16.206524,-19.688863
211,-16.312175,-16.205773,-19.678237
212,-16.309250,-16.206903,-19.671331
213,-16.309963,-16.208955,-19.662716
214,-16.310774,-16.209797,-19.654694
215,-16.309567,-16.207929,-19.644477
216,-16.311984,-16.206332,-19.638611
217,-16.310568,-16.202354,-19.633344
218,-16.312441,-16.205490,-19.624168
219,-16.311098,-16.205485,-19.623956
220,-16.311639,-16.204306,-19.617700
221,-16.308413,-16.204247,-19.609379
222,-16.309858,-16.203936,-19.597384
223,-16.309406,-16.203428,-19.595959
224,-16.308302,-16.202589,-19.592014
225,-16.308389,-16.199370,-19.588218
226,-16.307941,-16.198251,-19.574140
227,-16.305801,-16.197980,-19.569728
228,-16.305691,-16.195165,-19.563075
229,-16.309132,-16.184486,-19.559283
230,-16.306346,-16.175544,-19.553945
231,-16.305035,-16.168758,-19.549075
232,-16.304003,-16.170196,-19.542101
233,-16.303064,-16.171957,-19.535458
234,-16.304131,-16.173303,-19.534435
235,-16.304205,-16.171358,-19.528085
236,-16.305024,-16.171358,-19.526173
237,-16.305543,-16.171766,-19.521824
238,-16.306600,-16.173187,-19.515025
239,-16.306017,-16.171326,-19.508476
240,-16.305632,-16.171094,-19.501448
241,-16.306459,-16.170502,-19.496317
242,-16.304794,-16.166726,-19.492089
243,-16.304106,-16.166185,-19.487706
244,-16.302616,-16.165810,-19.488701
245,-16.301558,-16.163215,-19.485108
246,-16.304471,-16.162966,-19.480363
247,-16.304409,-16.162244,-19.471080
248,-16.304584,-16.163955,-19.466389
249,-16.302216,-16.162068,-19.467606
250,-16.304105,-16.163375,-19.455074
251,-16.302386,-16.161993,-19.445768
252,-16.301821,-16.160232,-19.443494
253,-16.299790,-16.162429,-19.433496
254,-16.302266,-16.163999,-19.431553
255,-16.303548,-16.161009,-19.429489
256,-16.301589,-16.161990,-19.423876
257,-16.301159,-16.158218,-19.418594
258,-16.301602,-16.160998,-19.406987
259,-16.303151,-16.160342,-19.408788
260,-16.304513,-16.159697,-19.404380
261,-16.302351,-16.162001,-19.397518
262,-16.303514,-16.161110,-19.389856
263,-16.301493,-16.161631,-19.384314
264,-16.300450,-16.159600,-19.385446
265,-16.303787,-16.159250,-19.386499
266,-16.303373,-16.156950,-19.379954
267,-16.301626,-16.157788,-19.372777
268,-16.300927,-16.159078,-19.362188
269,-16.300382,-16.157173,-19.352888
270,-16.301036,-16.159136,-19.349785
271,-16.300491,-16.157359,-19.346675
272,-16.301153,-16.157523,-19.345623
273,-16.300050,-16.154600,-19.341998
274,-16.301429,-16.155239,-19.329493
275,-16.301035,-16.156317,-19.326513
276,-16.299484,-16.154372,-19.322410
277,-16.300616,-16.153330,-19.322260
278,-16.301412,-16.154813,-19.317503
279,-16.303115,-16.157470,-19.310775
280,-16.302186,-16.155060,-19.301569
281,-16.303629,-16.153643,-19.296211
282,-16.302184,-16.153499,-19.292671
283,-16.299719,-16.153634,-19.293334
284,-16.300594,-16.153638,-19.289930
285,-16.299485,-16.155177,-19.284200
286,-16.300157,-16.156989,-19.272730
287,-16.301200,-16.158182,-19.270436
288,-16.301725,-16.157522,-19.266139
289,-16.299969,-16.156753,-19.265106
290,-16.302440,-16.155415,-19.261990
291,-16.303084,-16.155003,-19.262596
292,-16.303389,-16.156095,-19.248683
293,-16.301487,-16.155430,-19.249243
294,-16.301222,-16.154218,-19.243330
295,-16.299150,-16.156121,-19.231731
296,-16.300805,-16.153119,-19.229149
297,-16.299614,-16.153145,-19.230936
298,-16.301416,-16.155193,-19.224466
299,-16.300942,-16.156111,-19.223302
300,-16.301490,-16.155138,-19.217714
301,-16.303391,-16.155962,-19.210906
302,-16.301762,-16.153896,-19.211262
303,-16.303574,-16.154385,-19.207327
304,-16.304774,-16.152744,-19.200697
305,-16.306640,-16.153443,-19.203879
306,-16.305332,-16.151464,-19.196107
307,-16.304121,-16.149009,-19.191724
308,-16.303334,-16.149453,-19.187079
309,-16.303864,-16.147736,-19.182186
310,-16.303206,-16.148065,-19.175932
311,-16.304426,-16.148061,-19.170208
312,-16.305032,-16.147641,-19.158969
313,-16.306248,-16.148791,-19.157978
314,-16.306231,-16.148581,-19.154419
315,-16.305835,-16.148811,-19.145802
316,-16.303821,-16.150280,-19.144289
317,-16.304382,-16.150915,-19.143767
318,-16.304084,-16.150041,-19.138820
319,-16.303979,-16.150859,-19.137984
320,-16.303248,-16.147803,-19.135193
321,-16.304498,-16.149845,-19.131051
322,-16.304404,-16.145863,-19.125746
323,-16.302911,-16.147149,-19.123786
324,-16.300837,-16.146713,-19.124125
325,-16.300329,-16.148945,-19.119596
326,-16.300533,-16.145629,-19.113171
327,-16.301897,-16.145896,-19.109357
328,-16.298639,-16.149037,-19.107270
329,-16.299297,-16.146970,-19.100188
330,-16.298236,-16.148168,-19.095517
331,-16.297158,-16.147804,-19.098449
332,-16.297492,-16.149418,-19.094927
333,-16.298288,-16.150693,-19.088968
334,-16.296921,-16.150052,-19.085497
335,-16.297991,-16.147214,-19.088761
336,-16.297296,-16.149441,-19.085623
337,-16.298975,-16.148707,-19.083867
338,-16.299232,-16.146229,-19.076016
339,-16.300468,-16.144757,-19.072754
340,-16.299402,-16.146111,-19.067605
341,-16.300269,-16.148029,-19.067814
342,-16.299121,-16.147255,-19.062536
343,-16.298898,-16.149050,-19.064201
344,-16.298168,-16.147276,-19.055196
345,-16.298471,-16.145951,-19.046528
346,-16.297243,-16.143540,-19.044852
347,-16.299049,-16.143707,-19.039400
348,-16.297703,-16.145868,-19.037199
349,-16.299191,-16.147414,-19.032420
350,-16.300461,-16.148809,-19.028037
351,-16.298476,-16.148129,-19.022059
352,-16.298980,-16.147944,-19.020236
353,-16.298177,-16.147488,-19.017108
354,-16.297506,-16.145036,-19.013812
355,-16.297927,-16.143055,-19.011888
356,-16.297107,-16.144379,-19.008245
357,-16.296655,-16.146553,-19.005672
358,-16.296539,-16.145486,-18.998899
359,-16.297551,-16.148634,-18.992687
360,-16.297881,-16.148617,-18.986610
361,-16.296429,-16.150994,-18.988115
362,-16.296213,-16.148993,-18.985217
363,-16.296943,-16.146380,-18.981776
364,-16.297439,-16.146609,-18.980466
365,-16.296791,-16.146198,-18.979974
366,-16.296757,-16.144950,-18.976730
367,-16.295731,-16.144653,-18.970760
368,-16.295911,-16.145909,-18.962396
369,-16.296816,-16.144979,-18.967735
370,-16.295396,-16.140660,-18.966582
371,-16.298578,-16.142054,-18.965775
372,-16.298355,-16.142462,-18.958762
373,-16.298940,-16.142507,-18.956696
374,-16.296586,-16.142741,-18.954256
375,-16.297442,-16.142844,-18.948891
376,-16.298575,-16.148059,-18.946967
377,-16.298434,-16.147589,-18.945759
378,-16.299364,-16.147935,-18.939900
379,-16.300209,-16.149351,-18.936143
380,-16.296872,-16.146771,-18.935515
381,-16.298321,-16.146360,-18.925646
382,-16.298849,-16.146212,-18.926126
383,-16.298158,-16.145182,-18.921084
384,-16.299797,-16.145811,-18.912902
385,-16.300150,-16.143149,-18.912664
386,-16.301540,-16.140830,-18.914658
387,-16.298965,-16.141956,-18.910729
388,-16.298649,-16.142190,-18.906509
389,-16.298794,-16.142762,-18.900372
390,-16.300470,-16.142697,-18.899658
391,-16.299439,-16.142180,-18.897131
392,-16.297963,-16.142699,-18.885919
393,-16.300418,-16.143684,-18.885171
394,-16.298288,-16.141016,-18.884948
395,-16.296724,-16.142183,-18.883820
396,-16.299890,-16.143073,-18.879911
397,-16.301679,-16.145276,-18.872951
398,-16.300911,-16.143822,-18.871959
399,-16.300398,-16.145146,-18.864233
400,-16.300700,-16.145765,-18.868680
401,-16.300625,-16.143875,-18.870470
402,-16.301484,-16.143646,-18.865678
403,-16.300104,-16.144644,-18.862932
404,-16.302151,-16.141278,-18.859988
405,-16.302350,-16.143506,-18.860017
406,-16.302462,-16.143520,-18.857496
407,-16.300097,-16.141843,-18.848113
408,-16.299701,-16.141762,-18.844392
409,-16.298476,-16.143577,-18.841984
410,-16.298852,-16.142050,-18.840374
411,-16.299070,-16.140757,-18.837885
412,-16.299256,-16.141624,-18.832244
413,-16.301578,-16.140158,-18.827059
414,-16.300564,-16.139656,-18.823693
415,-16.301322,-16.140258,-18.816796
416,-16.300391,-16.137318,-18.817193
417,-16.302278,-16.139776,-18.812248
418,-16.301833,-16.143136,-18.806444
419,-16.301742,-16.141829,-18.805534
420,-16.303368,-16.144309,-18.803146
421,-16.302355,-16.143599,-18.804497
422,-16.300793,-16.143172,-18.797428
423,-16.298888,-16.140906,-18.793454
424,-16.295290,-16.140136,-18.797259
425,-16.290078,-16.140038,-18.794504
426,-16.282753,-16.139370,-18.795486
427,-16.279275,-16.139713,-18.788329
428,-16.279281,-16.137689,-18.790718
429,-16.282445,-16.137661,-18.790791
430,-16.280644,-16.139898,-18.785726
431,-16.281414,-16.138596,-18.783774
432,-16.281823,-16.138507,-18.780978
433,-16.281347,-16.140209,-18.776121
434,-16.284181,-16.138901,-18.773123
435,-16.283515,-16.140229,-18.770938
436,-16.283856,-16.140386,-18.765052
437,-16.283631,-16.141227,-18.759754
438,-16.282325,-16.139646,-18.761313
439,-16.283218,-16.139072,-18.765164
440,-16.286020,-16.139729,-18.762810
441,-16.283919,-16.140045,-18.759134
442,-16.286302,-16.140390,-18.754193
443,-16.285865,-16.140280,-18.752098
444,-16.284067,-16.139770,-18.750770
445,-16.286939,-16.141989,-18.749773
446,-16.288768,-16.142041,-18.743708
447,-16.286690,-16.138237,-18.740124
448,-16.287257,-16.139306,-18.737054
449,-16.289164,-16.138027,-18.733147
450,-16.292256,-16.137530,-18.731333
451,-16.289857,-16.140479,-18.723669
452,-16.289630,-16.141283,-18.726686
453,-16.289617,-16.139437,-18.724162
454,-16.290565,-16.138274,-18.722614
455,-16.289406,-16.138022,-18.714752
456,-16.290939,-16.139764,-18.718211
457,-16.292236,-16.140496,-18.714890
458,-16.292615,-16.138993,-18.713616
459,-16.293609,-16.138679,-18.713655
460,-16.290932,-16.136098,-18.712460
461,-16.292480,-16.133714,-18.708400
462,-16.291018,-16.134199,-18.705124
463,-16.292468,-16.139868,-18.700161
464,-16.292118,-16.140217,-18.698326
465,-16.290192,-16.140376,-18.694553
466,-16.292699,-16.141668,-18.693808
467,-16.290257,-16.142441,-18.694601
468,-16.289862,-16.139099,-18.698244
469,-16.288504,-16.142247,-18.689078
470,-16.289363,-16.140288,-18.685632
471,-16.290307,-16.139559,-18.681763
472,-16.292070,-16.137263,-18.683528
473,-16.292492,-16.138887,-18.674855
474,-16.293165,-16.137625,-18.676197
475,-16.293800,-16.139955,-18.675831
476,-16.293465,-16.138732,-18.672257
477,-16.294898,-16.137149,-18.675795
478,-16.294738,-16.138642,-18.671141
479,-16.295012,-16.136888,-18.668573
480,-16.294372,-16.139415,-18.661327
481,-16.293807,-16.138120,-18.659865
482,-16.292830,-16.138358,-18.660076
483,-16.292974,-16.137784,-18.655371
484,-16.293181,-16.136723,-18.651224
485,-16.292383,-16.137266,-18.650003
486,-16.291768,-16.137361,-18.645544
487,-16.291425,-16.139423,-18.645344
488,-16.291973,-16.137426,-18.643814
489,-16.294129,-16.138015,-18.642723
490,-16.296653,-16.139303,-18.637742
491,-16.297535,-16.137783,-18.634379
492,-16.297924,-16.134237,-18.633658
493,-16.297135,-16.135312,-18.635674
494,-16.297837,-16.140359,-18.629376
495,-16.298958,-16.137790,-18.627774
496,-16.297656,-16.135156,-18.624261
497,-16.296355,-16.132380,-18.621889
498,-16.296631,-16.134968,-18.620726
499,-16.297460,-16.129863,-18.613749
500,-16.297085,-16.130753,-18.607876
501,-16.298846,-16.130684,-18.605287
502,-16.299891,-16.132346,-18.603529
503,-16.297631,-16.132742,-18.601746
504,-16.299992,-16.130915,-18.602767
505,-16.298515,-16.129146,-18.607074
506,-16.300620,-16.129359,-18.601313
507,-16.298629,-16.130027,-18.594677
508,-16.300342,-16.127706,-18.595374
509,-16.299162,-16.126743,-18.590038
510,-16.299971,-16.126417,-18.586709
511,-16.301065,-16.127719,-18.581106
512,-16.300016,-16.130887,-18.577007
513,-16.301092,-16.127640,-18.570871
514,-16.298917,-16.129346,-18.571059
515,-16.300913,-16.132374,-18.565290
516,-16.300276,-16.130235,-18.566881
517,-16.302325,-16.128797,-18.566691
518,-16.300136,-16.128929,-18.568135
519,-16.299368,-16.128752,-18.569068
520,-16.300321,-16.130205,-18.562395
521,-16.301951,-16.129153,-18.560315
522,-16.302788,-16.129471,-18.561983
523,-16.301626,-16.130544,-18.561338
524,-16.303570,-16.130562,-18.558005
525,-16.302989,-16.131603,-18.549134
526,-16.305661,-16.130640,-18.550503
527,-16.306522,-16.129165,-18.549355
528,-16.303291,-16.128947,-18.544269
529,-16.305039,-16.129654,-18.544666
530,-16.307556,-16.129716,-18.542208
531,-16.310978,-16.129707,-18.544380
532,-16.310130,-16.129968,-18.541003
533,-16.309347,-16.127957,-18.537161
534,-16.309525,-16.128704,-18.539068
535,-16.308698,-16.128733,-18.535292
536,-16.308379,-16.127103,-18.535927
537,-16.309154,-16.125760,-18.535357
538,-16.307109,-16.127459,-18.530991
539,-16.306761,-16.127237,-18.521805
540,-16.307715,-16.127105,-18.519870
541,-16.307863,-16.129135,-18.522243
542,-16.307010,-16.130099,-18.515902
543,-16.308627,-16.129486,-18.513363
544,-16.306164,-16.129017,-18.514006
545,-16.304201,-16.126128,-18.513535
546,-16.306397,-16.125696,-18.509801
547,-16.306780,-16.124931,-18.510666
548,-16.307911,-16.126231,-18.506765
549,-16.308389,-16.126955,-18.504066
550,-16.306927,-16.126728,-18.498938
551,-16.309636,-16.128709,-18.499016
552,-16.309239,-16.127452,-18.492478
553,-16.309133,-16.127072,-18.494556
554,-16.307811,-16.124986,-18.496144
555,-16.307509,-16.126551,-18.495269
556,-16.306426,-16.126463,-18.489732
557,-16.308374,-16.126158,-18.487696
558,-16.309573,-16.124884,-18.484958
559,-16.306411,-16.124712,-18.482610
560,-16.308185,-16.125365,-18.484035
561,-16.308993,-16.128060,-18.476857
562,-16.307188,-16.130869,-18.480929
563,-16.306740,-16.130152,-18.478841
564,-16.308842,-16.128025,-18.477234
565,-16.308846,-16.127428,-18.475294
566,-16.309651,-16.127890,-18.470725
567,-16.313869,-16.128838,-18.472017
568,-16.313580,-16.127355,-18.464449
569,-16.313597,-16.126111,-18.462243
570,-16.314387,-16.127804,-18.457761
571,-16.314139,-16.128661,-18.455693
572,-16.314534,-16.128028,-18.457564
573,-16.314126,-16.127875,-18.458837
574,-16.313130,-16.125231,-18.455047
575,-16.314105,-16.123734,-18.452616
576,-16.314782,-16.125224,-18.453268
577,-16.314957,-16.123492,-18.451564
578,-16.315381,-16.124579,-18.452461
579,-16.315278,-16.124110,-18.449162
580,-16.317282,-16.122066,-18.445432
581,-16.315677,-16.122929,-18.445756
582,-16.316255,-16.120950,-18.444963
583,-16.317258,-16.126580,-18.437608
584,-16.318668,-16.128691,-18.431180
585,-16.317533,-16.127029,-18.432456
586,-16.318405,-16.129206,-18.427439
587,-16.318051,-16.126491,-18.423629
588,-16.317970,-16.125195,-18.425918
589,-16.318240,-16.126956,-18.424513
590,-16.318581,-16.128178,-18.421325
591,-16.319549,-16.129354,-18.421034
592,-16.317375,-16.127319,-18.417880
593,-16.319347,-16.128421,-18.414561
594,-16.316822,-16.130394,-18.414311
595,-16.317562,-16.130298,-18.407807
596,-16.317750,-16.130594,-18.402233
597,-16.318511,-16.128281,-18.405328
598,-16.317780,-16.128167,-18.403002
599,-16.315772,-16.128034,-18.397482
600,-16.318153,-16.127640,-18.395834
601,-16.317399,-16.128099,-18.397588
602,-16.317436,-16.128407,-18.395208
603,-16.315877,-16.128834,-18.394050
604,-16.318685,-16.131179,-18.395237
605,-16.318860,-16.132570,-18.400650
606,-16.317978,-16.130910,-18.390635
607,-16.318709,-16.131134,-18.388276
608,-16.315938,-16.132900,-18.385310
609,-16.313688,-16.132258,-18.384080
610,-16.317262,-16.130327,-18.383861
611,-16.317763,-16.131450,-18.379486
612,-16.317890,-16.131099,-18.375389
613,-16.317777,-16.130745,-18.374864
614,-16.318548,-16.128364,-18.374413
615,-16.317607,-16.130130,-18.372046
616,-16.317880,-16.130435,-18.371405
617,-16.318545,-16.130819,-18.372918
618,-16.317564,-16.130796,-18.369152
619,-16.319193,-16.130323,-18.369313
620,-16.320236,-16.129162,-18.371501
621,-16.318817,-16.130962,-18.366895
622,-16.319513,-16.131863,-18.367361
623,-16.321398,-16.132151,-18.366502
624,-16.320646,-16.132907,-18.362610
625,-16.321146,-16.131999,-18.363809
626,-16.322319,-16.130782,-18.359682
627,-16.321459,-16.129019,-18.356700
628,-16.321885,-16.130340,-18.358008
629,-16.322222,-16.132765,-18.357402
630,-16.322090,-16.134781,-18.355817
631,-16.321685,-16.133289,-18.348158
632,-16.324883,-16.132037,-18.342087
633,-16.326923,-16.134341,-18.341980
634,-16.325926,-16.132072,-18.339250
635,-16.325298,-16.130790,-18.340975
636,-16.325614,-16.131673,-18.338997
637,-16.325271,-16.130335,-18.337831
638,-16.326234,-16.131514,-18.337300
639,-16.326124,-16.133497,-18.335559
640,-16.324686,-16.136071,-18.332452
641,-16.324453,-16.135720,-18.328101
642,-16.325915,-16.133863,-18.323903
643,-16.327225,-16.135005,-18.326073
644,-16.328352,-16.131551,-18.323884
645,-16.326981,-16.131587,-18.325787
646,-16.324885,-16.132143,-18.314538
647,-16.325740,-16.133129,-18.315242
648,-16.327139,-16.134553,-18.322148
649,-16.328787,-16.136475,-18.322114
650,-16.326630,-16.135808,-18.314860
651,-16.327436,-16.136356,-18.314623
652,-16.328662,-16.137181,-18.308160
653,-16.326473,-16.136048,-18.307673
654,-16.325894,-16.134442,-18.303866
655,-16.326486,-16.133726,-18.299826
656,-16.325875,-16.137955,-18.298894
657,-16.326923,-16.135327,-18.302828
658,-16.326731,-16.134687,-18.301033
659,-16.328894,-16.135000,-18.297510
660,-16.327726,-16.133040,-18.296500
661,-16.325112,-16.130580,-18.293326
662,-16.325440,-16.130130,-18.288934
663,-16.330262,-16.131276,-18.289119
664,-16.331580,-16.134207,-18.285460
665,-16.332464,-16.133980,-18.284226
666,-16.332049,-16.130287,-18.282859
667,-16.328801,-16.126096,-18.277782
668,-16.327603,-16.127844,-18.275233
669,-16.328554,-16.127675,-18.274650
670,-16.328466,-16.127977,-18.272192
671,-16.331022,-16.127934,-18.270976
672,-16.331644,-16.128372,-18.267434
673,-16.328053,-16.126665,-18.266422
674,-16.328950,-16.130726,-18.261691
675,-16.330440,-16.128616,-18.261783
676,-16.328356,-16.129330,-18.256782
677,-16.328571,-16.131469,-18.256580
678,-16.328513,-16.131205,-18.253005
679,-16.326198,-16.129211,-18.248552
680,-16.325917,-16.127824,-18.250240
681,-16.325371,-16.126177,-18.248982
682,-16.326235,-16.127262,-18.255292
683,-16.326412,-16.127574,-18.255358
684,-16.324637,-16.126356,-18.249241
685,-16.328003,-16.128598,-18.250765
686,-16.329728,-16.129517,-18.248064
687,-16.330119,-16.132857,-18.244990
688,-16.330178,-16.133891,-18.245713
689,-16.329730,-16.133694,-18.239011
690,-16.331666,-16.131724,-18.243010
691,-16.330852,-16.131958,-18.240417
692,-16.332034,-16.129201,-18.239532
693,-16.335110,-16.131197,-18.237844
694,-16.332661,-16.132865,-18.239815
695,-16.332486,-16.131181,-18.241085
696,-16.332381,-16.131921,-18.232847
697,-16.333739,-16.133955,-18.233493
698,-16.333707,-16.133941,-18.229638
699,-16.333935,-16.136068,-18.222528
700,-16.335049,-16.129844,-18.221115
701,-16.333733,-16.130607,-18.218252
702,-16.334313,-16.129522,-18.219766
703,-16.333825,-16.130109,-18.222264
704,-16.334462,-16.129072,-18.222164
705,-16.333495,-16.131283,-18.214809
706,-16.333835,-16.134124,-18.220544
707,-16.334728,-16.134196,-18.217645
708,-16.335965,-16.135577,-18.215039
709,-16.337801,-16.133377,-18.215929
710,-16.338138,-16.133028,-18.218934
711,-16.336314,-16.133701,-18.213777
712,-16.337002,-16.132016,-18.210254
713,-16.337534,-16.132334,-18.208113
714,-16.338590,-16.134942,-18.206444
715,-16.334553,-16.134734,-18.207765
716,-16.335099,-16.134632,-18.204890
717,-16.336240,-16.133356,-18.207416
718,-16.335715,-16.132996,-18.202307
719,-16.335749,-16.136680,-18.200819
720,-16.333705,-16.134763,-18.197576
721,-16.334663,-16.132899,-18.197744
722,-16.336339,-16.133066,-18.198695
723,-16.336410,-16.135166,-18.197378
724,-16.335226,-16.131792,-18.195163
725,-16.336163,-16.132726,-18.190929
726,-16.337402,-16.135351,-18.190018
727,-16.338211,-16.134547,-18.192818
728,-16.337666,-16.133586,-18.191284
729,-16.335059,-16.134730,-18.187943
730,-16.334701,-16.137718,-18.180855
731,-16.336981,-16.136840,-18.177488
732,-16.336828,-16.137821,-18.181381
733,-16.340434,-16.138407,-18.183927
734,-16.339302,-16.138237,-18.184964
735,-16.337710,-16.136113,-18.175136
736,-16.338588,-16.136083,-18.176926
737,-16.338698,-16.136017,-18.176367
738,-16.337297,-16.135949,-18.177684
739,-16.336149,-16.138616,-18.178414
740,-16.338342,-16.137924,-18.178498
741,-16.338387,-16.140794,-18.179151
742,-16.336044,-16.139988,-18.174352
743,-16.335886,-16.141656,-18.165188
744,-16.334821,-16.142127,-18.171117
745,-16.337504,-16.141569,-18.169512
746,-16.337808,-16.143554,-18.169590
747,-16.338283,-16.143851,-18.163855
748,-16.335580,-16.141567,-18.160921
749,-16.336590,-16.138962,-18.162642
750,-16.334178,-16.138084,-18.162121
751,-16.337525,-16.136989,-18.153003
752,-16.337907,-16.136450,-18.156663
753,-16.337116,-16.138098,-18.157890
754,-16.337993,-16.138763,-18.154901
755,-16.338787,-16.141337,-18.152587
756,-16.338258,-16.142270,-18.151905
757,-16.339123,-16.142476,-18.155527
758,-16.334974,-16.140359,-18.153219
759,-16.337156,-16.139455,-18.148506
760,-16.338106,-16.138451,-18.143475
761,-16.338070,-16.143113,-18.145056
762,-16.338651,-16.141884,-18.145462
763,-16.339593,-16.141741,-18.144722
764,-16.341829,-16.139403,-18.141549
765,-16.340651,-16.138715,-18.142565
766,-16.340797,-16.140993,-18.142928
767,-16.338895,-16.139649,-18.137533
768,-16.338888,-16.138146,-18.133197
769,-16.341971,-16.139213,-18.132367
770,-16.340812,-16.139897,-18.135059
771,-16.339908,-16.140773,-18.128216
772,-16.338439,-16.141339,-18.125069
773,-16.340912,-16.139493,-18.129226
774,-16.341012,-16.139689,-18.123675
775,-16.341292,-16.140871,-18.125058
776,-16.340885,-16.140789,-18.121853
777,-16.342410,-16.145934,-18.124575
778,-16.342199,-16.146907,-18.122442
779,-16.341655,-16.146451,-18.125986
780,-16.342900,-16.141480,-18.123819
781,-16.343072,-16.140074,-18.126981
782,-16.344610,-16.140419,-18.121620
783,-16.344187,-16.143286,-18.124712
784,-16.344744,-16.142865,-18.121556
785,-16.344999,-16.142915,-18.121621
786,-16.343763,-16.143884,-18.119342
787,-16.344750,-16.142842,-18.116553
788,-16.344552,-16.144280,-18.115938
789,-16.346360,-16.144283,-18.112451
790,-16.347506,-16.143626,-18.113179
791,-16.344740,-16.144594,-18.109132
792,-16.344144,-16.146000,-18.113493
793,-16.348286,-16.145728,-18.108565
794,-16.348399,-16.144855,-18.107757
795,-16.349660,-16.144487,-18.106571
796,-16.351293,-16.146915,-18.104469
797,-16.350782,-16.148576,-18.105846
798,-16.351010,-16.148003,-18.104395
799,-16.349090,-16.144959,-18.105310
800,-16.348584,-16.146569,-18.100271
801,-16.349507,-16.146504,-18.100827
802,-16.346326,-16.148084,-18.100596
803,-16.345941,-16.145253,-18.101307
804,-16.346545,-16.147580,-18.100795
805,-16.347839,-16.146654,-18.103039
806,-16.348797,-16.146408,-18.101612
807,-16.349467,-16.145157,-18.097942
808,-16.347510,-16.143367,-18.097792
809,-16.347365,-16.144419,-18.093880
810,-16.347532,-16.142331,-18.095902
811,-16.347992,-16.142466,-18.090518
812,-16.348461,-16.143330,-18.087797
813,-16.349313,-16.144227,-18.087758
814,-16.351247,-16.144805,-18.091057
815,-16.352129,-16.145882,-18.090390
816,-16.351295,-16.147385,-18.088528
817,-16.352310,-16.149093,-18.086444
818,-16.353559,-16.148918,-18.081949
819,-16.355755,-16.146602,-18.080195
820,-16.354681,-16.146870,-18.082988
821,-16.356605,-16.147545,-18.082558
822,-16.355742,-16.148445,-18.081806
823,-16.356914,-16.147990,-18.076411
824,-16.357775,-16.147892,-18.079718
825,-16.357998,-16.149726,-18.073801
826,-16.355446,-16.150816,-18.071471
827,-16.356896,-16.151785,-18.074582
828,-16.355270,-16.152456,-18.071124
829,-16.355367,-16.148190,-18.073751
830,-16.355671,-16.149045,-18.072806
831,-16.355183,-16.150401,-18.070737
832,-16.355269,-16.152460,-18.068376
833,-16.356611,-16.152253,-18.071115
834,-16.356110,-16.151278,-18.068734
835,-16.355226,-16.151141,-18.066695
836,-16.354585,-16.150144,-18.065279
837,-16.355327,-16.150764,-18.061746
838,-16.354606,-16.151984,-18.055997
839,-16.354653,-16.149471,-18.058904
840,-16.355609,-16.149683,-18.060271
841,-16.356663,-16.151699,-18.060693
842,-16.356761,-16.152112,-18.059798
843,-16.355964,-16.150479,-18.055109
844,-16.356243,-16.149288,-18.053785
845,-16.356348,-16.148430,-18.057978
846,-16.356261,-16.149141,-18.056468
847,-16.358997,-16.151160,-18.051358
848,-16.358721,-16.153512,-18.052759
849,-16.357587,-16.154558,-18.048867
850,-16.357672,-16.153779,-18.047321
851,-16.358056,-16.154143,-18.048434
852,-16.358389,-16.152812,-18.053827
853,-16.359291,-16.150570,-18.049252
854,-16.360647,-16.152948,-18.049206
855,-16.361281,-16.152271,-18.049256
856,-16.362464,-16.149758,-18.046627
857,-16.361420,-16.152001,-18.046564
858,-16.358314,-16.151347,-18.046993
859,-16.359606,-16.149069,-18.047465
860,-16.360378,-16.149348,-18.044109
861,-16.362852,-16.151491,-18.039918
862,-16.363258,-16.149562,-18.037655
863,-16.363455,-16.152716,-18.036340
864,-16.362611,-16.152234,-18.035779
865,-16.364551,-16.154232,-18.028548
866,-16.361017,-16.156065,-18.032856
867,-16.362692,-16.153330,-18.033644
868,-16.364393,-16.153219,-18.029261
869,-16.364110,-16.154342,-18.025848
870,-16.363077,-16.153946,-18.030337
871,-16.362635,-16.153997,-18.028067
872,-16.363634,-16.154293,-18.025121
873,-16.364362,-16.155707,-18.026147
874,-16.363362,-16.154493,-18.025322
875,-16.364195,-16.153668,-18.030653
876,-16.364756,-16.153053,-18.032664
877,-16.365602,-16.151832,-18.030068
878,-16.367416,-16.152971,-18.031609
879,-16.367143,-16.154144,-18.028566
880,-16.368511,-16.151834,-18.029115
881,-16.366261,-16.151850,-18.024795
882,-16.365142,-16.152505,-18.024269
883,-16.366189,-16.151441,-18.024571
884,-16.367303,-16.152311,-18.020376
885,-16.367290,-16.153110,-18.018653
886,-16.369459,-16.152865,-18.017086
887,-16.367662,-16.156117,-18.017176
888,-16.366831,-16.157151,-18.020384
889,-16.368039,-16.156637,-18.012912
890,-16.367405,-16.152699,-18.016051
891,-16.366955,-16.153195,-18.013349
892,-16.364503,-16.156146,-18.013475
893,-16.365274,-16.155184,-18.016424
894,-16.365250,-16.154726,-18.012550
895,-16.366920,-16.156334,-18.010246
896,-16.368068,-16.156978,-18.007923
897,-16.365401,-16.157491,-18.005149
898,-16.367103,-16.156994,-18.001362
899,-16.367508,-16.155733,-18.003162
900,-16.364020,-16.155674,-18.005516
901,-16.365953,-16.156398,-18.003518
902,-16.367833,-16.156028,-18.003815
903,-16.367715,-16.153979,-17.998736
904,-16.367479,-16.156010,-18.001871
905,-16.369521,-16.157591,-17.999442
906,-16.366390,-16.157163,-17.999546
907,-16.366568,-16.156935,-17.998439
908,-16.367365,-16.157827,-17.998323
909,-16.366003,-16.156850,-17.997341
910,-16.364942,-16.155297,-17.998448
911,-16.365127,-16.155937,-17.997341
912,-16.366359,-16.156559,-17.994668
913,-16.367219,-16.158802,-17.992475
914,-16.368916,-16.158886,-17.990508
915,-16.368298,-16.159459,-17.992985
916,-16.369941,-16.158033,-17.992569
917,-16.371111,-16.156129,-17.989138
918,-16.371023,-16.156169,-17.988742
919,-16.370020,-16.158821,-17.991021
920,-16.370252,-16.158105,-17.984154
921,-16.369944,-16.158684,-17.981666
922,-16.368334,-16.157472,-17.981663
923,-16.366841,-16.157297,-17.982231
924,-16.369626,-16.159033,-17.984917
925,-16.369044,-16.160998,-17.983480
926,-16.370671,-16.161599,-17.985036
927,-16.370895,-16.161404,-17.976969
928,-16.371345,-16.157294,-17.982846
929,-16.372531,-16.157449,-17.980793
930,-16.371679,-16.154118,-17.980535
931,-16.372569,-16.156034,-17.988107
932,-16.372243,-16.155854,-17.983518
933,-16.371266,-16.157025,-17.985305
934,-16.372904,-16.157520,-17.984054
935,-16.370321,-16.160364,-17.982874
936,-16.371588,-16.162332,-17.982865
937,-16.372761,-16.157802,-17.982087
938,-16.372175,-16.158230,-17.976535
939,-16.374459,-16.161081,-17.977435
940,-16.375177,-16.158500,-17.977433
941,-16.373296,-16.159055,-17.974043
942,-16.373937,-16.159628,-17.971951
943,-16.375594,-16.159280,-17.967731
944,-16.374851,-16.162245,-17.972325
945,-16.375097,-16.160830,-17.971009
946,-16.374583,-16.164367,-17.970723
947,-16.377337,-16.165729,-17.969938
948,-16.376453,-16.166496,-17.963279
949,-16.377455,-16.165141,-17.966671
950,-16.377593,-16.163354,-17.968742
951,-16.379361,-16.161705,-17.967799
952,-16.377210,-16.163699,-17.961768
953,-16.375155,-16.163175,-17.961830
954,-16.375358,-16.164677,-17.959671
955,-16.375868,-16.162907,-17.961183
956,-16.374907,-16.160160,-17.961528
957,-16.376431,-16.158676,-17.957727
958,-16.378210,-16.160076,-17.961557
959,-16.378117,-16.162155,-17.956811
960,-16.378123,-16.161530,-17.957355
961,-16.375910,-16.163065,-17.957060
962,-16.376937,-16.162291,-17.952891
963,-16.375297,-16.162369,-17.952666
964,-16.374580,-16.163257,-17.951538
965,-16.375186,-16.162234,-17.951458
966,-16.376609,-16.162785,-17.949832
967,-16.377082,-16.163450,-17.951075
968,-16.375418,-16.163381,-17.952743
969,-16.375483,-16.164326,-17.948563
970,-16.375150,-16.165580,-17.943595
971,-16.376234,-16.163338,-17.941359
972,-16.375749,-16.162589,-17.940540
973,-16.377149,-16.161284,-17.945514
974,-16.375617,-16.160466,-17.943149
975,-16.376118,-16.161403,-17.940818
976,-16.376307,-16.163107,-17.941998
977,-16.376665,-16.165740,-17.943546
978,-16.377104,-16.165712,-17.943813
979,-16.376936,-16.168220,-17.947483
980,-16.377921,-16.167497,-17.944066
981,-16.379105,-16.166930,-17.941771
982,-16.375843,-16.164494,-17.940597
983,-16.376939,-16.162811,-17.939443
984,-16.377221,-16.163123,-17.940527
985,-16.379806,-16.164166,-17.941284
986,-16.377382,-16.165219,-17.940163
987,-16.378794,-16.164761,-17.938282
988,-16.378157,-16.166477,-17.934894
989,-16.376945,-16.163860,-17.935315
990,-16.378039,-16.166051,-17.930769
991,-16.379895,-16.167271,-17.928669
992,-16.380354,-16.169037,-17.932456
993,-16.381333,-16.165937,-17.932467
994,-16.380404,-16.166827,-17.931206
995,-16.380848,-16.164958,-17.933906
996,-16.382313,-16.163427,-17.930863
997,-16.384366,-16.165127,-17.932048
998,-16.385234,-16.163482,-17.930653
999,-16.384542,-16.164444,-17.931578
1000,-16.382300,-16.164218,-17.932286
