Epoch,chi_Mean_0.25,chi_Mean_1.0,chi_Mean_4.0
1,-40.408209,-36.858182,-65.511198
2,-27.618728,-26.195713,-51.821485
3,-24.665166,-23.320898,-46.178367
4,-23.389792,-22.011053,-43.352152
5,-22.591741,-21.265893,-41.710578
6,-22.160081,-20.838731,-40.547988
7,-21.878734,-20.538915,-39.719701
8,-21.638429,-20.404763,-39.029270
9,-21.585925,-20.364645,-38.505651
10,-21.648047,-20.355893,-38.075945
11,-21.706476,-20.353592,-37.729198
12,-21.738693,-20.353493,-37.424203
13,-21.766631,-20.351302,-37.159854
14,-21.775878,-20.337999,-36.916192
15,-21.786120,-20.311123,-36.708371
16,-21.784432,-20.270784,-36.537458
17,-21.766721,-20.233933,-36.339310
18,-21.746945,-20.210289,-36.186297
19,-21.726474,-20.165817,-36.028485
20,-21.699980,-20.120105,-35.881499
21,-21.664725,-20.092121,-35.733979
22,-21.630449,-20.037679,-35.580835
23,-21.601611,-19.980274,-35.452070
24,-21.551620,-19.950463,-35.299411
25,-21.505764,-19.909078,-35.161366
26,-21.462770,-19.876786,-35.043525
27,-21.411224,-19.830286,-34.909902
28,-21.375735,-19.786971,-34.805264
29,-21.344423,-19.747371,-34.679135
30,-21.288694,-19.709610,-34.572847
31,-21.245694,-19.672040,-34.468424
32,-21.205747,-19.631687,-34.346728
33,-21.155455,-19.587677,-34.240094
34,-21.111593,-19.562595,-34.131880
35,-21.059408,-19.527228,-34.026073
36,-21.034070,-19.502896,-33.921439
37,-20.974451,-19.472412,-33.830651
38,-20.923036,-19.441661,-33.724205
39,-20.880925,-19.414218,-33.635609
40,-20.833524,-19.384656,-33.551575
41,-20.804890,-19.348157,-33.458315
42,-20.771993,-19.315560,-33.363531
43,-20.734910,-19.292043,-33.292346
44,-20.688720,-19.272692,-33.197176
45,-20.639915,-19.257558,-33.125511
46,-20.604003,-19.232937,-33.022428
47,-20.584074,-19.215184,-32.942913
48,-20.552731,-19.192713,-32.848909
49,-20.523712,-19.168773,-32.773662
50,-20.491187,-19.155379,-32.694081
51,-20.462276,-19.137026,-32.624812
52,-20.435999,-19.131971,-32.535602
53,-20.398492,-19.105199,-32.461399
54,-20.360538,-19.089917,-32.376663
55,-20.338560,-19.074119,-32.321296
56,-20.303554,-19.066308,-32.230019
57,-20.276396,-19.052126,-32.159907
58,-20.256461,-19.029695,-32.098394
59,-20.238779,-19.013386,-32.007962
60,-20.211294,-18.992968,-31.941202
61,-20.179646,-18.988635,-31.868549
62,-20.167759,-18.975684,-31.811660
63,-20.151256,-18.968815,-31.742821
64,-20.119593,-18.953733,-31.675111
65,-20.094005,-18.934214,-31.609753
66,-20.079710,-18.921379,-31.545101
67,-20.077659,-18.900710,-31.505151
68,-20.056315,-18.898650,-31.438121
69,-20.042923,-18.879223,-31.362642
70,-20.017176,-18.869784,-31.279003
71,-20.000684,-18.858391,-31.226564
72,-19.992658,-18.850834,-31.168472
73,-19.982935,-18.828713,-31.107224
74,-19.966677,-18.814426,-31.051531
75,-19.950475,-18.798749,-31.000987
76,-19.928380,-18.793331,-30.950812
77,-19.915820,-18.767192,-30.895899
78,-19.908966,-18.757096,-30.852173
79,-19.885419,-18.737792,-30.786157
80,-19.870106,-18.724813,-30.734563
81,-19.854783,-18.709677,-30.674499
82,-19.843439,-18.698888,-30.650354
83,-19.833500,-18.695841,-30.614614
84,-19.831415,-18.675407,-30.561668
85,-19.818778,-18.661061,-30.509876
86,-19.804291,-18.658065,-30.481951
87,-19.796318,-18.635098,-30.436838
88,-19.777475,-18.622105,-30.384251
89,-19.768383,-18.613164,-30.345703
90,-19.754177,-18.602256,-30.293843
91,-19.732740,-18.596792,-30.244981
92,-19.721807,-18.577832,-30.231065
93,-19.712940,-18.563645,-30.161568
94,-19.696783,-18.549263,-30.131493
95,-19.678372,-18.527557,-30.075902
96,-19.680553,-18.525573,-30.039893
97,-19.669365,-18.504438,-30.009650
98,-19.658531,-18.490941,-29.957742
99,-19.655612,-18.480680,-29.921275
100,-19.653420,-18.471380,-29.878060
101,-19.647134,-18.460678,-29.838730
102,-19.646146,-18.457228,-29.798748
103,-19.644956,-18.448858,-29.766389
104,-19.644803,-18.430839,-29.732543
105,-19.637406,-18.422531,-29.672681
106,-19.631601,-18.406359,-29.641226
107,-19.633437,-18.410065,-29.618094
108,-19.616451,-18.392151,-29.573210
109,-19.607288,-18.376622,-29.540795
110,-19.608167,-18.359376,-29.501253
111,-19.601724,-18.345125,-29.478790
112,-19.602472,-18.343733,-29.430514
113,-19.595099,-18.331130,-29.400869
114,-19.585913,-18.323403,-29.360878
115,-19.573565,-18.310873,-29.329523
116,-19.566656,-18.288408,-29.299128
117,-19.547517,-18.278359,-29.274000
118,-19.520158,-18.276615,-29.233663
119,-19.517534,-18.265995,-29.197781
120,-19.494101,-18.258393,-29.160080
121,-19.468136,-18.242111,-29.125243
122,-19.463781,-18.234148,-29.108839
123,-19.435484,-18.230363,-29.069810
124,-19.414828,-18.218504,-29.036080
125,-19.404662,-18.204473,-29.012690
126,-19.384625,-18.198680,-28.976997
127,-19.355046,-18.184511,-28.935915
128,-19.354847,-18.176285,-28.899186
129,-19.326582,-18.165402,-28.870321
130,-19.307699,-18.160327,-28.845187
131,-19.283054,-18.154959,-28.831029
132,-19.268354,-18.142255,-28.786450
133,-19.252227,-18.132542,-28.762744
134,-19.233609,-18.131621,-28.727075
135,-19.218604,-18.105114,-28.702177
136,-19.203169,-18.102537,-28.668696
137,-19.177683,-18.095077,-28.627928
138,-19.163913,-18.089185,-28.605845
139,-19.143008,-18.087899,-28.566614
140,-19.132962,-18.076390,-28.540655
141,-19.111851,-18.072192,-28.513204
142,-19.091707,-18.062749,-28.483764
143,-19.075899,-18.045101,-28.446408
144,-19.056719,-18.036020,-28.419991
145,-19.042863,-18.041818,-28.385536
146,-19.028652,-18.031430,-28.373028
147,-19.006057,-18.021158,-28.345014
148,-19.000611,-18.004259,-28.327132
149,-18.980707,-18.011279,-28.287060
150,-18.960704,-18.006265,-28.265830
151,-18.951771,-18.009010,-28.250397
152,-18.936189,-17.993922,-28.218659
153,-18.922804,-17.992964,-28.179471
154,-18.908359,-17.984516,-28.154085
155,-18.885039,-17.969920,-28.118542
156,-18.882983,-17.964173,-28.086758
157,-18.870030,-17.963621,-28.054348
158,-18.852305,-17.955485,-28.033871
159,-18.835210,-17.949198,-28.008186
160,-18.817003,-17.948366,-27.977779
161,-18.807463,-17.930526,-27.933171
162,-18.799657,-17.916473,-27.908133
163,-18.788731,-17.916722,-27.901503
164,-18.772334,-17.924642,-27.883664
165,-18.769527,-17.906311,-27.845624
166,-18.752244,-17.910280,-27.815742
167,-18.748201,-17.910111,-27.810447
168,-18.726465,-17.903667,-27.781684
169,-18.714530,-17.895785,-27.757859
170,-18.715016,-17.897977,-27.721548
171,-18.699145,-17.879776,-27.700603
172,-18.685458,-17.885908,-27.667099
173,-18.681932,-17.876139,-27.660431
174,-18.662147,-17.875845,-27.629543
175,-18.647822,-17.876192,-27.598199
176,-18.639021,-17.875121,-27.580563
177,-18.630305,-17.875406,-27.556726
178,-18.625661,-17.868729,-27.537867
179,-18.617683,-17.866014,-27.521678
180,-18.602084,-17.849799,-27.492894
181,-18.595972,-17.843342,-27.458456
182,-18.593919,-17.849717,-27.445803
183,-18.577022,-17.840575,-27.430881
184,-18.575971,-17.845024,-27.421522
185,-18.578926,-17.843405,-27.380488
186,-18.548312,-17.834479,-27.370226
187,-18.541333,-17.823674,-27.348865
188,-18.543398,-17.823252,-27.318049
189,-18.539777,-17.824905,-27.311034
190,-18.526203,-17.824342,-27.293130
191,-18.521235,-17.816589,-27.269130
192,-18.500695,-17.817989,-27.235699
193,-18.495178,-17.809348,-27.227090
194,-18.485034,-17.799561,-27.203745
195,-18.477381,-17.803806,-27.183574
196,-18.467725,-17.798980,-27.166406
197,-18.467190,-17.795755,-27.143868
198,-18.455857,-17.792141,-27.135830
199,-18.445242,-17.783775,-27.095324
200,-18.449137,-17.786185,-27.081237
201,-18.437923,-17.779222,-27.060128
202,-18.430365,-17.775601,-27.048178
203,-18.439796,-17.779791,-27.037563
204,-18.428153,-17.762217,-27.023128
205,-18.406149,-17.768400,-27.007657
206,-18.411731,-17.759795,-26.984369
207,-18.408471,-17.757952,-26.967041
208,-18.400286,-17.755507,-26.952109
209,-18.391599,-17.747989,-26.926260
210,-18.387465,-17.752508,-26.915581
211,-18.384731,-17.744320,-26.890106
212,-18.380574,-17.736408,-26.883174
213,-18.378674,-17.741439,-26.852486
214,-18.374703,-17.734843,-26.836950
215,-18.368294,-17.734453,-26.813609
216,-18.367609,-17.740318,-26.798083
217,-18.359286,-17.730806,-26.772474
218,-18.358723,-17.736133,-26.758926
219,-18.355854,-17.724560,-26.741783
220,-18.352544,-17.719094,-26.717820
221,-18.341867,-17.716115,-26.715392
222,-18.341546,-17.718947,-26.692621
223,-18.343754,-17.720487,-26.677057
224,-18.338372,-17.718281,-26.656945
225,-18.334928,-17.712331,-26.646571
226,-18.324484,-17.709876,-26.616312
227,-18.323969,-17.708356,-26.601342
228,-18.322387,-17.705847,-26.588636
229,-18.316033,-17.705676,-26.584705
230,-18.313683,-17.699962,-26.558391
231,-18.316683,-17.698012,-26.543991
232,-18.306024,-17.693015,-26.526241
233,-18.312634,-17.691640,-26.514239
234,-18.313373,-17.696588,-26.492581
235,-18.304441,-17.691244,-26.493076
236,-18.308247,-17.690379,-26.464425
237,-18.308497,-17.684170,-26.454706
238,-18.302752,-17.691738,-26.446697
239,-18.297485,-17.689876,-26.428189
240,-18.298192,-17.692040,-26.415440
241,-18.288463,-17.679419,-26.406272
242,-18.294916,-17.677235,-26.403988
243,-18.290330,-17.674925,-26.377526
244,-18.286747,-17.681574,-26.351075
245,-18.287622,-17.683423,-26.345074
246,-18.281798,-17.676982,-26.341061
247,-18.276221,-17.682887,-26.313709
248,-18.276773,-17.675150,-26.306919
249,-18.281213,-17.677267,-26.294081
250,-18.273083,-17.669486,-26.275174
251,-18.282964,-17.659711,-26.252140
252,-18.276280,-17.658111,-26.236539
253,-18.274681,-17.665220,-26.218870
254,-18.273313,-17.661409,-26.205586
255,-18.272968,-17.670481,-26.192934
256,-18.274093,-17.667923,-26.186977
257,-18.276858,-17.669177,-26.168046
258,-18.272957,-17.664059,-26.143304
259,-18.273566,-17.652941,-26.150168
260,-18.276241,-17.655245,-26.151656
261,-18.274072,-17.651636,-26.141285
262,-18.270269,-17.666986,-26.106017
263,-18.270009,-17.663919,-26.103652
264,-18.274803,-17.658331,-26.084195
265,-18.276833,-17.651789,-26.062556
266,-18.273175,-17.654728,-26.054616
267,-18.271701,-17.662150,-26.043305
268,-18.273640,-17.647379,-26.031597
269,-18.272441,-17.660559,-26.025482
270,-18.269801,-17.661490,-26.010993
271,-18.271680,-17.646551,-26.010128
272,-18.265819,-17.651388,-25.999119
273,-18.267689,-17.648227,-25.983644
274,-18.263864,-17.650900,-25.982682
275,-18.262285,-17.643366,-25.961994
276,-18.257919,-17.652029,-25.967127
277,-18.253671,-17.641202,-25.959913
278,-18.261583,-17.646369,-25.940571
279,-18.261008,-17.640900,-25.928234
280,-18.260880,-17.645155,-25.934218
281,-18.259872,-17.636112,-25.916256
282,-18.270545,-17.633914,-25.904771
283,-18.269348,-17.637357,-25.888384
284,-18.273989,-17.638885,-25.882664
285,-18.274610,-17.633956,-25.881010
286,-18.279114,-17.633676,-25.861744
287,-18.273561,-17.630787,-25.854102
288,-18.271224,-17.634220,-25.850499
289,-18.263577,-17.635568,-25.839664
290,-18.265052,-17.637672,-25.820440
291,-18.267563,-17.634950,-25.803688
292,-18.268591,-17.625118,-25.802187
293,-18.268485,-17.621422,-25.800076
294,-18.272619,-17.620205,-25.790741
295,-18.271310,-17.612599,-25.765876
296,-18.270708,-17.619060,-25.757741
297,-18.272148,-17.608514,-25.756089
298,-18.276982,-17.617067,-25.748878
299,-18.267353,-17.615457,-25.723924
300,-18.274585,-17.616734,-25.716742
301,-18.276251,-17.614089,-25.707640
302,-18.280215,-17.608649,-25.717250
303,-18.277537,-17.607777,-25.713311
304,-18.281108,-17.612235,-25.695307
305,-18.285357,-17.609951,-25.683091
306,-18.279045,-17.603975,-25.664511
307,-18.279743,-17.604502,-25.652248
308,-18.281910,-17.603890,-25.641291
309,-18.277074,-17.611996,-25.626801
310,-18.278559,-17.614603,-25.624804
311,-18.281383,-17.614174,-25.609295
312,-18.286787,-17.608047,-25.587995
313,-18.290507,-17.597122,-25.589554
314,-18.292874,-17.605168,-25.573844
315,-18.297791,-17.606293,-25.571708
316,-18.291270,-17.601283,-25.555074
317,-18.297353,-17.599075,-25.553693
318,-18.292857,-17.594127,-25.557285
319,-18.292238,-17.583024,-25.528922
320,-18.294222,-17.589045,-25.519300
321,-18.284910,-17.595538,-25.520184
322,-18.295981,-17.597649,-25.504494
323,-18.299125,-17.594910,-25.506935
324,-18.295189,-17.585242,-25.497676
325,-18.295029,-17.587537,-25.494550
326,-18.291966,-17.594227,-25.466788
327,-18.294296,-17.600387,-25.447957
328,-18.292684,-17.600204,-25.442031
329,-18.293801,-17.601150,-25.435453
330,-18.300441,-17.592650,-25.421537
331,-18.298833,-17.592619,-25.428919
332,-18.306775,-17.593564,-25.418885
333,-18.296643,-17.584966,-25.401129
334,-18.302095,-17.579901,-25.405740
335,-18.306337,-17.587519,-25.379003
336,-18.300565,-17.594285,-25.361242
337,-18.302244,-17.594363,-25.362875
338,-18.304361,-17.596003,-25.357323
339,-18.304553,-17.601488,-25.369975
340,-18.310520,-17.599465,-25.337241
341,-18.304172,-17.598368,-25.340155
342,-18.304792,-17.590640,-25.330533
343,-18.306188,-17.587257,-25.332342
344,-18.306815,-17.587362,-25.307071
345,-18.302137,-17.585589,-25.290793
346,-18.313524,-17.579033,-25.286974
347,-18.314516,-17.583990,-25.276076
348,-18.315220,-17.587733,-25.264711
349,-18.316470,-17.591041,-25.268685
350,-18.318982,-17.591046,-25.261873
351,-18.317412,-17.579862,-25.250468
352,-18.315076,-17.585473,-25.246444
353,-18.314557,-17.588101,-25.237061
354,-18.313363,-17.589661,-25.220909
355,-18.317687,-17.583704,-25.219972
356,-18.317997,-17.583972,-25.195146
357,-18.321694,-17.580930,-25.180073
358,-18.329051,-17.580970,-25.169868
359,-18.329020,-17.576951,-25.169533
360,-18.318063,-17.574849,-25.168358
361,-18.328581,-17.577872,-25.151379
362,-18.323699,-17.579481,-25.152292
363,-18.327717,-17.579710,-25.129429
364,-18.334557,-17.579942,-25.117875
365,-18.330662,-17.581591,-25.120836
366,-18.328415,-17.579780,-25.109291
367,-18.328631,-17.578155,-25.104847
368,-18.328990,-17.576860,-25.098019
369,-18.327094,-17.574746,-25.087341
370,-18.338745,-17.571659,-25.077730
371,-18.332510,-17.582054,-25.066775
372,-18.335202,-17.576174,-25.055302
373,-18.340242,-17.581437,-25.059732
374,-18.349346,-17.577441,-25.041447
375,-18.338902,-17.578290,-25.028943
376,-18.345640,-17.576187,-25.024744
377,-18.339503,-17.578886,-25.014850
378,-18.341748,-17.579427,-25.004748
379,-18.341218,-17.582154,-25.000244
380,-18.348098,-17.581464,-25.009836
381,-18.344894,-17.582429,-24.997731
382,-18.341768,-17.582015,-24.987801
383,-18.355226,-17.582379,-24.975117
384,-18.342885,-17.571359,-24.957817
385,-18.344287,-17.571971,-24.954531
386,-18.344481,-17.579674,-24.948167
387,-18.347176,-17.578649,-24.938784
388,-18.352983,-17.574912,-24.928983
389,-18.351565,-17.577499,-24.936988
390,-18.352373,-17.576909,-24.930909
391,-18.355623,-17.573872,-24.932897
392,-18.353317,-17.575892,-24.924429
393,-18.352473,-17.571687,-24.914238
394,-18.353167,-17.575196,-24.907584
395,-18.360650,-17.576328,-24.889848
396,-18.355699,-17.580788,-24.877221
397,-18.353063,-17.582291,-24.884126
398,-18.352410,-17.580094,-24.876042
399,-18.350790,-17.577611,-24.869046
400,-18.351918,-17.572281,-24.872635
401,-18.349410,-17.575162,-24.847170
402,-18.352876,-17.569400,-24.847039
403,-18.354364,-17.574230,-24.826888
404,-18.352501,-17.567710,-24.824755
405,-18.357357,-17.566254,-24.817350
406,-18.358939,-17.572519,-24.826192
407,-18.355615,-17.567711,-24.810677
408,-18.355691,-17.569208,-24.803906
409,-18.360341,-17.574893,-24.797567
410,-18.359411,-17.571456,-24.790231
411,-18.359175,-17.572250,-24.792067
412,-18.362745,-17.562364,-24.783694
413,-18.369832,-17.571040,-24.773352
414,-18.368427,-17.567807,-24.768042
415,-18.365230,-17.560794,-24.751600
416,-18.359668,-17.562510,-24.744673
417,-18.358496,-17.569782,-24.743594
418,-18.365013,-17.563149,-24.743936
419,-18.362124,-17.560785,-24.731883
420,-18.364837,-17.561766,-24.729787
421,-18.370951,-17.561342,-24.731242
422,-18.370673,-17.554067,-24.713987
423,-18.374818,-17.554208,-24.712095
424,-18.384190,-17.551409,-24.694591
425,-18.378597,-17.551889,-24.679774
426,-18.378893,-17.556060,-24.678469
427,-18.370369,-17.545845,-24.662765
428,-18.377942,-17.549975,-24.658623
429,-18.375601,-17.555708,-24.655244
430,-18.380611,-17.554040,-24.644541
431,-18.379317,-17.557320,-24.635952
432,-18.380830,-17.555275,-24.634837
433,-18.379330,-17.555735,-24.634855
434,-18.382197,-17.556711,-24.633882
435,-18.383998,-17.557361,-24.615049
436,-18.384159,-17.556809,-24.613908
437,-18.386308,-17.556109,-24.621678
438,-18.391592,-17.547014,-24.596309
439,-18.387923,-17.540736,-24.580996
440,-18.387679,-17.545449,-24.596701
441,-18.392122,-17.546417,-24.583082
442,-18.393851,-17.546604,-24.577433
443,-18.392323,-17.545468,-24.568142
444,-18.392586,-17.537094,-24.560995
445,-18.391891,-17.543473,-24.558618
446,-18.385319,-17.539738,-24.534640
447,-18.394166,-17.541117,-24.542345
448,-18.396567,-17.540397,-24.540369
449,-18.394930,-17.544517,-24.526605
450,-18.394718,-17.540984,-24.503515
451,-18.391261,-17.536538,-24.514551
452,-18.398777,-17.542323,-24.495049
453,-18.400324,-17.542841,-24.495625
454,-18.399354,-17.536961,-24.480031
455,-18.402062,-17.542061,-24.482124
456,-18.400465,-17.551150,-24.467411
457,-18.399691,-17.540607,-24.465411
458,-18.404551,-17.544167,-24.449627
459,-18.404197,-17.534291,-24.429462
460,-18.401650,-17.530293,-24.434522
461,-18.403063,-17.539728,-24.432680
462,-18.406211,-17.540030,-24.415599
463,-18.407387,-17.544349,-24.412147
464,-18.409828,-17.544170,-24.393164
465,-18.411154,-17.545255,-24.388983
466,-18.412454,-17.536981,-24.389153
467,-18.412733,-17.536330,-24.385567
468,-18.414614,-17.536782,-24.374494
469,-18.409854,-17.538915,-24.353656
470,-18.421024,-17.538694,-24.352102
471,-18.416666,-17.537333,-24.343570
472,-18.413545,-17.542771,-24.337208
473,-18.413991,-17.542445,-24.335768
474,-18.415834,-17.540270,-24.330507
475,-18.415656,-17.550275,-24.319124
476,-18.419234,-17.546469,-24.298728
477,-18.421445,-17.543162,-24.289757
478,-18.421843,-17.548904,-24.291026
479,-18.428282,-17.543007,-24.270915
480,-18.416689,-17.543167,-24.269614
481,-18.421193,-17.543760,-24.263152
482,-18.426865,-17.536165,-24.252625
483,-18.429782,-17.535277,-24.244206
484,-18.424892,-17.541152,-24.247856
485,-18.433525,-17.539227,-24.238513
486,-18.429263,-17.532908,-24.223797
487,-18.434828,-17.533032,-24.227737
488,-18.429685,-17.538342,-24.212252
489,-18.429231,-17.528706,-24.212113
490,-18.429375,-17.531102,-24.204469
491,-18.428414,-17.536494,-24.201478
492,-18.427433,-17.528209,-24.201641
493,-18.429578,-17.526559,-24.191572
494,-18.432814,-17.530056,-24.167728
495,-18.432888,-17.533340,-24.170118
496,-18.437049,-17.535974,-24.162627
497,-18.439781,-17.542413,-24.156196
498,-18.440274,-17.538030,-24.149868
499,-18.447912,-17.549745,-24.126687
500,-18.439655,-17.542726,-24.128144
501,-18.438372,-17.542069,-24.112983
502,-18.445147,-17.548590,-24.115075
503,-18.446953,-17.547002,-24.100273
504,-18.444470,-17.541381,-24.097648
505,-18.446893,-17.545293,-24.079026
506,-18.450863,-17.550141,-24.074500
507,-18.447705,-17.547824,-24.066735
508,-18.447915,-17.538266,-24.056354
509,-18.446654,-17.542178,-24.060669
510,-18.441421,-17.550763,-24.041112
511,-18.441028,-17.549045,-24.039768
512,-18.443920,-17.551624,-24.032948
513,-18.445748,-17.553335,-24.026674
514,-18.444316,-17.551700,-24.016921
515,-18.446104,-17.553825,-24.007573
516,-18.450909,-17.559195,-23.994506
517,-18.449391,-17.559882,-23.985282
518,-18.453362,-17.562400,-23.983751
519,-18.449548,-17.558918,-23.972239
520,-18.448483,-17.554383,-23.967210
521,-18.441104,-17.553877,-23.955890
522,-18.447393,-17.559566,-23.947766
523,-18.454644,-17.558890,-23.951152
524,-18.455475,-17.561178,-23.940975
525,-18.466000,-17.565447,-23.943125
526,-18.465702,-17.559941,-23.929746
527,-18.463593,-17.560305,-23.925303
528,-18.462203,-17.558689,-23.903727
529,-18.463583,-17.560940,-23.897893
530,-18.470008,-17.559156,-23.895781
531,-18.472121,-17.558899,-23.875554
532,-18.470979,-17.558569,-23.857335
533,-18.470077,-17.556532,-23.858326
534,-18.468922,-17.561842,-23.842153
535,-18.465752,-17.561744,-23.847472
536,-18.466533,-17.566743,-23.845652
537,-18.465260,-17.570521,-23.831288
538,-18.468275,-17.567212,-23.828344
539,-18.468545,-17.559126,-23.816313
540,-18.470407,-17.559083,-23.806587
541,-18.470347,-17.566164,-23.816286
542,-18.470161,-17.561761,-23.803369
543,-18.470943,-17.567096,-23.786902
544,-18.468463,-17.570941,-23.787447
545,-18.472396,-17.569771,-23.785198
546,-18.472245,-17.564196,-23.764539
547,-18.470077,-17.563205,-23.762371
548,-18.466721,-17.564508,-23.750067
549,-18.469686,-17.565555,-23.742637
550,-18.478631,-17.569272,-23.756784
551,-18.477668,-17.570913,-23.757345
552,-18.478931,-17.570548,-23.738823
553,-18.471427,-17.566979,-23.730700
554,-18.475348,-17.569798,-23.721138
555,-18.475629,-17.567006,-23.703285
556,-18.470342,-17.571942,-23.687905
557,-18.476508,-17.567520,-23.693445
558,-18.477996,-17.565978,-23.685424
559,-18.471216,-17.567029,-23.672440
560,-18.468286,-17.571430,-23.676597
561,-18.469938,-17.570973,-23.668629
562,-18.471425,-17.570139,-23.655322
563,-18.474845,-17.573806,-23.645846
564,-18.478399,-17.572552,-23.640584
565,-18.474358,-17.574074,-23.642728
566,-18.482386,-17.573875,-23.633444
567,-18.482644,-17.579014,-23.635610
568,-18.486479,-17.576555,-23.622205
569,-18.483213,-17.575611,-23.618252
570,-18.482080,-17.576013,-23.597896
571,-18.479569,-17.575539,-23.594174
572,-18.482220,-17.576793,-23.590703
573,-18.482390,-17.577503,-23.588704
574,-18.485785,-17.581296,-23.575916
575,-18.494739,-17.578930,-23.577262
576,-18.485740,-17.580301,-23.569121
577,-18.494200,-17.578139,-23.551210
578,-18.496750,-17.585223,-23.564631
579,-18.493236,-17.586175,-23.546337
580,-18.493779,-17.585983,-23.540713
581,-18.491339,-17.582029,-23.527987
582,-18.493685,-17.587194,-23.529752
583,-18.489152,-17.589047,-23.524834
584,-18.485503,-17.582831,-23.524605
585,-18.493478,-17.583835,-23.511675
586,-18.492242,-17.582873,-23.512347
587,-18.494972,-17.582953,-23.505517
588,-18.497094,-17.580894,-23.498858
589,-18.493792,-17.582510,-23.509798
590,-18.489450,-17.584548,-23.500252
591,-18.497211,-17.587306,-23.491105
592,-18.497378,-17.586965,-23.486318
593,-18.492300,-17.590576,-23.474701
594,-18.491241,-17.580293,-23.460978
595,-18.497120,-17.582889,-23.459480
596,-18.498012,-17.585545,-23.450119
597,-18.487755,-17.595486,-23.434632
598,-18.494957,-17.590613,-23.444215
599,-18.501729,-17.590011,-23.442042
600,-18.509236,-17.594827,-23.434778
601,-18.500186,-17.589380,-23.429562
602,-18.498562,-17.594643,-23.413622
603,-18.502957,-17.593134,-23.415133
604,-18.497297,-17.592494,-23.419451
605,-18.504407,-17.592344,-23.399486
606,-18.504454,-17.588976,-23.394883
607,-18.510395,-17.596673,-23.381414
608,-18.498856,-17.596850,-23.390305
609,-18.509358,-17.596852,-23.398151
610,-18.513145,-17.596515,-23.391884
611,-18.506640,-17.598997,-23.389201
612,-18.508028,-17.596619,-23.368327
613,-18.504798,-17.601541,-23.369235
614,-18.504810,-17.603256,-23.361657
615,-18.501452,-17.600661,-23.356492
616,-18.502602,-17.601039,-23.354870
617,-18.507203,-17.598858,-23.340594
618,-18.507857,-17.594511,-23.342200
619,-18.515122,-17.589773,-23.340030
620,-18.512314,-17.599169,-23.340417
621,-18.514268,-17.611499,-23.336823
622,-18.520357,-17.605487,-23.325573
623,-18.513151,-17.604860,-23.319839
624,-18.509036,-17.598967,-23.310464
625,-18.514067,-17.603250,-23.300322
626,-18.517775,-17.601330,-23.290851
627,-18.515019,-17.601736,-23.288145
628,-18.517360,-17.604756,-23.291388
629,-18.511607,-17.604017,-23.292026
630,-18.519096,-17.607807,-23.286303
631,-18.515499,-17.605933,-23.271151
632,-18.517362,-17.610609,-23.271929
633,-18.520866,-17.611338,-23.272665
634,-18.526046,-17.612433,-23.265909
635,-18.519026,-17.612694,-23.264675
636,-18.523521,-17.614957,-23.261905
637,-18.526592,-17.611362,-23.243715
638,-18.527845,-17.616465,-23.247030
639,-18.524692,-17.620181,-23.235793
640,-18.530693,-17.623549,-23.247659
641,-18.525805,-17.620186,-23.242132
642,-18.529008,-17.614864,-23.232523
643,-18.529147,-17.622674,-23.231088
644,-18.533348,-17.621812,-23.219744
645,-18.534688,-17.625811,-23.216253
646,-18.527047,-17.627972,-23.200300
647,-18.528391,-17.622723,-23.209771
648,-18.531754,-17.627481,-23.198065
649,-18.530636,-17.629258,-23.188934
650,-18.525112,-17.628422,-23.180096
651,-18.523961,-17.625498,-23.176012
652,-18.534511,-17.626258,-23.175596
653,-18.535976,-17.625885,-23.161889
654,-18.532480,-17.626483,-23.153101
655,-18.532005,-17.628037,-23.154323
656,-18.533139,-17.632206,-23.155647
657,-18.540445,-17.629784,-23.152295
658,-18.537654,-17.632603,-23.153260
659,-18.539615,-17.636594,-23.147462
660,-18.538914,-17.637889,-23.130839
661,-18.541370,-17.637812,-23.132205
662,-18.542162,-17.635337,-23.123029
663,-18.540210,-17.638016,-23.123239
664,-18.545120,-17.648411,-23.123298
665,-18.542670,-17.644335,-23.130317
666,-18.540726,-17.644677,-23.111474
667,-18.541235,-17.638023,-23.093146
668,-18.549145,-17.638358,-23.086497
669,-18.549466,-17.639153,-23.093621
670,-18.544183,-17.631680,-23.088625
671,-18.551027,-17.641039,-23.075217
672,-18.547870,-17.639419,-23.073495
673,-18.549412,-17.640093,-23.072246
674,-18.555088,-17.642361,-23.072545
675,-18.547794,-17.640960,-23.067207
676,-18.553245,-17.641825,-23.073115
677,-18.554515,-17.635801,-23.056066
678,-18.554362,-17.640806,-23.049545
679,-18.558436,-17.644895,-23.037913
680,-18.556094,-17.640546,-23.037090
681,-18.565607,-17.636692,-23.041770
682,-18.564701,-17.636968,-23.037300
683,-18.562262,-17.638602,-23.037866
684,-18.569404,-17.643341,-23.017768
685,-18.563736,-17.646550,-23.000159
686,-18.572639,-17.651161,-23.007546
687,-18.577153,-17.654652,-23.001306
688,-18.566739,-17.654408,-22.997504
689,-18.567921,-17.647997,-23.001138
690,-18.557861,-17.649876,-23.002798
691,-18.566790,-17.651791,-22.988950
692,-18.568157,-17.659138,-22.977380
693,-18.563662,-17.657566,-22.969213
694,-18.567973,-17.654355,-22.973331
695,-18.562625,-17.656716,-22.966138
696,-18.558690,-17.653816,-22.977181
697,-18.559353,-17.663449,-22.961756
698,-18.559142,-17.666764,-22.956112
699,-18.557614,-17.662616,-22.952265
700,-18.554184,-17.657778,-22.951347
701,-18.563335,-17.657104,-22.956436
702,-18.558198,-17.661581,-22.929246
703,-18.561779,-17.661372,-22.937285
704,-18.559300,-17.660481,-22.933778
705,-18.556266,-17.662793,-22.945444
706,-18.555810,-17.653075,-22.927260
707,-18.560500,-17.656946,-22.935474
708,-18.565402,-17.668803,-22.933925
709,-18.567593,-17.673351,-22.936121
710,-18.564570,-17.673757,-22.927528
711,-18.559256,-17.665428,-22.918823
712,-18.567313,-17.666996,-22.908122
713,-18.563483,-17.672100,-22.909436
714,-18.563582,-17.675567,-22.913212
715,-18.562115,-17.666785,-22.904208
716,-18.559941,-17.669719,-22.906184
717,-18.560991,-17.675451,-22.894723
718,-18.565079,-17.670829,-22.890334
719,-18.562539,-17.669374,-22.885445
720,-18.561099,-17.674029,-22.884372
721,-18.556401,-17.668514,-22.875230
722,-18.566857,-17.666291,-22.876697
723,-18.569543,-17.665650,-22.868723
724,-18.565477,-17.659989,-22.864826
725,-18.562070,-17.659210,-22.867138
726,-18.561012,-17.666743,-22.852123
727,-18.559660,-17.664727,-22.834622
728,-18.560119,-17.664905,-22.826426
729,-18.560695,-17.664784,-22.839712
730,-18.567534,-17.655654,-22.840646
731,-18.570045,-17.664517,-22.838141
732,-18.570374,-17.660493,-22.838708
733,-18.571968,-17.666858,-22.844163
734,-18.569735,-17.666823,-22.830926
735,-18.569452,-17.661399,-22.830089
736,-18.572601,-17.656707,-22.824347
737,-18.569062,-17.664695,-22.832211
738,-18.571135,-17.662108,-22.829279
739,-18.575281,-17.665141,-22.818869
740,-18.571997,-17.667626,-22.812083
741,-18.573231,-17.666023,-22.809532
742,-18.567408,-17.672334,-22.815602
743,-18.567021,-17.670635,-22.809694
744,-18.566321,-17.672205,-22.801125
745,-18.564176,-17.673647,-22.803758
746,-18.563064,-17.672629,-22.798665
747,-18.567080,-17.672519,-22.797618
748,-18.565573,-17.674442,-22.798536
749,-18.559605,-17.675308,-22.780921
750,-18.561824,-17.672781,-22.767395
751,-18.562407,-17.671621,-22.774859
752,-18.567219,-17.679125,-22.776657
753,-18.558885,-17.681612,-22.755338
754,-18.561845,-17.683708,-22.766034
755,-18.559349,-17.681130,-22.764623
756,-18.554466,-17.685910,-22.761821
757,-18.565089,-17.683851,-22.755032
758,-18.565290,-17.680060,-22.750475
759,-18.558925,-17.675668,-22.750548
760,-18.561491,-17.680462,-22.756475
761,-18.559244,-17.675018,-22.750029
762,-18.558212,-17.677666,-22.754313
763,-18.559806,-17.686439,-22.745063
764,-18.563642,-17.686891,-22.741413
765,-18.565360,-17.685846,-22.731739
766,-18.555418,-17.680709,-22.741329
767,-18.556856,-17.683940,-22.734305
768,-18.565703,-17.680206,-22.734785
769,-18.556133,-17.686388,-22.728878
770,-18.557138,-17.680855,-22.720683
771,-18.557362,-17.687229,-22.722419
772,-18.565446,-17.690628,-22.711999
773,-18.561331,-17.683915,-22.707841
774,-18.562042,-17.682568,-22.707737
775,-18.564005,-17.683113,-22.717652
776,-18.563973,-17.690152,-22.709275
777,-18.571394,-17.692859,-22.708320
778,-18.570150,-17.698859,-22.698288
779,-18.563528,-17.696409,-22.690014
780,-18.561012,-17.697181,-22.691982
781,-18.560446,-17.695534,-22.685628
782,-18.566597,-17.694274,-22.680713
783,-18.565995,-17.694345,-22.676816
784,-18.566431,-17.696054,-22.678212
785,-18.566567,-17.699331,-22.678414
786,-18.564320,-17.694286,-22.666516
787,-18.566195,-17.695414,-22.666934
788,-18.570317,-17.696004,-22.668109
789,-18.570577,-17.695998,-22.651132
790,-18.569429,-17.702688,-22.662865
791,-18.570343,-17.700316,-22.659763
792,-18.574987,-17.705392,-22.642690
793,-18.577234,-17.704419,-22.638663
794,-18.578221,-17.697640,-22.637351
795,-18.575963,-17.700476,-22.630246
796,-18.576269,-17.698417,-22.636762
797,-18.571226,-17.707303,-22.624996
798,-18.578458,-17.710807,-22.619683
799,-18.578649,-17.699135,-22.621399
800,-18.582460,-17.700187,-22.624869
801,-18.575319,-17.701860,-22.618586
802,-18.574935,-17.707799,-22.609373
803,-18.576482,-17.708330,-22.616109
804,-18.578509,-17.706130,-22.604661
805,-18.577285,-17.705509,-22.608647
806,-18.576912,-17.709645,-22.612632
807,-18.574666,-17.707578,-22.609064
808,-18.575904,-17.714041,-22.604048
809,-18.581224,-17.715580,-22.600829
810,-18.586217,-17.718491,-22.589445
811,-18.586285,-17.714071,-22.583802
812,-18.583731,-17.713174,-22.584073
813,-18.582635,-17.707933,-22.581312
814,-18.588990,-17.717663,-22.584900
815,-18.585714,-17.717614,-22.568300
816,-18.589189,-17.717942,-22.578199
817,-18.591151,-17.717016,-22.576000
818,-18.583497,-17.721066,-22.567092
819,-18.586424,-17.713549,-22.564881
820,-18.587210,-17.720473,-22.561713
821,-18.590811,-17.726292,-22.565995
822,-18.589497,-17.727060,-22.555161
823,-18.589424,-17.720966,-22.557653
824,-18.594604,-17.721460,-22.538805
825,-18.588382,-17.718914,-22.542971
826,-18.590040,-17.725578,-22.542545
827,-18.590589,-17.729079,-22.543868
828,-18.590770,-17.727616,-22.550179
829,-18.597329,-17.725385,-22.556135
830,-18.591585,-17.725626,-22.545341
831,-18.593232,-17.721374,-22.539751
832,-18.592575,-17.732285,-22.531980
833,-18.593538,-17.730133,-22.541244
834,-18.587883,-17.739254,-22.529611
835,-18.596026,-17.731655,-22.529303
836,-18.594195,-17.734403,-22.511912
837,-18.591246,-17.736956,-22.513095
838,-18.596321,-17.732218,-22.513863
839,-18.595813,-17.738003,-22.510411
840,-18.597404,-17.733344,-22.520518
841,-18.593560,-17.736688,-22.500808
842,-18.588451,-17.736680,-22.488240
843,-18.597298,-17.738368,-22.497193
844,-18.599261,-17.736763,-22.504831
845,-18.595820,-17.739635,-22.492430
846,-18.597276,-17.741801,-22.486419
847,-18.599977,-17.746597,-22.488108
848,-18.601140,-17.740853,-22.473980
849,-18.604464,-17.744881,-22.482070
850,-18.602788,-17.750771,-22.488107
851,-18.593259,-17.747533,-22.486321
852,-18.602563,-17.747617,-22.480633
853,-18.597006,-17.749484,-22.478156
854,-18.598297,-17.751838,-22.475500
855,-18.594464,-17.743876,-22.471410
856,-18.600612,-17.747815,-22.459607
857,-18.602397,-17.750612,-22.460338
858,-18.605604,-17.747922,-22.457166
859,-18.607671,-17.750130,-22.446321
860,-18.606171,-17.750843,-22.449795
861,-18.599884,-17.754511,-22.446107
862,-18.600987,-17.749120,-22.457574
863,-18.599683,-17.748121,-22.443494
864,-18.599634,-17.752607,-22.438687
865,-18.600000,-17.756936,-22.434988
866,-18.607472,-17.756695,-22.427425
867,-18.606623,-17.757204,-22.426541
868,-18.610437,-17.754266,-22.433303
869,-18.610073,-17.755867,-22.426121
870,-18.604301,-17.756168,-22.415850
871,-18.597819,-17.762550,-22.417591
872,-18.605152,-17.764134,-22.411969
873,-18.609062,-17.763906,-22.406071
874,-18.613488,-17.772137,-22.398822
875,-18.615296,-17.769729,-22.408918
876,-18.615130,-17.767684,-22.401551
877,-18.613180,-17.772683,-22.405121
878,-18.613891,-17.777568,-22.408903
879,-18.617079,-17.768733,-22.405622
880,-18.615724,-17.770757,-22.410124
881,-18.609618,-17.773635,-22.396675
882,-18.615855,-17.778121,-22.398195
883,-18.624215,-17.777777,-22.388784
884,-18.614440,-17.775998,-22.392610
885,-18.614336,-17.778946,-22.391706
886,-18.617221,-17.782005,-22.385542
887,-18.611830,-17.782811,-22.380338
888,-18.615771,-17.784266,-22.368524
889,-18.614931,-17.779399,-22.375645
890,-18.609703,-17.782767,-22.382984
891,-18.613480,-17.777468,-22.363658
892,-18.617856,-17.779581,-22.369067
893,-18.619468,-17.782234,-22.365748
894,-18.612149,-17.782581,-22.355712
895,-18.619720,-17.775519,-22.358976
896,-18.619536,-17.776257,-22.351862
897,-18.620964,-17.780435,-22.348325
898,-18.618388,-17.790645,-22.351909
899,-18.624819,-17.792480,-22.355544
900,-18.625211,-17.786922,-22.347816
901,-18.619731,-17.787881,-22.351012
902,-18.624598,-17.794967,-22.346715
903,-18.623669,-17.796446,-22.334275
904,-18.623856,-17.803332,-22.328536
905,-18.628698,-17.793744,-22.332017
906,-18.629560,-17.800790,-22.334080
907,-18.629330,-17.792114,-22.332660
908,-18.627728,-17.791229,-22.342124
909,-18.627952,-17.794978,-22.338334
910,-18.621766,-17.802441,-22.324158
911,-18.626813,-17.795544,-22.320591
912,-18.625388,-17.799838,-22.322443
913,-18.627290,-17.802691,-22.324800
914,-18.629972,-17.800490,-22.321509
915,-18.629177,-17.806455,-22.318328
916,-18.622201,-17.809937,-22.319367
917,-18.619852,-17.804957,-22.313573
918,-18.621690,-17.810871,-22.295551
919,-18.631725,-17.809312,-22.294687
920,-18.631707,-17.810357,-22.294967
921,-18.626455,-17.801804,-22.291867
922,-18.624990,-17.803158,-22.290735
923,-18.634463,-17.806947,-22.286280
924,-18.631684,-17.811367,-22.286871
925,-18.634801,-17.816260,-22.283189
926,-18.634799,-17.816611,-22.280117
927,-18.633835,-17.812713,-22.279273
928,-18.630349,-17.816921,-22.280074
929,-18.637428,-17.823482,-22.270969
930,-18.631802,-17.820301,-22.266230
931,-18.638957,-17.814070,-22.270356
932,-18.634676,-17.813640,-22.256209
933,-18.639578,-17.819006,-22.255999
934,-18.635857,-17.813271,-22.257761
935,-18.639726,-17.816628,-22.255387
936,-18.636342,-17.823206,-22.259629
937,-18.638165,-17.813473,-22.260421
938,-18.638315,-17.826121,-22.254973
939,-18.643120,-17.819283,-22.257286
940,-18.638139,-17.815983,-22.247591
941,-18.644120,-17.818341,-22.244182
942,-18.643015,-17.817848,-22.250047
943,-18.645048,-17.819574,-22.241493
944,-18.645278,-17.820629,-22.240179
945,-18.651238,-17.822826,-22.238630
946,-18.647485,-17.825602,-22.240957
947,-18.647319,-17.827461,-22.228638
948,-18.652505,-17.834275,-22.230924
949,-18.649510,-17.828827,-22.217119
950,-18.647929,-17.833738,-22.210993
951,-18.642694,-17.828885,-22.221541
952,-18.653671,-17.831598,-22.214350
953,-18.652044,-17.832250,-22.209803
954,-18.646456,-17.830664,-22.210967
955,-18.648005,-17.829414,-22.217061
956,-18.655939,-17.835642,-22.215154
957,-18.646342,-17.835897,-22.204858
958,-18.655647,-17.832686,-22.200749
959,-18.648130,-17.844157,-22.205426
960,-18.654301,-17.846100,-22.198035
961,-18.648008,-17.843450,-22.196774
962,-18.649977,-17.838008,-22.197242
963,-18.650056,-17.841416,-22.185047
964,-18.651372,-17.847043,-22.185185
965,-18.657040,-17.842132,-22.179332
966,-18.656662,-17.849830,-22.183019
967,-18.653007,-17.850794,-22.186787
968,-18.657342,-17.851347,-22.175717
969,-18.653119,-17.850848,-22.180782
970,-18.654925,-17.849424,-22.178428
971,-18.656118,-17.851409,-22.170953
972,-18.651580,-17.855473,-22.180924
973,-18.655147,-17.854614,-22.168701
974,-18.656310,-17.852175,-22.157469
975,-18.654074,-17.851556,-22.160695
976,-18.659658,-17.855726,-22.154854
977,-18.660768,-17.856171,-22.151248
978,-18.654562,-17.854245,-22.141242
979,-18.658752,-17.859740,-22.143481
980,-18.655503,-17.852889,-22.133849
981,-18.656434,-17.857914,-22.136766
982,-18.657189,-17.862123,-22.125956
983,-18.661946,-17.868869,-22.133584
984,-18.658136,-17.866130,-22.131502
985,-18.653287,-17.860341,-22.128258
986,-18.651013,-17.858565,-22.140572
987,-18.652651,-17.868443,-22.133629
988,-18.657615,-17.866007,-22.130623
989,-18.658938,-17.863535,-22.131367
990,-18.662553,-17.861258,-22.125414
991,-18.663937,-17.863191,-22.108787
992,-18.671408,-17.863709,-22.114200
993,-18.670433,-17.867455,-22.116445
994,-18.669999,-17.864773,-22.115951
995,-18.671023,-17.866658,-22.115199
996,-18.669141,-17.868950,-22.119690
997,-18.670570,-17.868957,-22.099792
998,-18.666313,-17.869798,-22.103573
999,-18.674497,-17.878536,-22.108585
1000,-18.673764,-17.869205,-22.089304
