Epoch,beta_max/4,beta_max,4beta_max
1,-14.165355,-14.829976,-59.484741
2,-14.119283,-14.692709,-57.822805
3,-14.057994,-14.567790,-56.240626
4,-13.978183,-14.454534,-54.731041
5,-13.881051,-14.349666,-53.308796
6,-13.773516,-14.251701,-51.944965
7,-13.666265,-14.159794,-50.632573
8,-13.568841,-14.074009,-49.373573
9,-13.492527,-13.994066,-48.172605
10,-13.436257,-13.919425,-47.014715
11,-13.395744,-13.850012,-45.902237
12,-13.366059,-13.785778,-44.834739
13,-13.343866,-13.725630,-43.795324
14,-13.326974,-13.669530,-42.789236
15,-13.312706,-13.618523,-41.820934
16,-13.300594,-13.572183,-40.900496
17,-13.289574,-13.529305,-40.000341
18,-13.279346,-13.489411,-39.138165
19,-13.269346,-13.453803,-38.312696
20,-13.260023,-13.421169,-37.500850
21,-13.250981,-13.390966,-36.728281
22,-13.242235,-13.363679,-35.975710
23,-13.233554,-13.338296,-35.250265
24,-13.225279,-13.315218,-34.555935
25,-13.217241,-13.293269,-33.883573
26,-13.209444,-13.273274,-33.233892
27,-13.201903,-13.254965,-32.600547
28,-13.194244,-13.237508,-31.999478
29,-13.186719,-13.220985,-31.419754
30,-13.179207,-13.205807,-30.836731
31,-13.171971,-13.191679,-30.281165
32,-13.165126,-13.178461,-29.748008
33,-13.157825,-13.165838,-29.239561
34,-13.150824,-13.153744,-28.736059
35,-13.144053,-13.142006,-28.249682
36,-13.137031,-13.130772,-27.776002
37,-13.130111,-13.120069,-27.315424
38,-13.123675,-13.109845,-26.876177
39,-13.117280,-13.100177,-26.454128
40,-13.111019,-13.091059,-26.045146
41,-13.104689,-13.082039,-25.647901
42,-13.098510,-13.073357,-25.258707
43,-13.092132,-13.064826,-24.882677
44,-13.085975,-13.056548,-24.524815
45,-13.079909,-13.048465,-24.178667
46,-13.073935,-13.040505,-23.840866
47,-13.068246,-13.032715,-23.517058
48,-13.062300,-13.025198,-23.205450
49,-13.056103,-13.017736,-22.901139
50,-13.050428,-13.010390,-22.599067
51,-13.044490,-13.003480,-22.308234
52,-13.038787,-12.996707,-22.026287
53,-13.033202,-12.990057,-21.751952
54,-13.027923,-12.983510,-21.488197
55,-13.022521,-12.976951,-21.233893
56,-13.016828,-12.970493,-20.985903
57,-13.011215,-12.964263,-20.746383
58,-13.005561,-12.958225,-20.511347
59,-12.999962,-12.952191,-20.282352
60,-12.994559,-12.946430,-20.059818
61,-12.989355,-12.940599,-19.845906
62,-12.984380,-12.934833,-19.635581
63,-12.979420,-12.929160,-19.435163
64,-12.974135,-12.923567,-19.241093
65,-12.968939,-12.918039,-19.049921
66,-12.963944,-12.912545,-18.866693
67,-12.959154,-12.907040,-18.690497
68,-12.953813,-12.901511,-18.514449
69,-12.948825,-12.896474,-18.342865
70,-12.943969,-12.891209,-18.180710
71,-12.938980,-12.886130,-18.021523
72,-12.934118,-12.881212,-17.866316
73,-12.929332,-12.876334,-17.717409
74,-12.924506,-12.871531,-17.568850
75,-12.920016,-12.866558,-17.424803
76,-12.915576,-12.861702,-17.285232
77,-12.911070,-12.857123,-17.149877
78,-12.906631,-12.852645,-17.020351
79,-12.902148,-12.847905,-16.892434
80,-12.897480,-12.843247,-16.770107
81,-12.893098,-12.838607,-16.652372
82,-12.888989,-12.834109,-16.537741
83,-12.885061,-12.829736,-16.427324
84,-12.880985,-12.825443,-16.317970
85,-12.876919,-12.821417,-16.214106
86,-12.872852,-12.817241,-16.111698
87,-12.868515,-12.812983,-16.010927
88,-12.864296,-12.809069,-15.915067
89,-12.860317,-12.805357,-15.822074
90,-12.856490,-12.801163,-15.732607
91,-12.852557,-12.796967,-15.647494
92,-12.848504,-12.792866,-15.561865
93,-12.844435,-12.788926,-15.477841
94,-12.840598,-12.785297,-15.397695
95,-12.837276,-12.781669,-15.319518
96,-12.834162,-12.778061,-15.243868
97,-12.830843,-12.774054,-15.170493
98,-12.827291,-12.769887,-15.099424
99,-12.823636,-12.765820,-15.028440
100,-12.820095,-12.762175,-14.959672
101,-12.816057,-12.758681,-14.893444
102,-12.812296,-12.755361,-14.829407
103,-12.808726,-12.751709,-14.768097
104,-12.805290,-12.748418,-14.708210
105,-12.801966,-12.745149,-14.649415
106,-12.798912,-12.741771,-14.593324
107,-12.795775,-12.738323,-14.536757
108,-12.792820,-12.735322,-14.482723
109,-12.789672,-12.732369,-14.431189
110,-12.786057,-12.729478,-14.380955
111,-12.782728,-12.726373,-14.333102
112,-12.779289,-12.723036,-14.285337
113,-12.776157,-12.719464,-14.237563
114,-12.773211,-12.716004,-14.191578
115,-12.770333,-12.712732,-14.147077
116,-12.767613,-12.709732,-14.104848
117,-12.764765,-12.706896,-14.063167
118,-12.761921,-12.704028,-14.022607
119,-12.758186,-12.701023,-13.983710
120,-12.754993,-12.697994,-13.946430
121,-12.751615,-12.694823,-13.910099
122,-12.748836,-12.692055,-13.874315
123,-12.745946,-12.688760,-13.839825
124,-12.742936,-12.685797,-13.807615
125,-12.740042,-12.683091,-13.775451
126,-12.737616,-12.679768,-13.744555
127,-12.734994,-12.676710,-13.714478
128,-12.732531,-12.673994,-13.686386
129,-12.729671,-12.671119,-13.658038
130,-12.726835,-12.668670,-13.630619
131,-12.724061,-12.666684,-13.603440
132,-12.721246,-12.664192,-13.577188
133,-12.718836,-12.661397,-13.551886
134,-12.716563,-12.658357,-13.526531
135,-12.714328,-12.655695,-13.501446
136,-12.711383,-12.653298,-13.478006
137,-12.708010,-12.650739,-13.455725
138,-12.705310,-12.648204,-13.432917
139,-12.702965,-12.645456,-13.410409
140,-12.700866,-12.642858,-13.389097
141,-12.698333,-12.640311,-13.368170
142,-12.696097,-12.637372,-13.348345
143,-12.693874,-12.634840,-13.329698
144,-12.690821,-12.632832,-13.312010
145,-12.687977,-12.630805,-13.294994
146,-12.685184,-12.628207,-13.277017
147,-12.682580,-12.625389,-13.259399
148,-12.680245,-12.623373,-13.242213
149,-12.677391,-12.621262,-13.226240
150,-12.674908,-12.619305,-13.210984
151,-12.673077,-12.616647,-13.196309
152,-12.670653,-12.614356,-13.180997
153,-12.668288,-12.612556,-13.166203
154,-12.665663,-12.610899,-13.152452
155,-12.663233,-12.608898,-13.138942
156,-12.660560,-12.606009,-13.125184
157,-12.658741,-12.603467,-13.111246
158,-12.656783,-12.601297,-13.098152
159,-12.654286,-12.598919,-13.085228
160,-12.651943,-12.596731,-13.072811
161,-12.649520,-12.594299,-13.061143
162,-12.647446,-12.591955,-13.049195
163,-12.645933,-12.589738,-13.037942
164,-12.643892,-12.588159,-13.026774
165,-12.641267,-12.585868,-13.015884
166,-12.638670,-12.583855,-13.005338
167,-12.636503,-12.581895,-12.994840
168,-12.634005,-12.580012,-12.984746
169,-12.631928,-12.578287,-12.974757
170,-12.629423,-12.575913,-12.965402
171,-12.627321,-12.573722,-12.956129
172,-12.625198,-12.571541,-12.947107
173,-12.622955,-12.569936,-12.938301
174,-12.620782,-12.567865,-12.929572
175,-12.619193,-12.566144,-12.921577
176,-12.618040,-12.564345,-12.913546
177,-12.616081,-12.563052,-12.905776
178,-12.613915,-12.561752,-12.897986
179,-12.611288,-12.559621,-12.890429
180,-12.609350,-12.557028,-12.882829
181,-12.607266,-12.554638,-12.875879
182,-12.605164,-12.552483,-12.868879
183,-12.602978,-12.550577,-12.861732
184,-12.601021,-12.548455,-12.854996
185,-12.599513,-12.546854,-12.848347
186,-12.598116,-12.545413,-12.842036
187,-12.596386,-12.543863,-12.836166
188,-12.594726,-12.542052,-12.830334
189,-12.592888,-12.540654,-12.824160
190,-12.590694,-12.539250,-12.818283
191,-12.588517,-12.537428,-12.812320
192,-12.586409,-12.535469,-12.806446
193,-12.585202,-12.533831,-12.800806
194,-12.583329,-12.531040,-12.795384
195,-12.581197,-12.529504,-12.789896
196,-12.579735,-12.528290,-12.784589
197,-12.578544,-12.526541,-12.779617
198,-12.577073,-12.524368,-12.774600
199,-12.575314,-12.522626,-12.769790
200,-12.574049,-12.521873,-12.764457
201,-12.572437,-12.520754,-12.759689
202,-12.570605,-12.518669,-12.755001
203,-12.569075,-12.516536,-12.750361
204,-12.567266,-12.514938,-12.745761
205,-12.565368,-12.513038,-12.741364
206,-12.563784,-12.511217,-12.737116
207,-12.562452,-12.509829,-12.733103
208,-12.561206,-12.508338,-12.728968
209,-12.559017,-12.507262,-12.724850
210,-12.557246,-12.506146,-12.720942
211,-12.556014,-12.504871,-12.717416
212,-12.554794,-12.503400,-12.713847
213,-12.553075,-12.501885,-12.710484
214,-12.551646,-12.500042,-12.706707
215,-12.549548,-12.498738,-12.703277
216,-12.547667,-12.496876,-12.699539
217,-12.545713,-12.494667,-12.695901
218,-12.544236,-12.492452,-12.692552
219,-12.542587,-12.490457,-12.689643
220,-12.541625,-12.488801,-12.686392
221,-12.540430,-12.487527,-12.682730
222,-12.539062,-12.486787,-12.679632
223,-12.538052,-12.485138,-12.676599
224,-12.536107,-12.483682,-12.673406
225,-12.534134,-12.482456,-12.670372
226,-12.532627,-12.481622,-12.666950
227,-12.531904,-12.480014,-12.664150
228,-12.531010,-12.478481,-12.660594
229,-12.530245,-12.476240,-12.657271
230,-12.529778,-12.474337,-12.654369
231,-12.528864,-12.473273,-12.651375
232,-12.527161,-12.471929,-12.648465
233,-12.525154,-12.470611,-12.645733
234,-12.523894,-12.469450,-12.642902
235,-12.522286,-12.468270,-12.640462
236,-12.521044,-12.466905,-12.638131
237,-12.519442,-12.465889,-12.635687
238,-12.517871,-12.464618,-12.632806
239,-12.517055,-12.462923,-12.630695
240,-12.515978,-12.462180,-12.628506
241,-12.514924,-12.461331,-12.625620
242,-12.514093,-12.460759,-12.622712
243,-12.512149,-12.459542,-12.620310
244,-12.510591,-12.457636,-12.617796
245,-12.510188,-12.456078,-12.615202
246,-12.509377,-12.454813,-12.612951
247,-12.507357,-12.453794,-12.611136
248,-12.505287,-12.452451,-12.608970
249,-12.504116,-12.449776,-12.606766
250,-12.503047,-12.448445,-12.604094
251,-12.501583,-12.447404,-12.601397
252,-12.501147,-12.446673,-12.598907
253,-12.500561,-12.445458,-12.596661
254,-12.499811,-12.443688,-12.595489
255,-12.498800,-12.442323,-12.593508
256,-12.496870,-12.441029,-12.591379
257,-12.495199,-12.439427,-12.589415
258,-12.493989,-12.438645,-12.587732
259,-12.492946,-12.437616,-12.585780
260,-12.491943,-12.436735,-12.584020
261,-12.491199,-12.436061,-12.582076
262,-12.489883,-12.434873,-12.580224
263,-12.488400,-12.433344,-12.577668
264,-12.487006,-12.431570,-12.575542
265,-12.486493,-12.429806,-12.573978
266,-12.485121,-12.428447,-12.571938
267,-12.483259,-12.426675,-12.570551
268,-12.481671,-12.425403,-12.568424
269,-12.480653,-12.423878,-12.565883
270,-12.479903,-12.422138,-12.564381
271,-12.479419,-12.420482,-12.562301
272,-12.478800,-12.419091,-12.560575
273,-12.478588,-12.418126,-12.558219
274,-12.476937,-12.417318,-12.556405
275,-12.476063,-12.416509,-12.555531
276,-12.474686,-12.415763,-12.553644
277,-12.473748,-12.414379,-12.552209
278,-12.473476,-12.412567,-12.550731
279,-12.473371,-12.410770,-12.548329
280,-12.472120,-12.409464,-12.546479
281,-12.471296,-12.408356,-12.544318
282,-12.469992,-12.407752,-12.543021
283,-12.468410,-12.407094,-12.541676
284,-12.467385,-12.404992,-12.540602
285,-12.466552,-12.403141,-12.538991
286,-12.465479,-12.401937,-12.537469
287,-12.464728,-12.400570,-12.535543
288,-12.463874,-12.399059,-12.533531
289,-12.462563,-12.397003,-12.531430
290,-12.462137,-12.397048,-12.529214
291,-12.460805,-12.396803,-12.527048
292,-12.460074,-12.395660,-12.525390
293,-12.459612,-12.394655,-12.523939
294,-12.459037,-12.393305,-12.522162
295,-12.457685,-12.392366,-12.519932
296,-12.455434,-12.390819,-12.518454
297,-12.454089,-12.389127,-12.516731
298,-12.452634,-12.388224,-12.514824
299,-12.451447,-12.386792,-12.513817
300,-12.450747,-12.385599,-12.512295
301,-12.449735,-12.384153,-12.510775
302,-12.449380,-12.384032,-12.510038
303,-12.448697,-12.382099,-12.508467
304,-12.448087,-12.380626,-12.506581
305,-12.447295,-12.380105,-12.504567
306,-12.446410,-12.379826,-12.502646
307,-12.445097,-12.378173,-12.501694
308,-12.444621,-12.376946,-12.500046
309,-12.443714,-12.376157,-12.498929
310,-12.442339,-12.375795,-12.497575
311,-12.440611,-12.374365,-12.495668
312,-12.439425,-12.373202,-12.493596
313,-12.438115,-12.371951,-12.491262
314,-12.436866,-12.370940,-12.489439
315,-12.435757,-12.369990,-12.487490
316,-12.435041,-12.369285,-12.485655
317,-12.434399,-12.368588,-12.483764
318,-12.433318,-12.366759,-12.482686
319,-12.431883,-12.365455,-12.482377
320,-12.431556,-12.364366,-12.481922
321,-12.430780,-12.363595,-12.481033
322,-12.429765,-12.362413,-12.479780
323,-12.428331,-12.360953,-12.478065
324,-12.427154,-12.359247,-12.475876
325,-12.426095,-12.357900,-12.473873
326,-12.425005,-12.357211,-12.472459
327,-12.424060,-12.356097,-12.470635
328,-12.423566,-12.355317,-12.468651
329,-12.422524,-12.354432,-12.467216
330,-12.421655,-12.353086,-12.466080
331,-12.420168,-12.352481,-12.465193
332,-12.418897,-12.351847,-12.464029
333,-12.417991,-12.350742,-12.462450
334,-12.417025,-12.350143,-12.461199
335,-12.417057,-12.349420,-12.459415
336,-12.415820,-12.347562,-12.457420
337,-12.414509,-12.346053,-12.455600
338,-12.412919,-12.344715,-12.454416
339,-12.411168,-12.343419,-12.453200
340,-12.410140,-12.342637,-12.451341
341,-12.410006,-12.342423,-12.449518
342,-12.410262,-12.341237,-12.447805
343,-12.409383,-12.339745,-12.446069
344,-12.409004,-12.337867,-12.444732
345,-12.408635,-12.335990,-12.443825
346,-12.407352,-12.335168,-12.442291
347,-12.405798,-12.334452,-12.440638
348,-12.404240,-12.334215,-12.438655
349,-12.403328,-12.333573,-12.436605
350,-12.402901,-12.332066,-12.434799
351,-12.401990,-12.330737,-12.433646
352,-12.400443,-12.329314,-12.432738
353,-12.399051,-12.327399,-12.431208
354,-12.398102,-12.326536,-12.430480
355,-12.397067,-12.325784,-12.429475
356,-12.396463,-12.324475,-12.428272
357,-12.395588,-12.323401,-12.427115
358,-12.395340,-12.322460,-12.426068
359,-12.394919,-12.321749,-12.423872
360,-12.393572,-12.321547,-12.422586
361,-12.392265,-12.321001,-12.420910
362,-12.391077,-12.320265,-12.419471
363,-12.390614,-12.319753,-12.418376
364,-12.390390,-12.319676,-12.416406
365,-12.390420,-12.318511,-12.415373
366,-12.389650,-12.317083,-12.413878
367,-12.388865,-12.315886,-12.412264
368,-12.387043,-12.314554,-12.409749
369,-12.385700,-12.314053,-12.407714
370,-12.384393,-12.312833,-12.406696
371,-12.382983,-12.312916,-12.406248
372,-12.382180,-12.312752,-12.405965
373,-12.381534,-12.312166,-12.405216
374,-12.380056,-12.311648,-12.404132
375,-12.378520,-12.310766,-12.402360
376,-12.377693,-12.309966,-12.400764
377,-12.376252,-12.308255,-12.399384
378,-12.374545,-12.305939,-12.397610
379,-12.373430,-12.303704,-12.396059
380,-12.372902,-12.302326,-12.394935
381,-12.372140,-12.301316,-12.393579
382,-12.370550,-12.300670,-12.392382
383,-12.369590,-12.299465,-12.391467
384,-12.368803,-12.298602,-12.390173
385,-12.368295,-12.297816,-12.388558
386,-12.367132,-12.297406,-12.387134
387,-12.366594,-12.297100,-12.385349
388,-12.365785,-12.295512,-12.383539
389,-12.364575,-12.294326,-12.381608
390,-12.363448,-12.294151,-12.380097
391,-12.362425,-12.293734,-12.378446
392,-12.361970,-12.292821,-12.376905
393,-12.360934,-12.291579,-12.375881
394,-12.360321,-12.290763,-12.374186
395,-12.358680,-12.289692,-12.373179
396,-12.356630,-12.288391,-12.372877
397,-12.354893,-12.286643,-12.371800
398,-12.354126,-12.285737,-12.370630
399,-12.353160,-12.284633,-12.370246
400,-12.351955,-12.283928,-12.368485
401,-12.350523,-12.282941,-12.366588
402,-12.349755,-12.281622,-12.364838
403,-12.348681,-12.280081,-12.363833
404,-12.347419,-12.278793,-12.362598
405,-12.346546,-12.278020,-12.361693
406,-12.344867,-12.277660,-12.360116
407,-12.343764,-12.277669,-12.358543
408,-12.342803,-12.277069,-12.357039
409,-12.342186,-12.276829,-12.356871
410,-12.341080,-12.275414,-12.355646
411,-12.339800,-12.273357,-12.353909
412,-12.338566,-12.272332,-12.351993
413,-12.337558,-12.271081,-12.350373
414,-12.336910,-12.270117,-12.348758
415,-12.335333,-12.269995,-12.347493
416,-12.333982,-12.269153,-12.346580
417,-12.332428,-12.268498,-12.344653
418,-12.331135,-12.267427,-12.342601
419,-12.330327,-12.266400,-12.341834
420,-12.329702,-12.265836,-12.340955
421,-12.329066,-12.264244,-12.339665
422,-12.328512,-12.262698,-12.338819
423,-12.327193,-12.261683,-12.337574
424,-12.326051,-12.261379,-12.336284
425,-12.325183,-12.260511,-12.336110
426,-12.324147,-12.259852,-12.335177
427,-12.323002,-12.258026,-12.334271
428,-12.322140,-12.256963,-12.333288
429,-12.321717,-12.256512,-12.331593
430,-12.321510,-12.254884,-12.330836
431,-12.320119,-12.253855,-12.329629
432,-12.318624,-12.252853,-12.328571
433,-12.317225,-12.251397,-12.326915
434,-12.315593,-12.250399,-12.325302
435,-12.314458,-12.249225,-12.324367
436,-12.314262,-12.248822,-12.323272
437,-12.313289,-12.248470,-12.321907
438,-12.312089,-12.248087,-12.319799
439,-12.310827,-12.247371,-12.318044
440,-12.310357,-12.245488,-12.316814
441,-12.309336,-12.244301,-12.315409
442,-12.308249,-12.243662,-12.314448
443,-12.307921,-12.243005,-12.312925
444,-12.306385,-12.242781,-12.312623
445,-12.303848,-12.242954,-12.312251
446,-12.302733,-12.242200,-12.310957
447,-12.301862,-12.241204,-12.309263
448,-12.300485,-12.240115,-12.307387
449,-12.299142,-12.237736,-12.305997
450,-12.297850,-12.236755,-12.304381
451,-12.296807,-12.235514,-12.303219
452,-12.295767,-12.235242,-12.303466
453,-12.294282,-12.234516,-12.303157
454,-12.292733,-12.234487,-12.302309
455,-12.291666,-12.233911,-12.300615
456,-12.290490,-12.233250,-12.298370
457,-12.289578,-12.231943,-12.296409
458,-12.288366,-12.230260,-12.295431
459,-12.287158,-12.229347,-12.295501
460,-12.286598,-12.228214,-12.294636
461,-12.285891,-12.227048,-12.293103
462,-12.285196,-12.225682,-12.291831
463,-12.284198,-12.223673,-12.290464
464,-12.282631,-12.222672,-12.289161
465,-12.282581,-12.222488,-12.287501
466,-12.283164,-12.222165,-12.286871
467,-12.282450,-12.222115,-12.285245
468,-12.281532,-12.221334,-12.284360
469,-12.279494,-12.221233,-12.283643
470,-12.277073,-12.219996,-12.282892
471,-12.275123,-12.218095,-12.282397
472,-12.273215,-12.216028,-12.281519
473,-12.272507,-12.214142,-12.280138
474,-12.271010,-12.213634,-12.278854
475,-12.269127,-12.213122,-12.278181
476,-12.267697,-12.212966,-12.276584
477,-12.266789,-12.211368,-12.275426
478,-12.265832,-12.210865,-12.274761
479,-12.264605,-12.210909,-12.273582
480,-12.262779,-12.210400,-12.272386
481,-12.261230,-12.210542,-12.271386
482,-12.259542,-12.209989,-12.270057
483,-12.258606,-12.208799,-12.269057
484,-12.257889,-12.207186,-12.267852
485,-12.256428,-12.206613,-12.267003
486,-12.254576,-12.205748,-12.266299
487,-12.252969,-12.204687,-12.264975
488,-12.251516,-12.203972,-12.263577
489,-12.250945,-12.202838,-12.262405
490,-12.249693,-12.201766,-12.261374
491,-12.248946,-12.200552,-12.261027
492,-12.248553,-12.200129,-12.260594
493,-12.246942,-12.199913,-12.259843
494,-12.245866,-12.199753,-12.259368
495,-12.245023,-12.199353,-12.258433
496,-12.244105,-12.199170,-12.257951
497,-12.243152,-12.198493,-12.257998
498,-12.242047,-12.196617,-12.257196
499,-12.240710,-12.194863,-12.256543
500,-12.239302,-12.193413,-12.255161
501,-12.237692,-12.192501,-12.254159
502,-12.235915,-12.191128,-12.253007
503,-12.233999,-12.190181,-12.252410
504,-12.232402,-12.189922,-12.250797
505,-12.230664,-12.189380,-12.249403
506,-12.229326,-12.188919,-12.248016
507,-12.228740,-12.187445,-12.247463
508,-12.227904,-12.186854,-12.246628
509,-12.227445,-12.186376,-12.245503
510,-12.226203,-12.184709,-12.244045
511,-12.225696,-12.183410,-12.242895
512,-12.224207,-12.182812,-12.241486
513,-12.223072,-12.181955,-12.240639
514,-12.221845,-12.180261,-12.239774
515,-12.220792,-12.179827,-12.239253
516,-12.220692,-12.178613,-12.238976
517,-12.220466,-12.177349,-12.238221
518,-12.219606,-12.176677,-12.237078
519,-12.218628,-12.176657,-12.235567
520,-12.217049,-12.175579,-12.234425
521,-12.215647,-12.174941,-12.232979
522,-12.214286,-12.173916,-12.232658
523,-12.211883,-12.172780,-12.231624
524,-12.210275,-12.171652,-12.230147
525,-12.208998,-12.170454,-12.228825
526,-12.206787,-12.169203,-12.227630
527,-12.204613,-12.168885,-12.226812
528,-12.203175,-12.167566,-12.225966
529,-12.202203,-12.166997,-12.224937
530,-12.201421,-12.166856,-12.224879
531,-12.200909,-12.165399,-12.224481
532,-12.200248,-12.163949,-12.224487
533,-12.199442,-12.162806,-12.224927
534,-12.198604,-12.161954,-12.224842
535,-12.197175,-12.161076,-12.223052
536,-12.196017,-12.160257,-12.222370
537,-12.194666,-12.160139,-12.221391
538,-12.192661,-12.159857,-12.221266
539,-12.190865,-12.159064,-12.220498
540,-12.189411,-12.158122,-12.219128
541,-12.188728,-12.157485,-12.218472
542,-12.186798,-12.155926,-12.218235
543,-12.185633,-12.154802,-12.216954
544,-12.184697,-12.153686,-12.215004
545,-12.184940,-12.152202,-12.213942
546,-12.184299,-12.152313,-12.213525
547,-12.182174,-12.151681,-12.212600
548,-12.180919,-12.150799,-12.211876
549,-12.179833,-12.149501,-12.211828
550,-12.179772,-12.149099,-12.210876
551,-12.178960,-12.149004,-12.209731
552,-12.177749,-12.148390,-12.208946
553,-12.176180,-12.147427,-12.207551
554,-12.174376,-12.145993,-12.206692
555,-12.172929,-12.144356,-12.205567
556,-12.171759,-12.142094,-12.204970
557,-12.170338,-12.140359,-12.203348
558,-12.167665,-12.139061,-12.202322
559,-12.165635,-12.137613,-12.201265
560,-12.164152,-12.136771,-12.200907
561,-12.163414,-12.136251,-12.200765
562,-12.163207,-12.136003,-12.200165
563,-12.163646,-12.135112,-12.199474
564,-12.162462,-12.133319,-12.198372
565,-12.161500,-12.132060,-12.197887
566,-12.159727,-12.130763,-12.196893
567,-12.158124,-12.130415,-12.196797
568,-12.156668,-12.130336,-12.196642
569,-12.154967,-12.129813,-12.195138
570,-12.153660,-12.129124,-12.193357
571,-12.152456,-12.129005,-12.192627
572,-12.150779,-12.128241,-12.192311
573,-12.150743,-12.127346,-12.191804
574,-12.150080,-12.126824,-12.191162
575,-12.148923,-12.126360,-12.190516
576,-12.146989,-12.125411,-12.189291
577,-12.145285,-12.124886,-12.188020
578,-12.143312,-12.123791,-12.186126
579,-12.141176,-12.123753,-12.185382
580,-12.139944,-12.124389,-12.185360
581,-12.139819,-12.123232,-12.184326
582,-12.139057,-12.121977,-12.183017
583,-12.137929,-12.119875,-12.182517
584,-12.136296,-12.118605,-12.182023
585,-12.134740,-12.116622,-12.182214
586,-12.133475,-12.115225,-12.181933
587,-12.132020,-12.113437,-12.181740
588,-12.130223,-12.112050,-12.181117
589,-12.128558,-12.111336,-12.180547
590,-12.127952,-12.110772,-12.179250
591,-12.127957,-12.110038,-12.178937
592,-12.127901,-12.109121,-12.178202
593,-12.127056,-12.108729,-12.177489
594,-12.125096,-12.107831,-12.176050
595,-12.123013,-12.107989,-12.175135
596,-12.120876,-12.107113,-12.174153
597,-12.119761,-12.106039,-12.173324
598,-12.119205,-12.105572,-12.172810
599,-12.118005,-12.105035,-12.172416
600,-12.116424,-12.103495,-12.171374
601,-12.115408,-12.102567,-12.170703
602,-12.114844,-12.102485,-12.170482
603,-12.113842,-12.101055,-12.170505
604,-12.112073,-12.099340,-12.170344
605,-12.110505,-12.097718,-12.169850
606,-12.109447,-12.096424,-12.168862
607,-12.108709,-12.095359,-12.167612
608,-12.107520,-12.093144,-12.166810
609,-12.106490,-12.093188,-12.166509
610,-12.105068,-12.092219,-12.165934
611,-12.104074,-12.090233,-12.164743
612,-12.103374,-12.088542,-12.164370
613,-12.102383,-12.087714,-12.163411
614,-12.101369,-12.087089,-12.163594
615,-12.100458,-12.086286,-12.162038
616,-12.099142,-12.085093,-12.160543
617,-12.097078,-12.084711,-12.159289
618,-12.095313,-12.084154,-12.158306
619,-12.093299,-12.082998,-12.157656
620,-12.092261,-12.082451,-12.157331
621,-12.091002,-12.081406,-12.156147
622,-12.089292,-12.080958,-12.154845
623,-12.088309,-12.080147,-12.153932
624,-12.086728,-12.080379,-12.152649
625,-12.085183,-12.079509,-12.151595
626,-12.083463,-12.078888,-12.151102
627,-12.082298,-12.078064,-12.150741
628,-12.080441,-12.076646,-12.150476
629,-12.079221,-12.075112,-12.149801
630,-12.077530,-12.074101,-12.148389
631,-12.076484,-12.073767,-12.148833
632,-12.075798,-12.072923,-12.148716
633,-12.074325,-12.071842,-12.147396
634,-12.073349,-12.070277,-12.146128
635,-12.071579,-12.069643,-12.144600
636,-12.070092,-12.069372,-12.143796
637,-12.068501,-12.068916,-12.142014
638,-12.068014,-12.068208,-12.140509
639,-12.066879,-12.067267,-12.139874
640,-12.065523,-12.066470,-12.139094
641,-12.065043,-12.065842,-12.138444
642,-12.064300,-12.065042,-12.138300
643,-12.063362,-12.063802,-12.138217
644,-12.061114,-12.061991,-12.137527
645,-12.059770,-12.059872,-12.137033
646,-12.059182,-12.058533,-12.136807
647,-12.057205,-12.057801,-12.135749
648,-12.055866,-12.057513,-12.134489
649,-12.055022,-12.056575,-12.132864
650,-12.053557,-12.054513,-12.132632
651,-12.052418,-12.053445,-12.132975
652,-12.051066,-12.052542,-12.132267
653,-12.051325,-12.050919,-12.131452
654,-12.050199,-12.049947,-12.130430
655,-12.048567,-12.049866,-12.129459
656,-12.046705,-12.049155,-12.128102
657,-12.045557,-12.048778,-12.127402
658,-12.043564,-12.048188,-12.126990
659,-12.042296,-12.047630,-12.126779
660,-12.040439,-12.046901,-12.126063
661,-12.039045,-12.045732,-12.124723
662,-12.037840,-12.044276,-12.123519
663,-12.036575,-12.043238,-12.123162
664,-12.035754,-12.042776,-12.122183
665,-12.035156,-12.042603,-12.121793
666,-12.034324,-12.041622,-12.120872
667,-12.033216,-12.040413,-12.119285
668,-12.031575,-12.039627,-12.118163
669,-12.030196,-12.038822,-12.116743
670,-12.029757,-12.037608,-12.115401
671,-12.029513,-12.035778,-12.114712
672,-12.028704,-12.033815,-12.113580
673,-12.028456,-12.032584,-12.113529
674,-12.027184,-12.032555,-12.112945
675,-12.026230,-12.033028,-12.112059
676,-12.025401,-12.032279,-12.111710
677,-12.024686,-12.031221,-12.110907
678,-12.023226,-12.029885,-12.110568
679,-12.021060,-12.028603,-12.110666
680,-12.019401,-12.026094,-12.109705
681,-12.017864,-12.024640,-12.109127
682,-12.016919,-12.024096,-12.107768
683,-12.016271,-12.023129,-12.106663
684,-12.014470,-12.021580,-12.106332
685,-12.012784,-12.021003,-12.105938
686,-12.012054,-12.019860,-12.105229
687,-12.011209,-12.017979,-12.105038
688,-12.009955,-12.017264,-12.104532
689,-12.008551,-12.017004,-12.103654
690,-12.008133,-12.017034,-12.102663
691,-12.007790,-12.016631,-12.102555
692,-12.007646,-12.016012,-12.101788
693,-12.006752,-12.015092,-12.100507
694,-12.004892,-12.014355,-12.100634
695,-12.003594,-12.013123,-12.099494
696,-12.001649,-12.012030,-12.098054
697,-12.000830,-12.011298,-12.097669
698,-12.000260,-12.010564,-12.096893
699,-11.999591,-12.009556,-12.096866
700,-11.998203,-12.007964,-12.096242
701,-11.997479,-12.007152,-12.095982
702,-11.996264,-12.006083,-12.095192
703,-11.995137,-12.004405,-12.094227
704,-11.994317,-12.003082,-12.094484
705,-11.992713,-12.002190,-12.093483
706,-11.991207,-12.000530,-12.092532
707,-11.990083,-11.999239,-12.092097
708,-11.988466,-11.998156,-12.090912
709,-11.986988,-11.997887,-12.089975
710,-11.986718,-11.997668,-12.088741
711,-11.985483,-11.996929,-12.087530
712,-11.983995,-11.995866,-12.086550
713,-11.983421,-11.995132,-12.086280
714,-11.982487,-11.994873,-12.085608
715,-11.981826,-11.993659,-12.085091
716,-11.980474,-11.992942,-12.084259
717,-11.978488,-11.991886,-12.083354
718,-11.976985,-11.991111,-12.083201
719,-11.976462,-11.990603,-12.082532
720,-11.975137,-11.989848,-12.082203
721,-11.973463,-11.988637,-12.082198
722,-11.971732,-11.986937,-12.081983
723,-11.971517,-11.986257,-12.081233
724,-11.969781,-11.986048,-12.081065
725,-11.968590,-11.984819,-12.080704
726,-11.967795,-11.983841,-12.079604
727,-11.967155,-11.982668,-12.078512
728,-11.966898,-11.981233,-12.078119
729,-11.966065,-11.980384,-12.076685
730,-11.965149,-11.980081,-12.076296
731,-11.964149,-11.979749,-12.075836
732,-11.962944,-11.978874,-12.074223
733,-11.962315,-11.977772,-12.072623
734,-11.961236,-11.975755,-12.072790
735,-11.960064,-11.974609,-12.073153
736,-11.958870,-11.974513,-12.072825
737,-11.957603,-11.973561,-12.072414
738,-11.955916,-11.972247,-12.072290
739,-11.955377,-11.971526,-12.072190
740,-11.954589,-11.970713,-12.071218
741,-11.953720,-11.970000,-12.069747
742,-11.952446,-11.968656,-12.069118
743,-11.950919,-11.967134,-12.069371
744,-11.949898,-11.966075,-12.069508
745,-11.949271,-11.965268,-12.069660
746,-11.949192,-11.964543,-12.068844
747,-11.948573,-11.963721,-12.067882
748,-11.948244,-11.963016,-12.067572
749,-11.946655,-11.961282,-12.067247
750,-11.945016,-11.959450,-12.065888
751,-11.944820,-11.957868,-12.065259
752,-11.943745,-11.957281,-12.064605
753,-11.941952,-11.957254,-12.064312
754,-11.940891,-11.956525,-12.063109
755,-11.939100,-11.954901,-12.062595
756,-11.937706,-11.953364,-12.062251
757,-11.936940,-11.952077,-12.060407
758,-11.936905,-11.951152,-12.059357
759,-11.936225,-11.950012,-12.057778
760,-11.935152,-11.949340,-12.057401
761,-11.935328,-11.948850,-12.057058
762,-11.934405,-11.948624,-12.057307
763,-11.933552,-11.947576,-12.057809
764,-11.932154,-11.946502,-12.058051
765,-11.930588,-11.945881,-12.057584
766,-11.929516,-11.945124,-12.056965
767,-11.928540,-11.944236,-12.055841
768,-11.926846,-11.942703,-12.054948
769,-11.925954,-11.941221,-12.054491
770,-11.924182,-11.939425,-12.053675
771,-11.922321,-11.938683,-12.053299
772,-11.921024,-11.937457,-12.053077
773,-11.919310,-11.936223,-12.052053
774,-11.918993,-11.934539,-12.051027
775,-11.918800,-11.934504,-12.051005
776,-11.918261,-11.934375,-12.050753
777,-11.917428,-11.932582,-12.049856
778,-11.916965,-11.931615,-12.049418
779,-11.916102,-11.931231,-12.048509
780,-11.915343,-11.930643,-12.047737
781,-11.914880,-11.930639,-12.046912
782,-11.914578,-11.929911,-12.046681
783,-11.914728,-11.927949,-12.046648
784,-11.913235,-11.926346,-12.045436
785,-11.912542,-11.925002,-12.044542
786,-11.911564,-11.923243,-12.043647
787,-11.910521,-11.922195,-12.042475
788,-11.909657,-11.921225,-12.041957
789,-11.908907,-11.920928,-12.042561
790,-11.907914,-11.919901,-12.042704
791,-11.907465,-11.919326,-12.042786
792,-11.906901,-11.918215,-12.042756
793,-11.905783,-11.916951,-12.041758
794,-11.905562,-11.915791,-12.040204
795,-11.905175,-11.914358,-12.039379
796,-11.903967,-11.912363,-12.038751
797,-11.902558,-11.911392,-12.037891
798,-11.901875,-11.911153,-12.037143
799,-11.901929,-11.910632,-12.036974
800,-11.900918,-11.908677,-12.036516
801,-11.899357,-11.907519,-12.035994
802,-11.897006,-11.906932,-12.035657
803,-11.895861,-11.906542,-12.035184
804,-11.894625,-11.906905,-12.035205
805,-11.893727,-11.905664,-12.034678
806,-11.892742,-11.903653,-12.034277
807,-11.891098,-11.903004,-12.033641
808,-11.890392,-11.901944,-12.033390
809,-11.889631,-11.900902,-12.033103
810,-11.889251,-11.899173,-12.032353
811,-11.888105,-11.897858,-12.031856
812,-11.887228,-11.897562,-12.031412
813,-11.886081,-11.895975,-12.031338
814,-11.884088,-11.895197,-12.030777
815,-11.883247,-11.894024,-12.029722
816,-11.883350,-11.892972,-12.030219
817,-11.882416,-11.891514,-12.030162
818,-11.881181,-11.890312,-12.029187
819,-11.880707,-11.889665,-12.028170
820,-11.879946,-11.888630,-12.027463
821,-11.879139,-11.887628,-12.025802
822,-11.877915,-11.886381,-12.024351
823,-11.876778,-11.884450,-12.024444
824,-11.875041,-11.883691,-12.023700
825,-11.874315,-11.883077,-12.023171
826,-11.872912,-11.882171,-12.023025
827,-11.872393,-11.882326,-12.022194
828,-11.872341,-11.881957,-12.020763
829,-11.871743,-11.880737,-12.019492
830,-11.871190,-11.880260,-12.018870
831,-11.870841,-11.879905,-12.017660
832,-11.868954,-11.878846,-12.017561
833,-11.867953,-11.877133,-12.016929
834,-11.866583,-11.875344,-12.015741
835,-11.865975,-11.874574,-12.015264
836,-11.865686,-11.873070,-12.015321
837,-11.865302,-11.872404,-12.014568
838,-11.863220,-11.871674,-12.014608
839,-11.862637,-11.870135,-12.014274
840,-11.861645,-11.869423,-12.013039
841,-11.860154,-11.867846,-12.011716
842,-11.859004,-11.866162,-12.010812
843,-11.858003,-11.865963,-12.010630
844,-11.856224,-11.865690,-12.010425
845,-11.854684,-11.865151,-12.010035
846,-11.854911,-11.864551,-12.010142
847,-11.854586,-11.862754,-12.010471
848,-11.853428,-11.861211,-12.010046
849,-11.852813,-11.860265,-12.009317
850,-11.852752,-11.859487,-12.007943
851,-11.853117,-11.858779,-12.006807
852,-11.852267,-11.857345,-12.005480
853,-11.851199,-11.855908,-12.005046
854,-11.850477,-11.854918,-12.003352
855,-11.850258,-11.853529,-12.003033
856,-11.849005,-11.852439,-12.002503
857,-11.847379,-11.850711,-12.001952
858,-11.846871,-11.849042,-12.000676
859,-11.846284,-11.848012,-12.000065
860,-11.846449,-11.848019,-11.999264
861,-11.845516,-11.847151,-11.999400
862,-11.844226,-11.846700,-11.998878
863,-11.843056,-11.845152,-11.998640
864,-11.842522,-11.844219,-11.997725
865,-11.840662,-11.843116,-11.996319
866,-11.839784,-11.842561,-11.994949
867,-11.838011,-11.841810,-11.994863
868,-11.837714,-11.840818,-11.993750
869,-11.838137,-11.840024,-11.992814
870,-11.838669,-11.839190,-11.992101
871,-11.837467,-11.837943,-11.992025
872,-11.837083,-11.837207,-11.991130
873,-11.835985,-11.836602,-11.991303
874,-11.834762,-11.836378,-11.991522
875,-11.833524,-11.836471,-11.991520
876,-11.832384,-11.836622,-11.991596
877,-11.831615,-11.836137,-11.991778
878,-11.830714,-11.834691,-11.992274
879,-11.830158,-11.833738,-11.992387
880,-11.829311,-11.832334,-11.991552
881,-11.827708,-11.830992,-11.990745
882,-11.827207,-11.829958,-11.990253
883,-11.826459,-11.829071,-11.990207
884,-11.825534,-11.828761,-11.989058
885,-11.825082,-11.828125,-11.987358
886,-11.823568,-11.827493,-11.986296
887,-11.822917,-11.826673,-11.985500
888,-11.822925,-11.826062,-11.984865
889,-11.822529,-11.825841,-11.985068
890,-11.821699,-11.825265,-11.984468
891,-11.820810,-11.823872,-11.983272
892,-11.819873,-11.823435,-11.982082
893,-11.818235,-11.823241,-11.981055
894,-11.816759,-11.823221,-11.980594
895,-11.815677,-11.821721,-11.980547
896,-11.815517,-11.821182,-11.980268
897,-11.816006,-11.820178,-11.978615
898,-11.814711,-11.818713,-11.978352
899,-11.814103,-11.818140,-11.977724
900,-11.813035,-11.817521,-11.977461
901,-11.811525,-11.816584,-11.976455
902,-11.810909,-11.815754,-11.976256
903,-11.809045,-11.814914,-11.975842
904,-11.808086,-11.815213,-11.975587
905,-11.808444,-11.814963,-11.975625
906,-11.808243,-11.813305,-11.974631
907,-11.807487,-11.812674,-11.973955
908,-11.806367,-11.811395,-11.973301
909,-11.805788,-11.810619,-11.972442
910,-11.805803,-11.809580,-11.971455
911,-11.805505,-11.809503,-11.970855
912,-11.805451,-11.808931,-11.970533
913,-11.804801,-11.807630,-11.970152
914,-11.804675,-11.806765,-11.970785
915,-11.804036,-11.804529,-11.970424
916,-11.803216,-11.802879,-11.969591
917,-11.802291,-11.802142,-11.968292
918,-11.801666,-11.802240,-11.967375
919,-11.800351,-11.802034,-11.966883
920,-11.798722,-11.801318,-11.965537
921,-11.797850,-11.800080,-11.965091
922,-11.797212,-11.798595,-11.964383
923,-11.797066,-11.797478,-11.963257
924,-11.796956,-11.796588,-11.963051
925,-11.796627,-11.796165,-11.963587
926,-11.795761,-11.795409,-11.963576
927,-11.795317,-11.795484,-11.963248
928,-11.794111,-11.795484,-11.962666
929,-11.791839,-11.794311,-11.962989
930,-11.790269,-11.793650,-11.962762
931,-11.789646,-11.793234,-11.962695
932,-11.789365,-11.792436,-11.962398
933,-11.788560,-11.791543,-11.961344
934,-11.787401,-11.790509,-11.960749
935,-11.786195,-11.788144,-11.960256
936,-11.785493,-11.786968,-11.959411
937,-11.784104,-11.786065,-11.957907
938,-11.783869,-11.784815,-11.957456
939,-11.783475,-11.784246,-11.956588
940,-11.783560,-11.782791,-11.956821
941,-11.783542,-11.782273,-11.956550
942,-11.782181,-11.781893,-11.956732
943,-11.780818,-11.781646,-11.957013
944,-11.780385,-11.781324,-11.956300
945,-11.779626,-11.780137,-11.955906
946,-11.778871,-11.780017,-11.955953
947,-11.778229,-11.779207,-11.955241
948,-11.777629,-11.778564,-11.953824
949,-11.776796,-11.778022,-11.953578
950,-11.775976,-11.777413,-11.953266
951,-11.775264,-11.776703,-11.952386
952,-11.773718,-11.775802,-11.952381
953,-11.772928,-11.776718,-11.951386
954,-11.771436,-11.776947,-11.950570
955,-11.770831,-11.775989,-11.949243
956,-11.770606,-11.773483,-11.948999
957,-11.769786,-11.772035,-11.949366
958,-11.768754,-11.771233,-11.948346
959,-11.768187,-11.770424,-11.946338
960,-11.768080,-11.770007,-11.945595
961,-11.767461,-11.769394,-11.945381
962,-11.766962,-11.767901,-11.945861
963,-11.765512,-11.767089,-11.946037
964,-11.764862,-11.765430,-11.946069
965,-11.765221,-11.764052,-11.945536
966,-11.765202,-11.763885,-11.944149
967,-11.765175,-11.763504,-11.944314
968,-11.764635,-11.762368,-11.944705
969,-11.763452,-11.761539,-11.944059
970,-11.761965,-11.760363,-11.942816
971,-11.761219,-11.759254,-11.940432
972,-11.760875,-11.758537,-11.938220
973,-11.760305,-11.756892,-11.937593
974,-11.760389,-11.755968,-11.937604
975,-11.759604,-11.755183,-11.938106
976,-11.759284,-11.756020,-11.937689
977,-11.758656,-11.755696,-11.938189
978,-11.757545,-11.755455,-11.937550
979,-11.756697,-11.754282,-11.937051
980,-11.756176,-11.753052,-11.936672
981,-11.755659,-11.751793,-11.936379
982,-11.754917,-11.750536,-11.936110
983,-11.753852,-11.749586,-11.935859
984,-11.753237,-11.748898,-11.935079
985,-11.751334,-11.748536,-11.934231
986,-11.750403,-11.748457,-11.933785
987,-11.749788,-11.747880,-11.933341
988,-11.748396,-11.746557,-11.933191
989,-11.747475,-11.745458,-11.933318
990,-11.747041,-11.744803,-11.932651
991,-11.748333,-11.743538,-11.931792
992,-11.748077,-11.743376,-11.931392
993,-11.748653,-11.743151,-11.930343
994,-11.747446,-11.742090,-11.929961
995,-11.745665,-11.741364,-11.928957
996,-11.744990,-11.740929,-11.928796
997,-11.743974,-11.741118,-11.929197
998,-11.743223,-11.741242,-11.928670
999,-11.741631,-11.739426,-11.927682
1000,-11.740467,-11.737100,-11.926607
1001,-11.739728,-11.736257,-11.926478
1002,-11.739583,-11.735705,-11.927076
1003,-11.739008,-11.735281,-11.927862
1004,-11.738267,-11.734798,-11.927375
1005,-11.737459,-11.734558,-11.926676
1006,-11.736591,-11.733767,-11.926308
1007,-11.735376,-11.733785,-11.925688
1008,-11.735178,-11.734306,-11.924722
1009,-11.734250,-11.732898,-11.924713
1010,-11.733966,-11.732516,-11.924299
1011,-11.733423,-11.731384,-11.924285
1012,-11.732923,-11.730914,-11.923935
1013,-11.732075,-11.730499,-11.923124
1014,-11.731508,-11.729783,-11.921753
1015,-11.731055,-11.729192,-11.920466
1016,-11.730530,-11.728997,-11.920251
1017,-11.730888,-11.727692,-11.919683
1018,-11.729770,-11.727008,-11.919405
1019,-11.728815,-11.725135,-11.919370
1020,-11.726967,-11.724346,-11.918516
1021,-11.726568,-11.723652,-11.918040
1022,-11.725752,-11.723113,-11.917484
1023,-11.724578,-11.722311,-11.917192
1024,-11.724320,-11.721305,-11.916781
1025,-11.722911,-11.721247,-11.915574
1026,-11.721627,-11.721220,-11.914554
1027,-11.720411,-11.719694,-11.913773
1028,-11.719339,-11.718986,-11.912998
1029,-11.718134,-11.717529,-11.913460
1030,-11.717464,-11.716637,-11.913658
1031,-11.716912,-11.715944,-11.913567
1032,-11.716763,-11.715043,-11.912687
1033,-11.715735,-11.714531,-11.912376
1034,-11.715040,-11.714626,-11.911269
1035,-11.713947,-11.714269,-11.911363
1036,-11.713295,-11.713700,-11.910890
1037,-11.713751,-11.713781,-11.910093
1038,-11.712934,-11.714128,-11.908537
1039,-11.711908,-11.713755,-11.907806
1040,-11.710914,-11.713188,-11.907166
1041,-11.711202,-11.712763,-11.907327
1042,-11.710940,-11.712293,-11.907832
1043,-11.710661,-11.710717,-11.907862
1044,-11.709451,-11.709744,-11.907439
1045,-11.708260,-11.709060,-11.906317
1046,-11.708497,-11.707138,-11.906313
1047,-11.707937,-11.705361,-11.905560
1048,-11.707295,-11.703597,-11.904777
1049,-11.707106,-11.702376,-11.904166
1050,-11.706757,-11.701451,-11.905038
1051,-11.706408,-11.700631,-11.904776
1052,-11.705244,-11.700016,-11.904667
1053,-11.704636,-11.698869,-11.903251
1054,-11.703980,-11.696917,-11.901840
1055,-11.704133,-11.695891,-11.901355
1056,-11.703297,-11.695298,-11.900258
1057,-11.702331,-11.695205,-11.899476
1058,-11.700646,-11.695447,-11.898510
1059,-11.699707,-11.694535,-11.897806
1060,-11.699185,-11.693929,-11.896451
1061,-11.697994,-11.693906,-11.896220
1062,-11.697800,-11.693217,-11.896161
1063,-11.696569,-11.693258,-11.895768
1064,-11.695289,-11.693337,-11.896102
1065,-11.693895,-11.692085,-11.896085
1066,-11.692655,-11.691361,-11.895505
1067,-11.692609,-11.690291,-11.895316
1068,-11.692174,-11.689197,-11.895965
1069,-11.692214,-11.688665,-11.895676
1070,-11.691223,-11.687909,-11.895217
1071,-11.689302,-11.687142,-11.894833
1072,-11.689022,-11.685658,-11.894469
1073,-11.688624,-11.684696,-11.894297
1074,-11.688275,-11.684683,-11.893770
1075,-11.687099,-11.684480,-11.893079
1076,-11.686744,-11.683784,-11.892518
1077,-11.685427,-11.682876,-11.892892
1078,-11.685404,-11.682197,-11.892833
1079,-11.685485,-11.682224,-11.893119
1080,-11.684364,-11.681225,-11.893219
1081,-11.683130,-11.680683,-11.893200
1082,-11.681241,-11.678982,-11.892650
1083,-11.679947,-11.678137,-11.892322
1084,-11.679161,-11.677545,-11.891719
1085,-11.678623,-11.677374,-11.890897
1086,-11.677412,-11.677140,-11.890076
1087,-11.676205,-11.676741,-11.889406
1088,-11.675858,-11.676397,-11.888010
1089,-11.675122,-11.675597,-11.886723
1090,-11.674475,-11.674285,-11.886013
1091,-11.673851,-11.672993,-11.885179
1092,-11.672423,-11.673082,-11.885207
1093,-11.671595,-11.672272,-11.885380
1094,-11.670840,-11.671452,-11.883785
1095,-11.670128,-11.670829,-11.882764
1096,-11.669676,-11.670014,-11.882292
1097,-11.670009,-11.669236,-11.881649
1098,-11.669273,-11.668798,-11.881672
1099,-11.668281,-11.668343,-11.881557
1100,-11.667075,-11.668058,-11.880752
1101,-11.666090,-11.666790,-11.880202
1102,-11.665818,-11.665141,-11.880180
1103,-11.665791,-11.663763,-11.879548
1104,-11.665334,-11.663086,-11.878782
1105,-11.663901,-11.662777,-11.878007
1106,-11.662973,-11.662460,-11.877329
1107,-11.662410,-11.662422,-11.877467
1108,-11.661605,-11.662841,-11.877378
1109,-11.660695,-11.662957,-11.877625
1110,-11.660622,-11.661309,-11.877274
1111,-11.659728,-11.659416,-11.877291
1112,-11.658702,-11.658804,-11.877482
1113,-11.658432,-11.657687,-11.877923
1114,-11.657872,-11.657739,-11.876974
1115,-11.656732,-11.657535,-11.876795
1116,-11.655497,-11.657175,-11.876205
1117,-11.653962,-11.657246,-11.875299
1118,-11.652890,-11.656650,-11.873981
1119,-11.652522,-11.655623,-11.872942
1120,-11.651348,-11.654607,-11.872758
1121,-11.650110,-11.653869,-11.873268
1122,-11.648773,-11.652184,-11.872588
1123,-11.647418,-11.650920,-11.872589
1124,-11.646049,-11.649885,-11.872462
1125,-11.646256,-11.648687,-11.872035
1126,-11.645570,-11.648459,-11.871672
1127,-11.645499,-11.647664,-11.871242
1128,-11.644872,-11.648261,-11.871443
1129,-11.645423,-11.648130,-11.871813
1130,-11.644041,-11.647588,-11.872713
1131,-11.642846,-11.647423,-11.872767
1132,-11.641494,-11.646900,-11.872034
1133,-11.641652,-11.646692,-11.871511
1134,-11.641464,-11.645873,-11.870402
1135,-11.640800,-11.645178,-11.869290
1136,-11.639605,-11.643790,-11.868303
1137,-11.638930,-11.643464,-11.867851
1138,-11.638287,-11.643115,-11.867165
1139,-11.637707,-11.643004,-11.866806
1140,-11.636425,-11.642388,-11.865904
1141,-11.636233,-11.642086,-11.864865
1142,-11.635316,-11.640997,-11.864099
1143,-11.634655,-11.640235,-11.864155
1144,-11.635092,-11.639192,-11.863955
1145,-11.633924,-11.638413,-11.864649
1146,-11.632985,-11.638108,-11.863894
1147,-11.632952,-11.636983,-11.863406
1148,-11.632717,-11.635854,-11.863544
1149,-11.631490,-11.634002,-11.863865
1150,-11.630059,-11.633112,-11.864192
1151,-11.629695,-11.632981,-11.863727
1152,-11.628365,-11.632979,-11.863884
1153,-11.627301,-11.632691,-11.863268
1154,-11.626852,-11.631441,-11.862882
1155,-11.626067,-11.630767,-11.861756
1156,-11.625700,-11.630350,-11.860830
1157,-11.625603,-11.629972,-11.859822
1158,-11.624585,-11.629196,-11.859464
1159,-11.623230,-11.628819,-11.858398
1160,-11.621932,-11.629098,-11.857305
1161,-11.621062,-11.629252,-11.857533
1162,-11.620969,-11.628787,-11.857173
1163,-11.620465,-11.628357,-11.856890
1164,-11.619883,-11.627740,-11.856664
1165,-11.619238,-11.626874,-11.856517
1166,-11.618219,-11.626167,-11.855297
1167,-11.617267,-11.624816,-11.854787
1168,-11.616703,-11.623883,-11.853894
1169,-11.616801,-11.622788,-11.853000
1170,-11.616687,-11.621730,-11.852008
1171,-11.615433,-11.621457,-11.851416
1172,-11.614013,-11.620422,-11.851244
1173,-11.614311,-11.619879,-11.850666
1174,-11.614136,-11.619052,-11.851576
1175,-11.613461,-11.617456,-11.851776
1176,-11.612700,-11.616624,-11.851590
1177,-11.610958,-11.615347,-11.851249
1178,-11.610345,-11.615609,-11.849591
1179,-11.609990,-11.614762,-11.849240
1180,-11.608780,-11.613927,-11.848768
1181,-11.607966,-11.612849,-11.848677
1182,-11.608125,-11.611876,-11.848902
1183,-11.607194,-11.611791,-11.847902
1184,-11.606243,-11.611381,-11.847130
1185,-11.606048,-11.611083,-11.846849
1186,-11.605366,-11.610416,-11.846799
1187,-11.604712,-11.610045,-11.845836
1188,-11.603692,-11.609562,-11.844510
1189,-11.603279,-11.610373,-11.843478
1190,-11.601976,-11.610367,-11.843062
1191,-11.601116,-11.609902,-11.842493
1192,-11.600995,-11.609665,-11.842836
1193,-11.600985,-11.610142,-11.842657
1194,-11.600003,-11.609951,-11.842619
1195,-11.598288,-11.609219,-11.841718
1196,-11.597406,-11.608559,-11.840059
1197,-11.597449,-11.608386,-11.838486
1198,-11.596522,-11.608579,-11.838064
1199,-11.595825,-11.607945,-11.838337
1200,-11.595828,-11.606796,-11.838610
1201,-11.594857,-11.605923,-11.839004
1202,-11.593804,-11.604515,-11.839334
1203,-11.592373,-11.603084,-11.839062
1204,-11.591478,-11.602004,-11.839033
1205,-11.590416,-11.600332,-11.839140
1206,-11.590193,-11.599313,-11.838319
1207,-11.589433,-11.598688,-11.837143
1208,-11.588912,-11.597577,-11.836072
1209,-11.588449,-11.596829,-11.835814
1210,-11.587980,-11.596613,-11.835421
1211,-11.587343,-11.595267,-11.834380
1212,-11.587711,-11.594765,-11.834001
1213,-11.587690,-11.594907,-11.834033
1214,-11.586765,-11.594517,-11.833774
1215,-11.585844,-11.594776,-11.832848
1216,-11.585418,-11.594519,-11.832550
1217,-11.584833,-11.593558,-11.832678
1218,-11.584160,-11.592182,-11.831934
1219,-11.583539,-11.591205,-11.831532
1220,-11.582848,-11.590633,-11.831981
1221,-11.582935,-11.589818,-11.831540
1222,-11.582158,-11.588966,-11.831289
1223,-11.580317,-11.588022,-11.831687
1224,-11.579400,-11.587578,-11.831131
1225,-11.578380,-11.587190,-11.830925
1226,-11.577262,-11.586794,-11.829762
1227,-11.576386,-11.586821,-11.828679
1228,-11.576295,-11.586268,-11.827497
1229,-11.576502,-11.585607,-11.826445
1230,-11.576980,-11.584275,-11.825601
1231,-11.576421,-11.583312,-11.825169
1232,-11.576306,-11.582987,-11.824051
1233,-11.575831,-11.582737,-11.824062
1234,-11.574900,-11.582509,-11.823568
1235,-11.574494,-11.582226,-11.822832
1236,-11.573959,-11.581670,-11.822219
1237,-11.574830,-11.580798,-11.821950
1238,-11.574408,-11.580018,-11.821000
1239,-11.573648,-11.579538,-11.821191
1240,-11.572939,-11.579343,-11.821377
1241,-11.571902,-11.578644,-11.820724
1242,-11.571579,-11.577251,-11.820515
1243,-11.571084,-11.576480,-11.819798
1244,-11.570794,-11.575892,-11.819653
1245,-11.570695,-11.575457,-11.819714
1246,-11.569542,-11.576385,-11.819586
1247,-11.568723,-11.576018,-11.819440
1248,-11.567591,-11.575765,-11.819819
1249,-11.567575,-11.575196,-11.818614
1250,-11.566529,-11.574025,-11.818420
1251,-11.565958,-11.573327,-11.818778
1252,-11.565313,-11.572733,-11.818207
1253,-11.565222,-11.571198,-11.817845
1254,-11.564608,-11.570322,-11.817109
1255,-11.563992,-11.571025,-11.816675
1256,-11.562453,-11.570555,-11.816284
1257,-11.560901,-11.569820,-11.814927
1258,-11.560121,-11.568090,-11.814512
1259,-11.559204,-11.566935,-11.814966
1260,-11.558901,-11.566115,-11.815320
1261,-11.559188,-11.565025,-11.815465
1262,-11.558881,-11.565346,-11.815046
1263,-11.557712,-11.564666,-11.814797
1264,-11.558093,-11.563766,-11.814555
1265,-11.558620,-11.563363,-11.813882
1266,-11.558861,-11.563091,-11.814194
1267,-11.558099,-11.562382,-11.813741
1268,-11.557192,-11.561207,-11.812689
1269,-11.555854,-11.560938,-11.811415
1270,-11.554340,-11.560732,-11.810597
1271,-11.552766,-11.560360,-11.808920
1272,-11.551758,-11.559569,-11.807708
1273,-11.551514,-11.559703,-11.807436
1274,-11.551327,-11.559376,-11.807385
1275,-11.551551,-11.558856,-11.807128
1276,-11.550929,-11.558231,-11.807125
1277,-11.550639,-11.558108,-11.807267
1278,-11.550465,-11.558637,-11.806758
1279,-11.550054,-11.558436,-11.806381
1280,-11.549687,-11.557800,-11.806234
1281,-11.548321,-11.556386,-11.806390
1282,-11.547614,-11.556122,-11.805347
1283,-11.547248,-11.555680,-11.805020
1284,-11.546727,-11.555321,-11.804326
1285,-11.546204,-11.554216,-11.803784
1286,-11.545419,-11.553306,-11.802896
1287,-11.544400,-11.552596,-11.803707
1288,-11.543589,-11.551869,-11.803647
1289,-11.542703,-11.551548,-11.803353
1290,-11.542027,-11.551040,-11.803156
1291,-11.540951,-11.551152,-11.802771
1292,-11.540728,-11.551313,-11.802374
1293,-11.540147,-11.550450,-11.800976
1294,-11.539610,-11.548462,-11.800471
1295,-11.538810,-11.547231,-11.799052
1296,-11.538732,-11.547047,-11.798981
1297,-11.539138,-11.545935,-11.799122
1298,-11.538604,-11.545022,-11.798615
1299,-11.538519,-11.544450,-11.797765
1300,-11.538223,-11.543980,-11.796927
1301,-11.538396,-11.542950,-11.795917
1302,-11.537923,-11.542093,-11.795482
1303,-11.537058,-11.541114,-11.795896
1304,-11.536028,-11.540512,-11.796124
1305,-11.534884,-11.540489,-11.796973
1306,-11.533923,-11.540235,-11.796146
1307,-11.533318,-11.539718,-11.796047
1308,-11.532510,-11.539954,-11.796084
1309,-11.532101,-11.539580,-11.795247
1310,-11.531736,-11.539348,-11.793916
1311,-11.531218,-11.538943,-11.793825
1312,-11.530326,-11.538516,-11.794502
1313,-11.529940,-11.536734,-11.794439
1314,-11.529384,-11.535630,-11.794605
1315,-11.529263,-11.534633,-11.794211
1316,-11.528555,-11.534844,-11.793074
1317,-11.528225,-11.533713,-11.792055
1318,-11.528061,-11.532557,-11.791487
1319,-11.527418,-11.531827,-11.791839
1320,-11.527912,-11.531351,-11.791613
1321,-11.528370,-11.530348,-11.791542
1322,-11.528044,-11.530333,-11.791139
1323,-11.527342,-11.529912,-11.791448
1324,-11.526523,-11.528674,-11.791207
1325,-11.526904,-11.527915,-11.790401
1326,-11.527007,-11.528006,-11.790482
1327,-11.526441,-11.526748,-11.790111
1328,-11.526170,-11.525401,-11.789288
1329,-11.525177,-11.525260,-11.789252
1330,-11.523692,-11.524438,-11.789038
1331,-11.522689,-11.523461,-11.787974
1332,-11.522595,-11.521971,-11.786555
1333,-11.521401,-11.521613,-11.786247
1334,-11.519812,-11.520998,-11.786139
1335,-11.518510,-11.520907,-11.785578
1336,-11.517698,-11.520383,-11.786307
1337,-11.517011,-11.519640,-11.787240
1338,-11.516806,-11.519004,-11.786444
1339,-11.516717,-11.518769,-11.785742
1340,-11.515987,-11.518978,-11.785121
1341,-11.515635,-11.518983,-11.784458
1342,-11.515611,-11.518987,-11.783702
1343,-11.516039,-11.518339,-11.783525
1344,-11.514811,-11.517499,-11.783138
1345,-11.513357,-11.516850,-11.782471
1346,-11.512987,-11.516199,-11.782317
1347,-11.511979,-11.515911,-11.781803
1348,-11.510755,-11.515622,-11.780948
1349,-11.510907,-11.515663,-11.780886
1350,-11.510776,-11.515195,-11.781098
1351,-11.510364,-11.515057,-11.780737
1352,-11.510364,-11.514317,-11.780510
1353,-11.509932,-11.513576,-11.779752
1354,-11.509619,-11.513472,-11.779401
1355,-11.509437,-11.513161,-11.777636
1356,-11.509562,-11.512902,-11.777607
1357,-11.509141,-11.513177,-11.777386
1358,-11.508364,-11.512498,-11.778134
1359,-11.508515,-11.512051,-11.777959
1360,-11.508051,-11.510987,-11.777479
1361,-11.507456,-11.509430,-11.776294
1362,-11.506661,-11.508094,-11.775659
1363,-11.506008,-11.506855,-11.775546
1364,-11.505822,-11.506430,-11.775249
1365,-11.505408,-11.506518,-11.775524
1366,-11.504638,-11.506600,-11.775449
1367,-11.503983,-11.506380,-11.775587
1368,-11.503036,-11.505818,-11.774825
1369,-11.502632,-11.504971,-11.773712
1370,-11.501672,-11.503911,-11.773552
1371,-11.501982,-11.503948,-11.773431
1372,-11.502417,-11.503006,-11.771542
1373,-11.501506,-11.501955,-11.771473
1374,-11.501315,-11.501716,-11.770865
1375,-11.500369,-11.501896,-11.770413
1376,-11.500475,-11.501846,-11.770738
1377,-11.499340,-11.501933,-11.770132
1378,-11.497981,-11.502017,-11.769231
1379,-11.497871,-11.501895,-11.768225
1380,-11.497674,-11.500974,-11.768711
1381,-11.497184,-11.499838,-11.768626
1382,-11.496819,-11.498432,-11.768671
1383,-11.496954,-11.498304,-11.767996
1384,-11.497433,-11.497754,-11.768178
1385,-11.497057,-11.496892,-11.768528
1386,-11.496705,-11.495594,-11.767686
1387,-11.495098,-11.494153,-11.766865
1388,-11.493994,-11.492603,-11.766237
1389,-11.492761,-11.492658,-11.763718
1390,-11.491497,-11.492074,-11.763350
1391,-11.490771,-11.491957,-11.763416
1392,-11.490007,-11.491937,-11.763488
1393,-11.489539,-11.492315,-11.763622
1394,-11.488991,-11.491626,-11.763570
1395,-11.488288,-11.490860,-11.762729
1396,-11.487874,-11.490368,-11.762290
1397,-11.487951,-11.490283,-11.762228
1398,-11.488011,-11.490321,-11.762515
1399,-11.487904,-11.490630,-11.762401
1400,-11.486699,-11.490040,-11.761843
1401,-11.485589,-11.489873,-11.761160
1402,-11.485137,-11.489543,-11.760911
1403,-11.485442,-11.488361,-11.760565
1404,-11.485548,-11.487352,-11.759984
1405,-11.484763,-11.486950,-11.760235
1406,-11.483937,-11.486900,-11.759693
1407,-11.483198,-11.486383,-11.758659
1408,-11.483105,-11.486121,-11.758752
1409,-11.482151,-11.485569,-11.758894
1410,-11.482233,-11.484884,-11.758807
1411,-11.482083,-11.484412,-11.757710
1412,-11.481190,-11.483387,-11.757157
1413,-11.481376,-11.482368,-11.756894
1414,-11.481754,-11.481440,-11.756379
1415,-11.481813,-11.480698,-11.756534
1416,-11.481302,-11.479219,-11.756629
1417,-11.480819,-11.478896,-11.756363
1418,-11.480312,-11.479203,-11.756149
1419,-11.480480,-11.479878,-11.756402
1420,-11.480155,-11.479076,-11.755773
1421,-11.479690,-11.477845,-11.755477
1422,-11.478584,-11.476719,-11.755268
1423,-11.478032,-11.475971,-11.754872
1424,-11.476859,-11.475320,-11.754437
1425,-11.475986,-11.475207,-11.753841
1426,-11.475870,-11.475222,-11.753571
1427,-11.474809,-11.475166,-11.753726
1428,-11.474173,-11.474528,-11.753709
1429,-11.473936,-11.473746,-11.753617
1430,-11.474192,-11.472767,-11.753801
1431,-11.474722,-11.471663,-11.753313
1432,-11.474813,-11.470779,-11.752239
1433,-11.474420,-11.470337,-11.750574
1434,-11.473464,-11.470134,-11.749981
1435,-11.472322,-11.469106,-11.750086
1436,-11.472344,-11.468278,-11.749266
1437,-11.471750,-11.467480,-11.748891
1438,-11.471691,-11.467066,-11.749562
1439,-11.472112,-11.466953,-11.749706
1440,-11.471704,-11.467183,-11.749055
1441,-11.471318,-11.466586,-11.748948
1442,-11.470328,-11.466742,-11.748086
1443,-11.469765,-11.465868,-11.748003
1444,-11.469668,-11.464869,-11.747910
1445,-11.468518,-11.464441,-11.747397
1446,-11.468046,-11.464696,-11.747961
1447,-11.467177,-11.465159,-11.749247
1448,-11.467451,-11.464239,-11.749788
1449,-11.466986,-11.463110,-11.749568
1450,-11.466661,-11.463171,-11.748925
1451,-11.466166,-11.463188,-11.749198
1452,-11.465487,-11.462436,-11.749143
1453,-11.465109,-11.461559,-11.747936
1454,-11.463638,-11.460836,-11.746883
1455,-11.462470,-11.460110,-11.746881
1456,-11.461810,-11.458773,-11.746497
1457,-11.461784,-11.458329,-11.746650
1458,-11.461382,-11.457842,-11.746829
1459,-11.461905,-11.457103,-11.745722
1460,-11.461128,-11.455941,-11.745514
1461,-11.460744,-11.455134,-11.745577
1462,-11.460765,-11.454357,-11.745958
1463,-11.461037,-11.454121,-11.744893
1464,-11.460470,-11.453970,-11.743936
1465,-11.460513,-11.453391,-11.744228
1466,-11.460020,-11.452719,-11.744140
1467,-11.459778,-11.452799,-11.743931
1468,-11.460144,-11.453168,-11.742920
1469,-11.459437,-11.452640,-11.741969
1470,-11.458586,-11.451195,-11.742178
1471,-11.457926,-11.450073,-11.742295
1472,-11.456703,-11.448157,-11.742094
1473,-11.455658,-11.447451,-11.741961
1474,-11.454384,-11.448407,-11.742041
1475,-11.454134,-11.448339,-11.741450
1476,-11.453601,-11.448168,-11.740432
1477,-11.452218,-11.448400,-11.739469
1478,-11.451577,-11.448031,-11.739381
1479,-11.450972,-11.447057,-11.739630
1480,-11.450839,-11.447237,-11.739841
1481,-11.450413,-11.447288,-11.738655
1482,-11.450296,-11.447472,-11.737163
1483,-11.450227,-11.446710,-11.737635
1484,-11.448414,-11.446419,-11.737686
1485,-11.446711,-11.445511,-11.736825
1486,-11.446320,-11.444575,-11.735599
1487,-11.445790,-11.444214,-11.734948
1488,-11.445291,-11.443691,-11.735292
1489,-11.445448,-11.443752,-11.735612
1490,-11.445200,-11.442893,-11.734704
1491,-11.445142,-11.442437,-11.733321
1492,-11.445356,-11.442589,-11.732752
1493,-11.445865,-11.442552,-11.732695
1494,-11.446030,-11.442206,-11.732672
1495,-11.446264,-11.442015,-11.732649
1496,-11.445629,-11.441190,-11.732165
1497,-11.444578,-11.440802,-11.731156
1498,-11.443389,-11.439836,-11.730689
1499,-11.442306,-11.439409,-11.730804
1500,-11.441687,-11.438433,-11.731101
1501,-11.441434,-11.438166,-11.730181
1502,-11.441301,-11.437103,-11.729626
1503,-11.441012,-11.436673,-11.729515
1504,-11.440622,-11.436281,-11.729411
1505,-11.440721,-11.435646,-11.728987
1506,-11.439878,-11.435049,-11.729369
1507,-11.439002,-11.434165,-11.729878
1508,-11.438339,-11.433515,-11.730337
1509,-11.438613,-11.432239,-11.731400
1510,-11.438907,-11.431356,-11.732384
1511,-11.439164,-11.432008,-11.732356
1512,-11.439162,-11.431449,-11.732221
1513,-11.439256,-11.430909,-11.732150
1514,-11.438816,-11.430248,-11.731424
1515,-11.437878,-11.429591,-11.731364
1516,-11.437324,-11.429710,-11.731925
1517,-11.436212,-11.429452,-11.731351
1518,-11.435330,-11.429922,-11.730562
1519,-11.434672,-11.429767,-11.729856
1520,-11.433249,-11.430314,-11.729336
1521,-11.431915,-11.429335,-11.728690
1522,-11.431757,-11.428760,-11.727777
1523,-11.431505,-11.428284,-11.727227
1524,-11.431299,-11.427803,-11.726155
1525,-11.431401,-11.426884,-11.726370
1526,-11.430693,-11.425944,-11.726158
1527,-11.430934,-11.425771,-11.725941
1528,-11.431109,-11.424577,-11.724480
1529,-11.430676,-11.424393,-11.724292
1530,-11.430455,-11.424568,-11.723559
1531,-11.429863,-11.424133,-11.722830
1532,-11.429882,-11.423302,-11.722807
1533,-11.429435,-11.423200,-11.721999
1534,-11.428831,-11.423921,-11.721633
1535,-11.428893,-11.423603,-11.721942
1536,-11.428638,-11.422979,-11.721490
1537,-11.428798,-11.422026,-11.721055
1538,-11.428730,-11.421393,-11.722145
1539,-11.429021,-11.419671,-11.723283
1540,-11.428113,-11.418369,-11.724731
1541,-11.427178,-11.416616,-11.724447
1542,-11.425963,-11.416096,-11.723221
1543,-11.425364,-11.416137,-11.722128
1544,-11.425206,-11.416024,-11.721587
1545,-11.424527,-11.415974,-11.720713
1546,-11.423364,-11.416263,-11.719811
1547,-11.422562,-11.415882,-11.720231
1548,-11.422194,-11.416417,-11.719551
1549,-11.422179,-11.415645,-11.719184
1550,-11.421243,-11.414781,-11.718175
1551,-11.420508,-11.413590,-11.717845
1552,-11.419539,-11.413259,-11.717057
1553,-11.418925,-11.412292,-11.716810
1554,-11.418102,-11.412561,-11.716823
1555,-11.417767,-11.412863,-11.716741
1556,-11.417891,-11.412970,-11.716400
1557,-11.418616,-11.412949,-11.716117
1558,-11.418255,-11.412797,-11.715811
1559,-11.417291,-11.412844,-11.716276
1560,-11.416919,-11.412298,-11.716882
1561,-11.415591,-11.412064,-11.717159
1562,-11.414658,-11.411446,-11.716815
1563,-11.413884,-11.410070,-11.716302
1564,-11.413673,-11.409024,-11.716125
1565,-11.413573,-11.408353,-11.714996
1566,-11.412772,-11.408258,-11.714709
1567,-11.412917,-11.407823,-11.714694
1568,-11.413285,-11.407280,-11.714401
1569,-11.413476,-11.406243,-11.713633
1570,-11.412992,-11.405921,-11.712708
1571,-11.412820,-11.406195,-11.712524
1572,-11.412226,-11.406758,-11.711771
1573,-11.411628,-11.406504,-11.711715
1574,-11.411595,-11.405290,-11.711377
1575,-11.411340,-11.404991,-11.711799
1576,-11.412040,-11.405222,-11.711834
1577,-11.412185,-11.404845,-11.711363
1578,-11.411503,-11.404219,-11.710831
1579,-11.410705,-11.404133,-11.710937
1580,-11.410936,-11.402606,-11.710984
1581,-11.411477,-11.400432,-11.710779
1582,-11.411267,-11.399318,-11.710666
1583,-11.410171,-11.398722,-11.710646
1584,-11.409288,-11.398613,-11.710662
1585,-11.408860,-11.398235,-11.709874
1586,-11.408346,-11.397390,-11.710064
1587,-11.407304,-11.396928,-11.709637
1588,-11.406690,-11.396274,-11.709370
1589,-11.406524,-11.395789,-11.709532
1590,-11.406240,-11.395096,-11.708842
1591,-11.405877,-11.395073,-11.707931
1592,-11.405462,-11.395055,-11.707506
1593,-11.404825,-11.394313,-11.707124
1594,-11.403980,-11.394335,-11.707339
1595,-11.403758,-11.393681,-11.706471
1596,-11.402988,-11.393778,-11.705917
1597,-11.402328,-11.393471,-11.706395
1598,-11.401420,-11.392779,-11.706424
1599,-11.401051,-11.392286,-11.707116
1600,-11.400533,-11.391692,-11.706380
1601,-11.399426,-11.391241,-11.705889
1602,-11.398855,-11.391414,-11.706293
1603,-11.398548,-11.391388,-11.705379
1604,-11.398413,-11.390596,-11.705028
1605,-11.398431,-11.389937,-11.705171
1606,-11.398186,-11.389745,-11.704967
1607,-11.397838,-11.388952,-11.704396
1608,-11.398470,-11.388631,-11.704080
1609,-11.397432,-11.387618,-11.703201
1610,-11.397237,-11.386710,-11.702278
1611,-11.396760,-11.386166,-11.703247
1612,-11.396434,-11.385971,-11.704008
1613,-11.396241,-11.386075,-11.703795
1614,-11.396115,-11.385332,-11.704171
1615,-11.395133,-11.385292,-11.703704
1616,-11.394825,-11.385177,-11.703094
1617,-11.394476,-11.384778,-11.702904
1618,-11.394361,-11.383927,-11.702643
1619,-11.393793,-11.382767,-11.701637
1620,-11.392974,-11.382113,-11.700623
1621,-11.392158,-11.382108,-11.700202
1622,-11.391324,-11.382066,-11.699849
1623,-11.390507,-11.382195,-11.700544
1624,-11.389840,-11.381255,-11.700545
1625,-11.388339,-11.380471,-11.699903
1626,-11.387988,-11.380287,-11.699393
1627,-11.388597,-11.380325,-11.699003
1628,-11.389036,-11.378932,-11.698406
1629,-11.388875,-11.378440,-11.699266
1630,-11.389573,-11.377315,-11.700038
1631,-11.390045,-11.376553,-11.699567
1632,-11.390323,-11.375155,-11.698596
1633,-11.389829,-11.375354,-11.698131
1634,-11.389815,-11.374956,-11.698662
1635,-11.390224,-11.374582,-11.698230
1636,-11.389823,-11.374586,-11.697208
1637,-11.389179,-11.374221,-11.696682
1638,-11.388019,-11.373613,-11.695961
1639,-11.386988,-11.373315,-11.696382
1640,-11.385832,-11.373504,-11.696708
1641,-11.385042,-11.373539,-11.696529
1642,-11.384394,-11.372625,-11.695864
1643,-11.383003,-11.371311,-11.694840
1644,-11.383001,-11.371099,-11.694510
1645,-11.384009,-11.371411,-11.694909
1646,-11.383596,-11.370533,-11.694724
1647,-11.383322,-11.369987,-11.694707
1648,-11.383485,-11.368547,-11.695161
1649,-11.383045,-11.368512,-11.696088
1650,-11.382928,-11.368696,-11.696026
1651,-11.381874,-11.368323,-11.695505
1652,-11.380237,-11.367682,-11.695058
1653,-11.379750,-11.366734,-11.694516
1654,-11.379845,-11.365862,-11.695357
1655,-11.380086,-11.365317,-11.694421
1656,-11.379315,-11.365249,-11.693666
1657,-11.377942,-11.365484,-11.693443
1658,-11.377240,-11.365319,-11.693334
1659,-11.377006,-11.364431,-11.693041
1660,-11.376227,-11.363843,-11.691989
1661,-11.375407,-11.363378,-11.691277
1662,-11.374838,-11.362530,-11.690292
1663,-11.374561,-11.362972,-11.689724
1664,-11.374332,-11.363302,-11.690036
1665,-11.374101,-11.363290,-11.690808
1666,-11.374160,-11.362539,-11.691273
1667,-11.373947,-11.361699,-11.691088
1668,-11.373951,-11.361027,-11.690872
1669,-11.373096,-11.361225,-11.690059
1670,-11.372383,-11.360491,-11.689805
1671,-11.371628,-11.359347,-11.689814
1672,-11.370992,-11.359393,-11.690320
1673,-11.370872,-11.359783,-11.690977
1674,-11.370685,-11.359283,-11.690933
1675,-11.370105,-11.359325,-11.690362
1676,-11.369127,-11.358773,-11.690275
1677,-11.368704,-11.357591,-11.690801
1678,-11.369112,-11.356961,-11.691428
1679,-11.369298,-11.356338,-11.690922
1680,-11.369404,-11.356276,-11.690837
1681,-11.368723,-11.355418,-11.690091
1682,-11.367769,-11.355167,-11.688795
1683,-11.368308,-11.354833,-11.687899
1684,-11.368154,-11.354976,-11.687630
1685,-11.368032,-11.354654,-11.687816
1686,-11.368231,-11.354727,-11.688012
1687,-11.368169,-11.354766,-11.687961
1688,-11.368189,-11.353833,-11.687938
1689,-11.368506,-11.352933,-11.687683
1690,-11.368049,-11.353123,-11.686617
1691,-11.366993,-11.351870,-11.686348
1692,-11.366773,-11.351555,-11.685866
1693,-11.366086,-11.351423,-11.685087
1694,-11.365019,-11.350946,-11.685242
1695,-11.364076,-11.351359,-11.684715
1696,-11.363908,-11.351119,-11.684276
1697,-11.363442,-11.349835,-11.683930
1698,-11.362760,-11.349892,-11.682962
1699,-11.362428,-11.349957,-11.682214
1700,-11.362640,-11.349798,-11.682093
1701,-11.363060,-11.349769,-11.682119
1702,-11.363039,-11.348583,-11.682272
1703,-11.362929,-11.348046,-11.682878
1704,-11.362529,-11.347362,-11.683084
1705,-11.361767,-11.347257,-11.682086
1706,-11.361049,-11.346991,-11.681722
1707,-11.360315,-11.347195,-11.681643
1708,-11.359808,-11.347335,-11.680918
1709,-11.358908,-11.346540,-11.679593
1710,-11.358251,-11.346537,-11.678910
1711,-11.357961,-11.346644,-11.678423
1712,-11.357792,-11.345843,-11.678655
1713,-11.357369,-11.344994,-11.678694
1714,-11.356988,-11.344199,-11.679468
1715,-11.356855,-11.342919,-11.680381
1716,-11.357690,-11.341862,-11.680675
1717,-11.356657,-11.341381,-11.680179
1718,-11.356274,-11.340442,-11.679474
1719,-11.355234,-11.340916,-11.678891
1720,-11.355059,-11.341610,-11.677813
1721,-11.356092,-11.341334,-11.678235
1722,-11.356422,-11.340195,-11.677533
1723,-11.356451,-11.339167,-11.677709
1724,-11.355663,-11.339202,-11.678694
1725,-11.355590,-11.338642,-11.679743
1726,-11.355905,-11.338254,-11.679947
1727,-11.355883,-11.338215,-11.680403
1728,-11.355586,-11.338287,-11.679271
1729,-11.354436,-11.337692,-11.678396
1730,-11.353722,-11.336340,-11.677872
1731,-11.353242,-11.336025,-11.676689
1732,-11.353308,-11.335318,-11.675123
1733,-11.352918,-11.335704,-11.674060
1734,-11.352276,-11.335637,-11.674882
1735,-11.352195,-11.335660,-11.675741
1736,-11.351846,-11.335536,-11.675975
1737,-11.351596,-11.335228,-11.676418
1738,-11.351971,-11.334346,-11.676620
1739,-11.352412,-11.334294,-11.677410
1740,-11.352804,-11.333601,-11.678115
1741,-11.351976,-11.333326,-11.677949
1742,-11.350901,-11.333262,-11.676607
1743,-11.349668,-11.333000,-11.675514
1744,-11.349659,-11.331973,-11.676039
1745,-11.350035,-11.330504,-11.675440
1746,-11.350195,-11.330390,-11.674943
1747,-11.350129,-11.330665,-11.675376
1748,-11.349835,-11.331495,-11.676533
1749,-11.349446,-11.330984,-11.676508
1750,-11.349251,-11.330467,-11.676470
1751,-11.348832,-11.330406,-11.674994
1752,-11.348341,-11.329154,-11.674030
1753,-11.348030,-11.329109,-11.674512
1754,-11.348317,-11.329003,-11.675504
1755,-11.348659,-11.329581,-11.675436
1756,-11.348411,-11.329068,-11.676070
1757,-11.347350,-11.329038,-11.675581
1758,-11.345908,-11.329138,-11.675037
1759,-11.345997,-11.328649,-11.674263
1760,-11.345075,-11.328652,-11.673318
1761,-11.344365,-11.328306,-11.672680
1762,-11.343332,-11.326992,-11.671705
1763,-11.341965,-11.325901,-11.671707
1764,-11.342320,-11.325589,-11.671868
1765,-11.342538,-11.325780,-11.671582
1766,-11.342476,-11.325478,-11.671421
1767,-11.341957,-11.324925,-11.670675
1768,-11.341024,-11.324044,-11.670290
1769,-11.340501,-11.323524,-11.670415
1770,-11.340139,-11.323515,-11.670400
1771,-11.339960,-11.323765,-11.669879
1772,-11.339330,-11.324386,-11.669768
1773,-11.338490,-11.323746,-11.668970
1774,-11.338951,-11.323586,-11.667791
1775,-11.339030,-11.322656,-11.666709
1776,-11.339731,-11.322471,-11.666290
1777,-11.339217,-11.321861,-11.666298
1778,-11.338659,-11.322150,-11.667520
1779,-11.338230,-11.321902,-11.667989
1780,-11.338347,-11.322395,-11.668352
1781,-11.337494,-11.322500,-11.669443
1782,-11.336049,-11.321464,-11.670129
1783,-11.334961,-11.321480,-11.669900
1784,-11.334428,-11.321299,-11.669560
1785,-11.333972,-11.320835,-11.668918
1786,-11.334054,-11.319822,-11.668991
1787,-11.333937,-11.319025,-11.668652
1788,-11.333293,-11.317786,-11.668490
1789,-11.333283,-11.316847,-11.668243
1790,-11.333266,-11.316571,-11.668652
1791,-11.333291,-11.316793,-11.668040
1792,-11.333288,-11.316512,-11.666794
1793,-11.333126,-11.315688,-11.665660
1794,-11.333075,-11.314766,-11.665562
1795,-11.333427,-11.314258,-11.665280
1796,-11.333399,-11.314304,-11.665310
1797,-11.332950,-11.314391,-11.665564
1798,-11.332156,-11.314692,-11.666645
1799,-11.331607,-11.314271,-11.666372
1800,-11.331839,-11.313420,-11.665480
1801,-11.331719,-11.312980,-11.665436
1802,-11.331963,-11.312821,-11.665907
1803,-11.331569,-11.312687,-11.665936
1804,-11.331825,-11.311908,-11.666153
1805,-11.332263,-11.312495,-11.665020
1806,-11.331417,-11.312285,-11.664684
1807,-11.331383,-11.311299,-11.664686
1808,-11.330526,-11.310623,-11.664411
1809,-11.329903,-11.310530,-11.663696
1810,-11.329281,-11.310369,-11.663934
1811,-11.328625,-11.309985,-11.662927
1812,-11.327918,-11.309406,-11.662965
1813,-11.326644,-11.308829,-11.662111
1814,-11.326028,-11.309262,-11.662746
1815,-11.325428,-11.309622,-11.663158
1816,-11.325211,-11.309231,-11.663953
1817,-11.324203,-11.308312,-11.664042
1818,-11.323418,-11.307961,-11.664057
1819,-11.322303,-11.307742,-11.664053
1820,-11.321599,-11.306005,-11.664394
1821,-11.321130,-11.305380,-11.664479
1822,-11.320364,-11.305888,-11.664569
1823,-11.320893,-11.305857,-11.664872
1824,-11.320477,-11.306535,-11.665053
1825,-11.320323,-11.306151,-11.664886
1826,-11.319460,-11.305515,-11.665740
1827,-11.317954,-11.304854,-11.665898
1828,-11.317197,-11.304072,-11.666199
1829,-11.317612,-11.304229,-11.666161
1830,-11.317611,-11.304827,-11.666488
1831,-11.316853,-11.304548,-11.665465
1832,-11.316543,-11.304415,-11.665009
1833,-11.316571,-11.303805,-11.664920
1834,-11.316300,-11.304013,-11.663612
1835,-11.317139,-11.303636,-11.662987
1836,-11.317088,-11.302665,-11.663084
1837,-11.316575,-11.302316,-11.662891
1838,-11.316940,-11.301683,-11.662705
1839,-11.316534,-11.301268,-11.661530
1840,-11.316501,-11.301538,-11.660904
1841,-11.316249,-11.301544,-11.659421
1842,-11.316791,-11.301213,-11.659462
1843,-11.317379,-11.300753,-11.659535
1844,-11.316473,-11.299944,-11.659202
1845,-11.315660,-11.299854,-11.657708
1846,-11.314764,-11.298587,-11.657242
1847,-11.314604,-11.297193,-11.657506
1848,-11.313432,-11.296343,-11.657492
1849,-11.312690,-11.295393,-11.657525
1850,-11.311917,-11.295975,-11.657885
1851,-11.311491,-11.296166,-11.658407
1852,-11.310135,-11.296108,-11.657414
1853,-11.309257,-11.295682,-11.656305
1854,-11.307987,-11.295680,-11.656133
1855,-11.306866,-11.294968,-11.656007
1856,-11.306530,-11.294863,-11.655682
1857,-11.307176,-11.294773,-11.655916
1858,-11.307105,-11.294903,-11.655844
1859,-11.307412,-11.294409,-11.655498
1860,-11.306743,-11.293423,-11.654952
1861,-11.306410,-11.292549,-11.653835
1862,-11.306190,-11.292064,-11.652979
1863,-11.306256,-11.291812,-11.653223
1864,-11.306187,-11.291818,-11.652670
1865,-11.305903,-11.291589,-11.651868
1866,-11.305073,-11.291926,-11.651082
1867,-11.304468,-11.291558,-11.650493
1868,-11.303853,-11.291132,-11.650430
1869,-11.303344,-11.290918,-11.650223
1870,-11.303060,-11.290342,-11.649717
1871,-11.303111,-11.290326,-11.649955
1872,-11.302756,-11.290441,-11.650265
1873,-11.302685,-11.291322,-11.650238
1874,-11.303162,-11.291106,-11.650484
1875,-11.303412,-11.290482,-11.651216
1876,-11.302418,-11.289572,-11.651841
1877,-11.302170,-11.287799,-11.651969
1878,-11.301997,-11.287549,-11.651685
1879,-11.301538,-11.287072,-11.651492
1880,-11.300895,-11.286504,-11.650962
1881,-11.300405,-11.285612,-11.649764
1882,-11.300634,-11.284443,-11.648978
1883,-11.301505,-11.283820,-11.647951
1884,-11.301235,-11.283382,-11.647631
1885,-11.300740,-11.282686,-11.648203
1886,-11.299928,-11.283262,-11.647854
1887,-11.299100,-11.283632,-11.647200
1888,-11.298839,-11.283623,-11.647175
1889,-11.298144,-11.284225,-11.647620
1890,-11.298653,-11.284884,-11.647819
1891,-11.298760,-11.285268,-11.648451
1892,-11.298436,-11.284638,-11.648658
1893,-11.298469,-11.284915,-11.648129
1894,-11.298523,-11.283707,-11.647418
1895,-11.297982,-11.283757,-11.647622
1896,-11.297101,-11.282885,-11.647800
1897,-11.297090,-11.282525,-11.648151
1898,-11.296086,-11.282014,-11.648427
1899,-11.296138,-11.281384,-11.649265
1900,-11.295660,-11.281369,-11.649654
1901,-11.295550,-11.282637,-11.649673
1902,-11.295159,-11.282443,-11.648376
1903,-11.295026,-11.281577,-11.647628
1904,-11.296202,-11.280249,-11.647620
1905,-11.295953,-11.279208,-11.648367
1906,-11.294956,-11.278651,-11.648331
1907,-11.294065,-11.277970,-11.648215
1908,-11.293532,-11.277379,-11.648517
1909,-11.292775,-11.277230,-11.648702
1910,-11.291057,-11.276974,-11.647865
1911,-11.290595,-11.276471,-11.647531
1912,-11.291016,-11.276292,-11.648375
1913,-11.290944,-11.275807,-11.648412
1914,-11.291728,-11.275791,-11.648748
1915,-11.291870,-11.275666,-11.649201
1916,-11.291522,-11.275207,-11.648359
1917,-11.291703,-11.275334,-11.647722
1918,-11.291379,-11.275359,-11.646570
1919,-11.290873,-11.275445,-11.646596
1920,-11.290038,-11.274518,-11.646875
1921,-11.289326,-11.273770,-11.646302
1922,-11.290048,-11.273073,-11.645611
1923,-11.289859,-11.272698,-11.645041
1924,-11.288866,-11.272685,-11.644369
1925,-11.287861,-11.272789,-11.644848
1926,-11.287674,-11.274317,-11.644782
1927,-11.287262,-11.275012,-11.644557
1928,-11.287288,-11.274172,-11.644039
1929,-11.285791,-11.273615,-11.644238
1930,-11.285463,-11.273825,-11.643471
1931,-11.284674,-11.273372,-11.642887
1932,-11.284367,-11.273035,-11.642485
1933,-11.283758,-11.272609,-11.642274
1934,-11.283359,-11.272046,-11.642589
1935,-11.283142,-11.271188,-11.642345
1936,-11.283428,-11.270987,-11.641539
1937,-11.283096,-11.270786,-11.641266
1938,-11.284721,-11.270326,-11.641526
1939,-11.284398,-11.269338,-11.641343
1940,-11.283881,-11.268396,-11.641254
1941,-11.283222,-11.268104,-11.640750
1942,-11.282133,-11.267848,-11.640172
1943,-11.281723,-11.267363,-11.639930
1944,-11.281473,-11.267011,-11.640030
1945,-11.281491,-11.267364,-11.640222
1946,-11.280722,-11.266510,-11.640452
1947,-11.280947,-11.266679,-11.640748
1948,-11.280944,-11.266595,-11.640664
1949,-11.280550,-11.266996,-11.640972
1950,-11.280221,-11.267436,-11.641002
1951,-11.279061,-11.267648,-11.640984
1952,-11.277840,-11.267698,-11.640855
1953,-11.276626,-11.268023,-11.639906
1954,-11.275977,-11.267272,-11.639590
1955,-11.275795,-11.267472,-11.639592
1956,-11.276375,-11.267221,-11.639816
1957,-11.276755,-11.265895,-11.639067
1958,-11.276871,-11.264554,-11.638884
1959,-11.276869,-11.264242,-11.638983
1960,-11.277827,-11.264256,-11.638275
1961,-11.278119,-11.264368,-11.638077
1962,-11.278277,-11.264634,-11.637267
1963,-11.278508,-11.264812,-11.636446
1964,-11.278035,-11.265068,-11.636173
1965,-11.277914,-11.264307,-11.636394
1966,-11.277278,-11.262981,-11.635810
1967,-11.275470,-11.263080,-11.635237
1968,-11.274298,-11.263618,-11.633941
1969,-11.273923,-11.263106,-11.633960
1970,-11.273438,-11.262845,-11.634543
1971,-11.273144,-11.262554,-11.634887
1972,-11.272534,-11.262289,-11.635249
1973,-11.272253,-11.262052,-11.634855
1974,-11.271848,-11.261323,-11.633979
1975,-11.271953,-11.259460,-11.633302
1976,-11.272184,-11.257532,-11.633547
1977,-11.272433,-11.256410,-11.633088
1978,-11.271979,-11.256024,-11.633063
1979,-11.271614,-11.256251,-11.633495
1980,-11.271064,-11.255034,-11.633818
1981,-11.270271,-11.253816,-11.634529
1982,-11.270395,-11.253157,-11.634802
1983,-11.270224,-11.253009,-11.634910
1984,-11.270717,-11.252591,-11.635386
1985,-11.271024,-11.252210,-11.634595
1986,-11.270681,-11.251754,-11.634261
1987,-11.270249,-11.251630,-11.634324
1988,-11.269504,-11.250731,-11.634203
1989,-11.268873,-11.251098,-11.634084
1990,-11.268481,-11.250437,-11.633533
1991,-11.266847,-11.250115,-11.633806
1992,-11.266501,-11.250228,-11.633944
1993,-11.266065,-11.250298,-11.634290
1994,-11.265584,-11.250667,-11.634890
1995,-11.265159,-11.251156,-11.635427
1996,-11.264927,-11.250906,-11.634739
1997,-11.264902,-11.250735,-11.633939
1998,-11.264067,-11.250773,-11.633793
1999,-11.263691,-11.249951,-11.633064
2000,-11.263196,-11.250056,-11.633201
2001,-11.262622,-11.250350,-11.632593
2002,-11.263203,-11.250647,-11.632256
2003,-11.262830,-11.251030,-11.632633
2004,-11.263154,-11.251097,-11.632638
2005,-11.263478,-11.251819,-11.632855
2006,-11.262425,-11.252102,-11.631572
2007,-11.261980,-11.252043,-11.630770
2008,-11.262023,-11.251852,-11.630577
2009,-11.261561,-11.252287,-11.631256
2010,-11.260727,-11.251031,-11.631481
2011,-11.260404,-11.251286,-11.631872
2012,-11.260985,-11.250341,-11.631614
2013,-11.260478,-11.249140,-11.631482
2014,-11.259715,-11.248645,-11.630881
2015,-11.259766,-11.248543,-11.630285
2016,-11.259566,-11.248498,-11.629612
2017,-11.259222,-11.247981,-11.629687
2018,-11.259531,-11.247646,-11.629918
2019,-11.259359,-11.246521,-11.628312
2020,-11.259468,-11.246489,-11.627237
2021,-11.259717,-11.246871,-11.626929
2022,-11.259223,-11.246891,-11.627384
2023,-11.258795,-11.247046,-11.627579
2024,-11.258805,-11.248126,-11.626642
2025,-11.258846,-11.248598,-11.626617
2026,-11.258534,-11.248108,-11.627027
2027,-11.257752,-11.247856,-11.626903
2028,-11.257097,-11.247905,-11.626081
2029,-11.256477,-11.247554,-11.625902
2030,-11.256053,-11.246900,-11.625861
2031,-11.256387,-11.246337,-11.626277
2032,-11.255967,-11.245599,-11.626152
2033,-11.254766,-11.245203,-11.625401
2034,-11.253983,-11.245217,-11.625307
2035,-11.253613,-11.245221,-11.625014
2036,-11.253309,-11.244394,-11.625623
2037,-11.253670,-11.244960,-11.626536
2038,-11.253736,-11.244724,-11.626927
2039,-11.254196,-11.243911,-11.626151
2040,-11.255249,-11.243626,-11.625465
2041,-11.254722,-11.242866,-11.625374
2042,-11.254998,-11.241900,-11.625872
2043,-11.255038,-11.240986,-11.626427
2044,-11.255285,-11.240861,-11.625986
2045,-11.255336,-11.239760,-11.625104
2046,-11.255412,-11.238726,-11.625571
2047,-11.254593,-11.237435,-11.625098
2048,-11.254086,-11.237024,-11.624973
2049,-11.253930,-11.237506,-11.624726
2050,-11.253619,-11.237817,-11.625154
2051,-11.253277,-11.237719,-11.626163
2052,-11.252490,-11.238551,-11.625372
2053,-11.253153,-11.238553,-11.624636
2054,-11.252638,-11.238578,-11.624575
2055,-11.253021,-11.237889,-11.623115
2056,-11.252851,-11.237009,-11.622698
2057,-11.251821,-11.236345,-11.622796
2058,-11.251257,-11.235657,-11.623101
2059,-11.250749,-11.234625,-11.623311
2060,-11.250296,-11.234753,-11.623813
2061,-11.250664,-11.235063,-11.623994
2062,-11.251175,-11.235190,-11.624198
2063,-11.251210,-11.236009,-11.623833
2064,-11.251387,-11.235746,-11.624013
2065,-11.250213,-11.236128,-11.624640
2066,-11.249419,-11.235506,-11.624462
2067,-11.249610,-11.234840,-11.623875
2068,-11.249672,-11.235122,-11.623698
2069,-11.249263,-11.234997,-11.623597
2070,-11.249088,-11.234511,-11.622707
2071,-11.248768,-11.234920,-11.622639
2072,-11.247967,-11.235622,-11.622268
2073,-11.247678,-11.235710,-11.621903
2074,-11.247242,-11.235341,-11.621143
2075,-11.246971,-11.234558,-11.621399
2076,-11.247167,-11.234391,-11.621444
2077,-11.246993,-11.233823,-11.620759
2078,-11.246237,-11.234056,-11.620121
2079,-11.245578,-11.234260,-11.619493
2080,-11.245054,-11.234192,-11.619141
2081,-11.245342,-11.233702,-11.619282
2082,-11.245505,-11.233223,-11.619128
2083,-11.245398,-11.232758,-11.618582
2084,-11.245171,-11.232482,-11.618265
2085,-11.243504,-11.232015,-11.617842
2086,-11.242822,-11.231988,-11.616988
2087,-11.243195,-11.231747,-11.616201
2088,-11.244311,-11.232221,-11.616223
2089,-11.243552,-11.232923,-11.616068
2090,-11.243447,-11.233332,-11.617485
2091,-11.243906,-11.233686,-11.617788
2092,-11.243226,-11.233829,-11.617403
2093,-11.242886,-11.232944,-11.617473
2094,-11.242524,-11.232635,-11.616673
2095,-11.242036,-11.232499,-11.616478
2096,-11.241343,-11.231635,-11.617186
2097,-11.241117,-11.231149,-11.617250
2098,-11.240997,-11.230409,-11.617081
2099,-11.241700,-11.228898,-11.615942
2100,-11.241944,-11.228317,-11.615565
2101,-11.241804,-11.228678,-11.616601
2102,-11.242125,-11.228658,-11.617220
2103,-11.241957,-11.229011,-11.617691
2104,-11.241398,-11.229636,-11.617304
2105,-11.240884,-11.229124,-11.617554
2106,-11.241140,-11.229221,-11.618256
2107,-11.241749,-11.229114,-11.618460
2108,-11.242167,-11.228644,-11.617734
2109,-11.241211,-11.228173,-11.616703
2110,-11.240433,-11.227253,-11.616042
2111,-11.239697,-11.227076,-11.615707
2112,-11.238806,-11.227753,-11.614916
2113,-11.238771,-11.227452,-11.614508
2114,-11.238317,-11.226474,-11.613846
2115,-11.237047,-11.226963,-11.613231
2116,-11.237114,-11.227088,-11.613649
2117,-11.237026,-11.226853,-11.613532
2118,-11.237286,-11.226403,-11.614073
2119,-11.237019,-11.226316,-11.614069
2120,-11.236589,-11.226265,-11.613541
2121,-11.235758,-11.225977,-11.612517
2122,-11.235696,-11.225698,-11.612830
2123,-11.235687,-11.224874,-11.612447
2124,-11.235641,-11.224487,-11.611979
2125,-11.235283,-11.223901,-11.611618
2126,-11.234963,-11.223796,-11.611787
2127,-11.234260,-11.222909,-11.612359
2128,-11.234215,-11.222064,-11.612774
2129,-11.234133,-11.220976,-11.612551
2130,-11.234138,-11.220460,-11.612245
2131,-11.234017,-11.220437,-11.611482
2132,-11.233473,-11.221088,-11.611071
2133,-11.233442,-11.221749,-11.610350
2134,-11.233147,-11.222309,-11.610265
2135,-11.233343,-11.221865,-11.609368
2136,-11.233615,-11.220851,-11.608674
2137,-11.232620,-11.220629,-11.608106
2138,-11.231671,-11.220408,-11.608418
2139,-11.231981,-11.220746,-11.609984
2140,-11.231931,-11.220481,-11.610919
2141,-11.232357,-11.221280,-11.610583
2142,-11.233637,-11.221328,-11.610366
2143,-11.233780,-11.221230,-11.609930
2144,-11.234593,-11.220084,-11.609951
2145,-11.235022,-11.219670,-11.609563
2146,-11.234467,-11.219900,-11.609405
2147,-11.233747,-11.219748,-11.609675
2148,-11.234232,-11.218880,-11.609902
2149,-11.234908,-11.217475,-11.609896
2150,-11.234992,-11.216950,-11.608995
2151,-11.234482,-11.217079,-11.607512
2152,-11.233934,-11.216628,-11.606903
2153,-11.233853,-11.216492,-11.606950
2154,-11.233351,-11.216684,-11.606678
2155,-11.232432,-11.216118,-11.606417
2156,-11.232395,-11.215408,-11.606922
2157,-11.231731,-11.215402,-11.606904
2158,-11.231955,-11.215100,-11.607294
2159,-11.231761,-11.215828,-11.607860
2160,-11.231727,-11.215477,-11.607475
2161,-11.232315,-11.215616,-11.607353
2162,-11.232163,-11.215039,-11.606846
2163,-11.231859,-11.214553,-11.607326
2164,-11.231628,-11.213931,-11.607263
2165,-11.231539,-11.212894,-11.607590
2166,-11.231555,-11.212280,-11.608119
2167,-11.231747,-11.212070,-11.607848
2168,-11.231475,-11.212456,-11.608376
2169,-11.230709,-11.211710,-11.609360
2170,-11.230026,-11.211776,-11.608533
2171,-11.229466,-11.211373,-11.608167
2172,-11.229600,-11.210458,-11.608253
2173,-11.228893,-11.210394,-11.607926
2174,-11.228249,-11.210444,-11.607607
2175,-11.227500,-11.210286,-11.607912
2176,-11.227056,-11.210133,-11.607292
2177,-11.226376,-11.210744,-11.607213
2178,-11.225451,-11.209994,-11.607331
2179,-11.224432,-11.209436,-11.607157
2180,-11.224581,-11.209345,-11.606807
2181,-11.224230,-11.208884,-11.606224
2182,-11.223515,-11.208700,-11.606331
2183,-11.222981,-11.208688,-11.606583
2184,-11.223001,-11.208732,-11.607254
2185,-11.223530,-11.208086,-11.606852
2186,-11.223529,-11.208852,-11.606671
2187,-11.223379,-11.209635,-11.607178
2188,-11.223313,-11.209949,-11.606937
2189,-11.222554,-11.210805,-11.606488
2190,-11.221991,-11.211904,-11.606379
2191,-11.221899,-11.211743,-11.606125
2192,-11.221937,-11.210555,-11.606738
2193,-11.221571,-11.210262,-11.607007
2194,-11.222144,-11.209877,-11.607484
2195,-11.222013,-11.210461,-11.607031
2196,-11.222630,-11.210593,-11.607734
2197,-11.223004,-11.210668,-11.607779
2198,-11.223531,-11.210048,-11.607728
2199,-11.224361,-11.208872,-11.607119
2200,-11.224288,-11.208028,-11.607398
2201,-11.223796,-11.207885,-11.607470
2202,-11.223424,-11.207614,-11.606962
2203,-11.222961,-11.207614,-11.606560
2204,-11.222779,-11.207519,-11.606843
2205,-11.222634,-11.207263,-11.607224
2206,-11.222437,-11.207160,-11.606946
2207,-11.222196,-11.206270,-11.606897
2208,-11.222009,-11.206129,-11.605312
2209,-11.221079,-11.206273,-11.604354
2210,-11.220580,-11.205979,-11.604058
2211,-11.219538,-11.205630,-11.603980
2212,-11.219088,-11.205663,-11.604174
2213,-11.218235,-11.205778,-11.604012
2214,-11.218623,-11.205995,-11.603571
2215,-11.218996,-11.205401,-11.602835
2216,-11.218571,-11.205015,-11.603042
2217,-11.218332,-11.204219,-11.603642
2218,-11.218824,-11.204289,-11.603724
2219,-11.219010,-11.204188,-11.602808
2220,-11.218382,-11.204070,-11.602498
2221,-11.217590,-11.203091,-11.602442
2222,-11.217917,-11.202634,-11.603298
2223,-11.217514,-11.202157,-11.603902
2224,-11.216569,-11.202394,-11.603439
2225,-11.216256,-11.201701,-11.602546
2226,-11.216626,-11.202491,-11.602965
2227,-11.216271,-11.202885,-11.603230
2228,-11.215387,-11.202883,-11.603396
2229,-11.215794,-11.201509,-11.603155
2230,-11.216702,-11.200921,-11.602957
2231,-11.216609,-11.199923,-11.604003
2232,-11.217159,-11.199682,-11.604637
2233,-11.217506,-11.199885,-11.604825
2234,-11.217667,-11.199850,-11.605644
2235,-11.217064,-11.199477,-11.605497
2236,-11.217043,-11.198776,-11.605337
2237,-11.216332,-11.198829,-11.604879
2238,-11.216188,-11.198893,-11.604972
2239,-11.216204,-11.199723,-11.605625
2240,-11.215994,-11.199586,-11.606137
2241,-11.216727,-11.199213,-11.605160
2242,-11.216785,-11.198604,-11.603871
2243,-11.216836,-11.197766,-11.603218
2244,-11.216443,-11.196955,-11.603043
2245,-11.215489,-11.196811,-11.602365
2246,-11.214418,-11.196248,-11.601760
2247,-11.213598,-11.196338,-11.601614
2248,-11.213201,-11.196488,-11.602554
2249,-11.213135,-11.196099,-11.602018
2250,-11.213773,-11.196248,-11.602107
2251,-11.214078,-11.196495,-11.603060
2252,-11.213779,-11.196457,-11.602586
2253,-11.212897,-11.196566,-11.601065
2254,-11.212804,-11.197328,-11.599916
2255,-11.212364,-11.196979,-11.598958
2256,-11.211901,-11.196747,-11.598850
2257,-11.212434,-11.196861,-11.598290
2258,-11.212140,-11.196294,-11.597545
2259,-11.212242,-11.196180,-11.596825
2260,-11.211801,-11.196074,-11.597024
2261,-11.211991,-11.196055,-11.598151
2262,-11.212010,-11.196464,-11.598887
2263,-11.211295,-11.196279,-11.598957
2264,-11.211072,-11.195417,-11.599692
2265,-11.210234,-11.195168,-11.599999
2266,-11.209428,-11.195241,-11.600889
2267,-11.210193,-11.195282,-11.601295
2268,-11.210971,-11.194630,-11.601587
2269,-11.210606,-11.194066,-11.601571
2270,-11.211178,-11.194652,-11.601391
2271,-11.210946,-11.194856,-11.600293
2272,-11.210452,-11.193902,-11.600293
2273,-11.210071,-11.192963,-11.600980
2274,-11.209607,-11.192487,-11.599919
2275,-11.208802,-11.192378,-11.599377
2276,-11.209190,-11.191829,-11.600264
2277,-11.209653,-11.192453,-11.600647
2278,-11.208532,-11.193135,-11.600089
2279,-11.208645,-11.192444,-11.598882
2280,-11.208171,-11.192273,-11.598547
2281,-11.207838,-11.190651,-11.597896
2282,-11.207020,-11.189368,-11.597921
2283,-11.206666,-11.189473,-11.597898
2284,-11.206327,-11.188735,-11.596840
2285,-11.205982,-11.188679,-11.596509
2286,-11.206551,-11.189654,-11.596542
2287,-11.206810,-11.189645,-11.596400
2288,-11.206296,-11.189669,-11.595448
2289,-11.207095,-11.190377,-11.594992
2290,-11.207129,-11.190523,-11.595084
2291,-11.206806,-11.190271,-11.595450
2292,-11.206361,-11.190026,-11.595773
2293,-11.206806,-11.189142,-11.596199
2294,-11.207083,-11.188685,-11.596152
2295,-11.207063,-11.187727,-11.596825
2296,-11.206829,-11.187505,-11.597277
2297,-11.207169,-11.187406,-11.596919
2298,-11.207246,-11.187981,-11.596493
2299,-11.206423,-11.187307,-11.596590
2300,-11.204938,-11.185724,-11.596405
2301,-11.204297,-11.185516,-11.595776
2302,-11.203996,-11.185896,-11.595284
2303,-11.203174,-11.185722,-11.594696
2304,-11.202005,-11.185233,-11.595190
2305,-11.202815,-11.185055,-11.594694
2306,-11.202693,-11.184347,-11.595038
2307,-11.202818,-11.184341,-11.595056
2308,-11.203436,-11.184737,-11.594624
2309,-11.203332,-11.184431,-11.594556
2310,-11.203302,-11.185069,-11.594424
2311,-11.204456,-11.185854,-11.594046
2312,-11.204146,-11.185165,-11.592990
2313,-11.203905,-11.184265,-11.593549
2314,-11.203437,-11.182917,-11.593623
2315,-11.202441,-11.183241,-11.593104
2316,-11.201479,-11.182879,-11.593040
2317,-11.201356,-11.182655,-11.592651
2318,-11.201581,-11.182819,-11.592782
2319,-11.201223,-11.183303,-11.592967
2320,-11.200476,-11.184149,-11.592886
2321,-11.200154,-11.184408,-11.593213
2322,-11.199400,-11.184147,-11.594574
2323,-11.199421,-11.184088,-11.594234
2324,-11.199341,-11.183516,-11.592535
2325,-11.199586,-11.183634,-11.591348
2326,-11.198949,-11.183468,-11.590440
2327,-11.200195,-11.183255,-11.589895
2328,-11.200549,-11.182677,-11.590396
2329,-11.200964,-11.182765,-11.591198
2330,-11.200721,-11.183580,-11.591008
2331,-11.199735,-11.183807,-11.591019
2332,-11.199158,-11.183363,-11.591228
2333,-11.198635,-11.183045,-11.590928
2334,-11.198286,-11.183038,-11.590988
2335,-11.197640,-11.183121,-11.591263
2336,-11.197464,-11.181839,-11.592280
2337,-11.198067,-11.180316,-11.591535
2338,-11.198586,-11.179278,-11.591404
2339,-11.198104,-11.179546,-11.590007
2340,-11.198324,-11.179847,-11.588968
2341,-11.197857,-11.180134,-11.588027
2342,-11.197907,-11.180427,-11.587820
2343,-11.197571,-11.180789,-11.589390
2344,-11.197465,-11.181338,-11.589423
2345,-11.197624,-11.182151,-11.588473
2346,-11.197138,-11.182627,-11.587595
2347,-11.197307,-11.183035,-11.586598
2348,-11.197795,-11.183120,-11.586769
2349,-11.197615,-11.183690,-11.587200
2350,-11.197729,-11.183485,-11.587051
2351,-11.197681,-11.183246,-11.586712
2352,-11.197389,-11.182818,-11.586069
2353,-11.197277,-11.182303,-11.584756
2354,-11.197325,-11.182397,-11.584942
2355,-11.197188,-11.182960,-11.585657
2356,-11.197531,-11.182843,-11.587134
2357,-11.197796,-11.182133,-11.587071
2358,-11.198286,-11.181992,-11.587273
2359,-11.198838,-11.181378,-11.587538
2360,-11.198640,-11.181683,-11.587373
2361,-11.198061,-11.182358,-11.588040
2362,-11.196666,-11.182426,-11.587888
2363,-11.196827,-11.181925,-11.587081
2364,-11.196932,-11.180867,-11.587388
2365,-11.197340,-11.181222,-11.587915
2366,-11.196586,-11.180642,-11.587431
2367,-11.197749,-11.179672,-11.587280
2368,-11.198636,-11.179204,-11.587784
2369,-11.198898,-11.178366,-11.587380
2370,-11.198704,-11.177949,-11.586901
2371,-11.199151,-11.177836,-11.586528
2372,-11.199114,-11.178888,-11.585622
2373,-11.198778,-11.179749,-11.585613
2374,-11.197974,-11.178245,-11.585981
2375,-11.197753,-11.177280,-11.585707
2376,-11.197365,-11.177455,-11.585580
2377,-11.197077,-11.177247,-11.585157
2378,-11.196354,-11.176926,-11.584844
2379,-11.196259,-11.176662,-11.585629
2380,-11.195778,-11.175945,-11.584080
2381,-11.195634,-11.175922,-11.584073
2382,-11.195301,-11.175456,-11.584718
2383,-11.195744,-11.175024,-11.584342
2384,-11.196246,-11.175002,-11.584570
2385,-11.196034,-11.175051,-11.584948
2386,-11.195398,-11.174508,-11.584927
2387,-11.194881,-11.173717,-11.585273
2388,-11.194720,-11.174082,-11.585791
2389,-11.193469,-11.174419,-11.585597
2390,-11.193884,-11.175338,-11.585549
2391,-11.195490,-11.175364,-11.584880
2392,-11.196200,-11.175315,-11.584767
2393,-11.194988,-11.174978,-11.585470
2394,-11.194332,-11.174555,-11.585009
2395,-11.194294,-11.174980,-11.583733
2396,-11.194191,-11.175546,-11.582392
2397,-11.194060,-11.175853,-11.582869
2398,-11.194037,-11.176410,-11.582758
2399,-11.193943,-11.175277,-11.582739
2400,-11.194887,-11.174314,-11.582306
2401,-11.194683,-11.173657,-11.581788
2402,-11.194325,-11.172941,-11.581739
2403,-11.193369,-11.172338,-11.582401
2404,-11.192121,-11.172376,-11.582817
2405,-11.191733,-11.173072,-11.583131
2406,-11.191663,-11.173982,-11.583637
2407,-11.191640,-11.174143,-11.582622
2408,-11.191391,-11.174045,-11.581761
2409,-11.190132,-11.174616,-11.582176
2410,-11.190330,-11.173188,-11.582117
2411,-11.189431,-11.172325,-11.582050
2412,-11.189198,-11.172071,-11.581707
2413,-11.189419,-11.171760,-11.581728
2414,-11.189776,-11.171171,-11.581857
2415,-11.189323,-11.171379,-11.580808
2416,-11.189670,-11.171864,-11.581073
2417,-11.190388,-11.171953,-11.581942
2418,-11.190856,-11.172217,-11.582120
2419,-11.190167,-11.171721,-11.582027
2420,-11.189838,-11.171704,-11.580932
2421,-11.189626,-11.172442,-11.580509
2422,-11.189219,-11.172917,-11.579963
2423,-11.189000,-11.173035,-11.579708
2424,-11.188771,-11.173066,-11.578716
2425,-11.189830,-11.173132,-11.578644
2426,-11.189797,-11.173212,-11.578725
2427,-11.190976,-11.173630,-11.578956
2428,-11.191380,-11.173767,-11.578721
2429,-11.191167,-11.173091,-11.579071
2430,-11.190595,-11.172818,-11.579309
2431,-11.190643,-11.173552,-11.578041
2432,-11.189773,-11.173346,-11.577831
2433,-11.189356,-11.173148,-11.577542
2434,-11.189285,-11.172527,-11.576574
2435,-11.189323,-11.172041,-11.576783
2436,-11.188754,-11.172198,-11.577533
2437,-11.189559,-11.172219,-11.577106
2438,-11.188866,-11.171461,-11.577274
2439,-11.188723,-11.171324,-11.577360
2440,-11.188697,-11.171459,-11.577598
2441,-11.188717,-11.172662,-11.577517
2442,-11.188622,-11.172614,-11.577798
2443,-11.189229,-11.173055,-11.578390
2444,-11.189478,-11.172552,-11.578592
2445,-11.189558,-11.172040,-11.579307
2446,-11.187820,-11.172413,-11.578972
2447,-11.186104,-11.172144,-11.578032
2448,-11.185264,-11.171359,-11.578143
2449,-11.185306,-11.172097,-11.578424
2450,-11.185380,-11.171186,-11.578761
2451,-11.185173,-11.170619,-11.578204
2452,-11.184736,-11.169924,-11.577480
2453,-11.184592,-11.170204,-11.577345
2454,-11.184716,-11.170201,-11.576406
2455,-11.184097,-11.170042,-11.576532
2456,-11.184714,-11.168396,-11.575917
2457,-11.184529,-11.167577,-11.575485
2458,-11.185090,-11.167430,-11.575394
2459,-11.185495,-11.167461,-11.576168
2460,-11.185466,-11.167196,-11.576329
2461,-11.184480,-11.166269,-11.576117
2462,-11.183409,-11.165725,-11.577319
2463,-11.183611,-11.165847,-11.576643
2464,-11.183092,-11.166066,-11.576175
2465,-11.183108,-11.166970,-11.577016
2466,-11.181662,-11.167562,-11.577586
2467,-11.180996,-11.167908,-11.577752
2468,-11.181724,-11.167594,-11.577281
2469,-11.182395,-11.168272,-11.576805
2470,-11.183587,-11.168701,-11.577095
2471,-11.184335,-11.167998,-11.576887
2472,-11.184754,-11.167530,-11.576240
2473,-11.184342,-11.167027,-11.575707
2474,-11.182286,-11.166222,-11.575578
2475,-11.181337,-11.165329,-11.574978
2476,-11.182003,-11.164632,-11.574662
2477,-11.181766,-11.164656,-11.574733
2478,-11.182144,-11.165615,-11.573705
2479,-11.182767,-11.166260,-11.573605
2480,-11.183077,-11.167112,-11.574092
2481,-11.182556,-11.167150,-11.573693
2482,-11.181770,-11.166859,-11.573533
2483,-11.181373,-11.167387,-11.573279
2484,-11.181401,-11.166348,-11.572741
2485,-11.179967,-11.165368,-11.572895
2486,-11.180859,-11.165490,-11.574629
2487,-11.181249,-11.165031,-11.574839
2488,-11.180965,-11.165199,-11.574685
2489,-11.180615,-11.164435,-11.574156
2490,-11.181182,-11.164768,-11.573867
2491,-11.181280,-11.164742,-11.574048
2492,-11.180564,-11.165516,-11.574054
2493,-11.180155,-11.165921,-11.572973
2494,-11.179699,-11.165479,-11.572892
2495,-11.179950,-11.164484,-11.572823
2496,-11.180330,-11.164669,-11.572993
2497,-11.179793,-11.163897,-11.573574
2498,-11.179370,-11.163342,-11.573264
2499,-11.177694,-11.163039,-11.573469
2500,-11.177235,-11.162702,-11.573808
