Epoch,chi_Mean_0.25,chi_Mean_1.0,chi_Mean_4.0
1,-53.584380,-46.720564,-77.294172
2,-39.246829,-34.808523,-63.201952
3,-34.238798,-30.231987,-56.498368
4,-30.821186,-27.220719,-52.526705
5,-28.182425,-24.905335,-49.838522
6,-26.004621,-23.054311,-47.771267
7,-24.270444,-21.690737,-46.226446
8,-22.957658,-21.711327,-45.004933
9,-23.525888,-22.597640,-43.994237
10,-25.300151,-23.633034,-43.275496
11,-27.118444,-24.597617,-42.777987
12,-28.712583,-25.464538,-42.229532
13,-30.110656,-26.208521,-41.898525
14,-31.112990,-26.740015,-41.477599
15,-32.060830,-27.186692,-41.128195
16,-32.720944,-27.461062,-40.844444
17,-33.304789,-27.741716,-40.456527
18,-33.716808,-27.928813,-40.221081
19,-34.050022,-27.963409,-39.917859
20,-34.297727,-27.998584,-39.675940
21,-34.373727,-28.045032,-39.360270
22,-34.464340,-27.999882,-39.079654
23,-34.543253,-27.915339,-38.859969
24,-34.555603,-27.913452,-38.626832
25,-34.531107,-27.896778,-38.367651
26,-34.471112,-27.879339,-38.169694
27,-34.413499,-27.756393,-37.998364
28,-34.399276,-27.701784,-37.814792
29,-34.289474,-27.606516,-37.605196
30,-34.095030,-27.457668,-37.446090
31,-33.971825,-27.332121,-37.309674
32,-33.820129,-27.245350,-37.050942
33,-33.627797,-27.112219,-36.924783
34,-33.505855,-27.024167,-36.691561
35,-33.258469,-26.898835,-36.587086
36,-33.122824,-26.829096,-36.395504
37,-33.002129,-26.718047,-36.288381
38,-32.861324,-26.617189,-36.148745
39,-32.726292,-26.580338,-35.985828
40,-32.552788,-26.496352,-35.903751
41,-32.422283,-26.314779,-35.711382
42,-32.301895,-26.180604,-35.576714
43,-32.152947,-26.152645,-35.487064
44,-31.967935,-26.088430,-35.348968
45,-31.764855,-26.069091,-35.198169
46,-31.638022,-25.999986,-35.029576
47,-31.532935,-25.859986,-34.903611
48,-31.419036,-25.804164,-34.770701
49,-31.300751,-25.698538,-34.708479
50,-31.177524,-25.642551,-34.598947
51,-31.026065,-25.581667,-34.510497
52,-30.955150,-25.481078,-34.333967
53,-30.776705,-25.359061,-34.181007
54,-30.608098,-25.300818,-34.073001
55,-30.462753,-25.222073,-34.011042
56,-30.324759,-25.139697,-33.908019
57,-30.237619,-25.026605,-33.819332
58,-30.162203,-24.932724,-33.753680
59,-30.040115,-24.824881,-33.648462
60,-29.960308,-24.729632,-33.427259
61,-29.774862,-24.676728,-33.336256
62,-29.758904,-24.577109,-33.256459
63,-29.585490,-24.516552,-33.139786
64,-29.433541,-24.419503,-33.054994
65,-29.242729,-24.330736,-32.975664
66,-29.103801,-24.299868,-32.889307
67,-29.059895,-24.181801,-32.803819
68,-28.905345,-24.145685,-32.771290
69,-28.817275,-24.023845,-32.623789
70,-28.648662,-23.975688,-32.528678
71,-28.481550,-23.887207,-32.423354
72,-28.341386,-23.879312,-32.335717
73,-28.273866,-23.762828,-32.267865
74,-28.167118,-23.703035,-32.192582
75,-28.065079,-23.636295,-32.094607
76,-27.910010,-23.558552,-31.989914
77,-27.742549,-23.460169,-31.901608
78,-27.693988,-23.385105,-31.875025
79,-27.531478,-23.352416,-31.779964
80,-27.363426,-23.273843,-31.655523
81,-27.218578,-23.158236,-31.546803
82,-27.097728,-23.157766,-31.504383
83,-27.019166,-23.154160,-31.409481
84,-26.929008,-23.069713,-31.314561
85,-26.786831,-22.992892,-31.228361
86,-26.705131,-22.988053,-31.179614
87,-26.619271,-22.892396,-31.056360
88,-26.473445,-22.852317,-30.980461
89,-26.372798,-22.849468,-30.908717
90,-26.274282,-22.822308,-30.839442
91,-26.161892,-22.786440,-30.774650
92,-26.084019,-22.710787,-30.665906
93,-26.022888,-22.650340,-30.567834
94,-25.932660,-22.610797,-30.510742
95,-25.769676,-22.567761,-30.437198
96,-25.706928,-22.511391,-30.354677
97,-25.613505,-22.433192,-30.357345
98,-25.502040,-22.378631,-30.259681
99,-25.379339,-22.357958,-30.139949
100,-25.311792,-22.340413,-30.074848
101,-25.183035,-22.309197,-30.010135
102,-25.133226,-22.264774,-29.905148
103,-25.059368,-22.212787,-29.892565
104,-24.975485,-22.162046,-29.815096
105,-24.911871,-22.161479,-29.777613
106,-24.795227,-22.090572,-29.750269
107,-24.725813,-22.091779,-29.681905
108,-24.660459,-22.041680,-29.603227
109,-24.597971,-21.978882,-29.534189
110,-24.534976,-21.964605,-29.505433
111,-24.533722,-21.937780,-29.445034
112,-24.456185,-21.905931,-29.392519
113,-24.383872,-21.879280,-29.302773
114,-24.309513,-21.912459,-29.292443
115,-24.237938,-21.893045,-29.204785
116,-24.187697,-21.824147,-29.150741
117,-24.090438,-21.773031,-29.071679
118,-24.015818,-21.787618,-29.048750
119,-23.969780,-21.763556,-28.966522
120,-23.907822,-21.758574,-28.914276
121,-23.834365,-21.734167,-28.831753
122,-23.745435,-21.703188,-28.757162
123,-23.696873,-21.661801,-28.752186
124,-23.673636,-21.675495,-28.683073
125,-23.644990,-21.620969,-28.652375
126,-23.579124,-21.615725,-28.570883
127,-23.562218,-21.603955,-28.552953
128,-23.552254,-21.529160,-28.515757
129,-23.522668,-21.482493,-28.396011
130,-23.427499,-21.502547,-28.315638
131,-23.356847,-21.520683,-28.317087
132,-23.350101,-21.449989,-28.303204
133,-23.284643,-21.503125,-28.287024
134,-23.251769,-21.469325,-28.190036
135,-23.199208,-21.367955,-28.174553
136,-23.197899,-21.341357,-28.118174
137,-23.114074,-21.370250,-28.007638
138,-23.099822,-21.374067,-28.031961
139,-23.054550,-21.346605,-27.913441
140,-23.064402,-21.326048,-27.930219
141,-23.046739,-21.336755,-27.865056
142,-22.969663,-21.298828,-27.893138
143,-22.989835,-21.259616,-27.800617
144,-22.958144,-21.235795,-27.762495
145,-22.939782,-21.248896,-27.731675
146,-22.928853,-21.207366,-27.719154
147,-22.870628,-21.224803,-27.681274
148,-22.846935,-21.196223,-27.655870
149,-22.825475,-21.229568,-27.634123
150,-22.806026,-21.203146,-27.584120
151,-22.757506,-21.202249,-27.547976
152,-22.722080,-21.144097,-27.520900
153,-22.737113,-21.156093,-27.455552
154,-22.713863,-21.135104,-27.363990
155,-22.648754,-21.085944,-27.303697
156,-22.716629,-21.124429,-27.277312
157,-22.666899,-21.069194,-27.291538
158,-22.674194,-21.022042,-27.250797
159,-22.641153,-21.071338,-27.211429
160,-22.598094,-21.123187,-27.119465
161,-22.562343,-21.028145,-27.052367
162,-22.494415,-20.944247,-27.093696
163,-22.479939,-20.995573,-27.035851
164,-22.460876,-21.050837,-26.960916
165,-22.468887,-21.029263,-26.906880
166,-22.433142,-20.971511,-26.913680
167,-22.456409,-21.008681,-26.844598
168,-22.392999,-20.993994,-26.836598
169,-22.391486,-20.961705,-26.821280
170,-22.417695,-20.932583,-26.777120
171,-22.441299,-20.919541,-26.660547
172,-22.395480,-20.964296,-26.654442
173,-22.391785,-20.914428,-26.661537
174,-22.326248,-20.977446,-26.602810
175,-22.296685,-20.961050,-26.543064
176,-22.250006,-20.932453,-26.484307
177,-22.272437,-20.975830,-26.441450
178,-22.262248,-20.955041,-26.425950
179,-22.204128,-20.932947,-26.407969
180,-22.171479,-20.902567,-26.399693
181,-22.138447,-20.913264,-26.406267
182,-22.182016,-20.921108,-26.365258
183,-22.166709,-20.894132,-26.327613
184,-22.170876,-20.899301,-26.303515
185,-22.150559,-20.929442,-26.258334
186,-22.078737,-20.926001,-26.218865
187,-22.082714,-20.859461,-26.171626
188,-22.058723,-20.870986,-26.144405
189,-22.058530,-20.876816,-26.153827
190,-21.990236,-20.867399,-26.136324
191,-21.960742,-20.839826,-26.061134
192,-21.914656,-20.823310,-26.046423
193,-21.892812,-20.770277,-25.980967
194,-21.852795,-20.773091,-25.968575
195,-21.846144,-20.809146,-25.939557
196,-21.818611,-20.795067,-25.915125
197,-21.811597,-20.766108,-25.904824
198,-21.824273,-20.768614,-25.883152
199,-21.759734,-20.757580,-25.863022
200,-21.778402,-20.766782,-25.854043
201,-21.753192,-20.709335,-25.832323
202,-21.741492,-20.666963,-25.760510
203,-21.712287,-20.717086,-25.731257
204,-21.706182,-20.705037,-25.705357
205,-21.698076,-20.694471,-25.699599
206,-21.735910,-20.659631,-25.633093
207,-21.774129,-20.641289,-25.633362
208,-21.713309,-20.635622,-25.617574
209,-21.706914,-20.643613,-25.618254
210,-21.698520,-20.634941,-25.556746
211,-21.656641,-20.570038,-25.499296
212,-21.676825,-20.573327,-25.496094
213,-21.678546,-20.581507,-25.413818
214,-21.683796,-20.544911,-25.391589
215,-21.664550,-20.561233,-25.362985
216,-21.711733,-20.570321,-25.296965
217,-21.646582,-20.535751,-25.280929
218,-21.677673,-20.571610,-25.319763
219,-21.683876,-20.574536,-25.247929
220,-21.691929,-20.512003,-25.171963
221,-21.664425,-20.500897,-25.210016
222,-21.655454,-20.469161,-25.151303
223,-21.655675,-20.503847,-25.116632
224,-21.657110,-20.478888,-25.089636
225,-21.657391,-20.442498,-25.054128
226,-21.624553,-20.460260,-25.018128
227,-21.577232,-20.434066,-25.003676
228,-21.623530,-20.417235,-24.975689
229,-21.604652,-20.428101,-24.951255
230,-21.624949,-20.438828,-24.918611
231,-21.621889,-20.476772,-24.877668
232,-21.568417,-20.416031,-24.830668
233,-21.570409,-20.433060,-24.801910
234,-21.601043,-20.470855,-24.784256
235,-21.563868,-20.438602,-24.694624
236,-21.540467,-20.441563,-24.714043
237,-21.551076,-20.409141,-24.708677
238,-21.518003,-20.441381,-24.667008
239,-21.541919,-20.431722,-24.649238
240,-21.516384,-20.390278,-24.639427
241,-21.501287,-20.335724,-24.619857
242,-21.534414,-20.326563,-24.612694
243,-21.512370,-20.340671,-24.564653
244,-21.516476,-20.371977,-24.544274
245,-21.524133,-20.364137,-24.535265
246,-21.522357,-20.374072,-24.484432
247,-21.473155,-20.356764,-24.480900
248,-21.461525,-20.339189,-24.456832
249,-21.494580,-20.302735,-24.463011
250,-21.493735,-20.297280,-24.379693
251,-21.516150,-20.320017,-24.332434
252,-21.506135,-20.306655,-24.296882
253,-21.477759,-20.322374,-24.236457
254,-21.503643,-20.306216,-24.210599
255,-21.530349,-20.300929,-24.278896
256,-21.521366,-20.317316,-24.214977
257,-21.501376,-20.298553,-24.168492
258,-21.536633,-20.271372,-24.142315
259,-21.508136,-20.288808,-24.144041
260,-21.517554,-20.302284,-24.195152
261,-21.494233,-20.245717,-24.143880
262,-21.485795,-20.279185,-24.064138
263,-21.498962,-20.292177,-24.064529
264,-21.495915,-20.295459,-24.010366
265,-21.510596,-20.273419,-23.986672
266,-21.514603,-20.281267,-23.980634
267,-21.519096,-20.277598,-23.998076
268,-21.495314,-20.211099,-24.013369
269,-21.507960,-20.262808,-23.978156
270,-21.472961,-20.250155,-23.951768
271,-21.497790,-20.210229,-23.906707
272,-21.468617,-20.214245,-23.908762
273,-21.462627,-20.209102,-23.905008
274,-21.468046,-20.215655,-23.927865
275,-21.438822,-20.170585,-23.868811
276,-21.383681,-20.187476,-23.886299
277,-21.392312,-20.119610,-23.862198
278,-21.408309,-20.206590,-23.834755
279,-21.428483,-20.185644,-23.765234
280,-21.422354,-20.223717,-23.785600
281,-21.400577,-20.111997,-23.793862
282,-21.432236,-20.116063,-23.795928
283,-21.451305,-20.121551,-23.743657
284,-21.445637,-20.131924,-23.685133
285,-21.487021,-20.129163,-23.762832
286,-21.503734,-20.134281,-23.730515
287,-21.483600,-20.143336,-23.679841
288,-21.454640,-20.140280,-23.742745
289,-21.396037,-20.162351,-23.745301
290,-21.378209,-20.166094,-23.684103
291,-21.401615,-20.168160,-23.683357
292,-21.384248,-20.101761,-23.671426
293,-21.389939,-20.054973,-23.666886
294,-21.422046,-20.023161,-23.630502
295,-21.415260,-19.998398,-23.595692
296,-21.427475,-20.011822,-23.558348
297,-21.392554,-20.008990,-23.554015
298,-21.397340,-20.060594,-23.573366
299,-21.403247,-20.038701,-23.535094
300,-21.419544,-20.006221,-23.516244
301,-21.441911,-19.984794,-23.505998
302,-21.447415,-20.002442,-23.503385
303,-21.418618,-20.004392,-23.544029
304,-21.426696,-20.010357,-23.499986
305,-21.451461,-19.954929,-23.482402
306,-21.416937,-19.930262,-23.469208
307,-21.409396,-19.918513,-23.434992
308,-21.420523,-19.941626,-23.400478
309,-21.403743,-19.996852,-23.356839
310,-21.394100,-19.971376,-23.310509
311,-21.414793,-19.942249,-23.283038
312,-21.432380,-19.916495,-23.286652
313,-21.453465,-19.882997,-23.272042
314,-21.453247,-19.926696,-23.229897
315,-21.465344,-19.933414,-23.235905
316,-21.441692,-19.920288,-23.180905
317,-21.468847,-19.910445,-23.234277
318,-21.422093,-19.883631,-23.286829
319,-21.407834,-19.825650,-23.214296
320,-21.400997,-19.838089,-23.203518
321,-21.362438,-19.846911,-23.193728
322,-21.393017,-19.833669,-23.146827
323,-21.436404,-19.858232,-23.106476
324,-21.446599,-19.841029,-23.110162
325,-21.445646,-19.837462,-23.112800
326,-21.368902,-19.833600,-23.072124
327,-21.388694,-19.872350,-23.045443
328,-21.368527,-19.883907,-23.046329
329,-21.415436,-19.845203,-23.065989
330,-21.453015,-19.842553,-23.017043
331,-21.408645,-19.861516,-23.028073
332,-21.427953,-19.855586,-22.955567
333,-21.375693,-19.828313,-22.944631
334,-21.421485,-19.786057,-22.972668
335,-21.388325,-19.823520,-22.926882
336,-21.409907,-19.868859,-22.886319
337,-21.386549,-19.827709,-22.914337
338,-21.380225,-19.838108,-22.921599
339,-21.385151,-19.875113,-22.924902
340,-21.421011,-19.841697,-22.850593
341,-21.356316,-19.798787,-22.848629
342,-21.359840,-19.802318,-22.810580
343,-21.374480,-19.770057,-22.860571
344,-21.378004,-19.794190,-22.814539
345,-21.334850,-19.788578,-22.761443
346,-21.380409,-19.770597,-22.748889
347,-21.375829,-19.756918,-22.724841
348,-21.401091,-19.771941,-22.762555
349,-21.379791,-19.773502,-22.739677
350,-21.384488,-19.742618,-22.707704
351,-21.361423,-19.710514,-22.694577
352,-21.338903,-19.727742,-22.674373
353,-21.356939,-19.739568,-22.662229
354,-21.364336,-19.749879,-22.645334
355,-21.371628,-19.681905,-22.623240
356,-21.362819,-19.674866,-22.607334
357,-21.345456,-19.641481,-22.597001
358,-21.350589,-19.625258,-22.584636
359,-21.368566,-19.597295,-22.572073
360,-21.342830,-19.629112,-22.531465
361,-21.404072,-19.650443,-22.512391
362,-21.364471,-19.645565,-22.517015
363,-21.389631,-19.615966,-22.504693
364,-21.440891,-19.609699,-22.469362
365,-21.419151,-19.638719,-22.502655
366,-21.372238,-19.619532,-22.452355
367,-21.366171,-19.601398,-22.463613
368,-21.338795,-19.644762,-22.480777
369,-21.340364,-19.604013,-22.458846
370,-21.370803,-19.583229,-22.409983
371,-21.328910,-19.602741,-22.416458
372,-21.376428,-19.565885,-22.396787
373,-21.364709,-19.537319,-22.381105
374,-21.397872,-19.568634,-22.342933
375,-21.330092,-19.521240,-22.321762
376,-21.330833,-19.526565,-22.332573
377,-21.284074,-19.539132,-22.254182
378,-21.315453,-19.522587,-22.252100
379,-21.326048,-19.534608,-22.243716
380,-21.349112,-19.513899,-22.265706
381,-21.329654,-19.511047,-22.236872
382,-21.292925,-19.528213,-22.215379
383,-21.353842,-19.572711,-22.184577
384,-21.306321,-19.538794,-22.160952
385,-21.256934,-19.471322,-22.172615
386,-21.259301,-19.494102,-22.159745
387,-21.292261,-19.527872,-22.149183
388,-21.319598,-19.486169,-22.154169
389,-21.307788,-19.494748,-22.127430
390,-21.348790,-19.483047,-22.134257
391,-21.325213,-19.475218,-22.161389
392,-21.286859,-19.468798,-22.102922
393,-21.285900,-19.467604,-22.100001
394,-21.275287,-19.539502,-22.082968
395,-21.310178,-19.504059,-22.022655
396,-21.315440,-19.488770,-21.995067
397,-21.301683,-19.480438,-21.997963
398,-21.270681,-19.445220,-21.988024
399,-21.278068,-19.433002,-21.990989
400,-21.235116,-19.466265,-21.969715
401,-21.211380,-19.447313,-21.936476
402,-21.220990,-19.445511,-21.927335
403,-21.224511,-19.425476,-21.960946
404,-21.194221,-19.413061,-21.892901
405,-21.236527,-19.414143,-21.913442
406,-21.263539,-19.411365,-21.921728
407,-21.254661,-19.379791,-21.908067
408,-21.265855,-19.416079,-21.931519
409,-21.257392,-19.402235,-21.904117
410,-21.245319,-19.375466,-21.901335
411,-21.247112,-19.384806,-21.889486
412,-21.255916,-19.359395,-21.910597
413,-21.296004,-19.354630,-21.847229
414,-21.276526,-19.329640,-21.817864
415,-21.213834,-19.292196,-21.818249
416,-21.213399,-19.283538,-21.836872
417,-21.207924,-19.285919,-21.811158
418,-21.223304,-19.293206,-21.813922
419,-21.213578,-19.314287,-21.789236
420,-21.203166,-19.310283,-21.822994
421,-21.205074,-19.332508,-21.799773
422,-21.199016,-19.311392,-21.794504
423,-21.191069,-19.296447,-21.765107
424,-21.222984,-19.249865,-21.761353
425,-21.198149,-19.276598,-21.728994
426,-21.181333,-19.259883,-21.708713
427,-21.146139,-19.272685,-21.705398
428,-21.211186,-19.241783,-21.659559
429,-21.187441,-19.278186,-21.666428
430,-21.189075,-19.303430,-21.645742
431,-21.157067,-19.298038,-21.645103
432,-21.134653,-19.275473,-21.676360
433,-21.135998,-19.283426,-21.661128
434,-21.141727,-19.268859,-21.665229
435,-21.187006,-19.288156,-21.614702
436,-21.168404,-19.297055,-21.617562
437,-21.198699,-19.263264,-21.639362
438,-21.224765,-19.242560,-21.584102
439,-21.201458,-19.200854,-21.578773
440,-21.189869,-19.185817,-21.581483
441,-21.215260,-19.217050,-21.596006
442,-21.176277,-19.203401,-21.551267
443,-21.151738,-19.214020,-21.515323
444,-21.156954,-19.190802,-21.516602
445,-21.149003,-19.228234,-21.523287
446,-21.111298,-19.166913,-21.528339
447,-21.123496,-19.204291,-21.579917
448,-21.146757,-19.189032,-21.523972
449,-21.146322,-19.202284,-21.490694
450,-21.163296,-19.209559,-21.473852
451,-21.153901,-19.169447,-21.478499
452,-21.152037,-19.211989,-21.458432
453,-21.156351,-19.191429,-21.450305
454,-21.114568,-19.133826,-21.493482
455,-21.094299,-19.176738,-21.455687
456,-21.109446,-19.225369,-21.451021
457,-21.106449,-19.155966,-21.423556
458,-21.111891,-19.144429,-21.408070
459,-21.099887,-19.093132,-21.404619
460,-21.092826,-19.113029,-21.356663
461,-21.082942,-19.153647,-21.363666
462,-21.111325,-19.134784,-21.376633
463,-21.105225,-19.110473,-21.346263
464,-21.096845,-19.099887,-21.337963
465,-21.088125,-19.092557,-21.301367
466,-21.106715,-19.086325,-21.314396
467,-21.102021,-19.123392,-21.302697
468,-21.094696,-19.094135,-21.309640
469,-21.062701,-19.095713,-21.255430
470,-21.129100,-19.090034,-21.302641
471,-21.091839,-19.098187,-21.286545
472,-21.086820,-19.121863,-21.260392
473,-21.068169,-19.107367,-21.276616
474,-21.086943,-19.101960,-21.261385
475,-21.047391,-19.137042,-21.318813
476,-21.056446,-19.092449,-21.260211
477,-21.060743,-19.113949,-21.282732
478,-21.073800,-19.129872,-21.213151
479,-21.094041,-19.110934,-21.200545
480,-21.054787,-19.115802,-21.232679
481,-21.106366,-19.104882,-21.230388
482,-21.114097,-19.048526,-21.217534
483,-21.108498,-19.038377,-21.172902
484,-21.103825,-19.037966,-21.216630
485,-21.112665,-19.033335,-21.231544
486,-21.064366,-19.018949,-21.234068
487,-21.102173,-18.996137,-21.209495
488,-21.070541,-19.008383,-21.197902
489,-21.041363,-18.961816,-21.205011
490,-21.024032,-18.963106,-21.192678
491,-21.028721,-18.999678,-21.173379
492,-21.020591,-18.961694,-21.198019
493,-21.027177,-18.956910,-21.174882
494,-21.037788,-18.963432,-21.207017
495,-21.022416,-18.992873,-21.202478
496,-21.054782,-19.006322,-21.163055
497,-21.036397,-18.997035,-21.154748
498,-21.046718,-19.001535,-21.125853
499,-21.075525,-19.042928,-21.100603
500,-21.055541,-19.009006,-21.129297
501,-21.060693,-18.999239,-21.078373
502,-21.040150,-19.029255,-21.082147
503,-21.033389,-18.994555,-21.031895
504,-21.007420,-18.958097,-21.015043
505,-21.060392,-19.001274,-21.039691
506,-21.027187,-18.993767,-21.031615
507,-21.033226,-18.990905,-21.022431
508,-21.014248,-18.953047,-21.002908
509,-21.027937,-18.970364,-21.000966
510,-21.010667,-18.975250,-20.959936
511,-20.964453,-18.969116,-20.960132
512,-20.969592,-18.954032,-20.966517
513,-20.988796,-18.955883,-20.992684
514,-20.980368,-18.941619,-20.948203
515,-20.986317,-18.945013,-20.990740
516,-20.995942,-18.949797,-20.941768
517,-20.981649,-18.989978,-20.936241
518,-20.966770,-18.979970,-20.923290
519,-20.956810,-18.967099,-20.916260
520,-20.982131,-18.931160,-20.933088
521,-20.956244,-18.937941,-20.930801
522,-20.951033,-18.969297,-20.920039
523,-20.981909,-18.969886,-20.927055
524,-20.964265,-18.953318,-20.888616
525,-20.993387,-18.948461,-20.934052
526,-20.989450,-18.945767,-20.912196
527,-20.980347,-18.912195,-20.858638
528,-20.956913,-18.916156,-20.866248
529,-20.955285,-18.901534,-20.881974
530,-20.956798,-18.909766,-20.867578
531,-20.984198,-18.928540,-20.859642
532,-20.954446,-18.925229,-20.861018
533,-20.975705,-18.928307,-20.854149
534,-20.927929,-18.956316,-20.830368
535,-20.944111,-18.933863,-20.838821
536,-20.907460,-18.950985,-20.829916
537,-20.928239,-18.990168,-20.833058
538,-20.936786,-18.973086,-20.845466
539,-20.928096,-18.911835,-20.836921
540,-20.898763,-18.916439,-20.838778
541,-20.904313,-18.987840,-20.860984
542,-20.896455,-18.940672,-20.853691
543,-20.896970,-18.938321,-20.855786
544,-20.915221,-18.969341,-20.878376
545,-20.909782,-18.939728,-20.861462
546,-20.903708,-18.880848,-20.815472
547,-20.884300,-18.903335,-20.833016
548,-20.872297,-18.920573,-20.813963
549,-20.901928,-18.944358,-20.814209
550,-20.901694,-18.966068,-20.806788
551,-20.897340,-18.961281,-20.789881
552,-20.910218,-18.963910,-20.785312
553,-20.848885,-18.926453,-20.791139
554,-20.841526,-18.922058,-20.759501
555,-20.848253,-18.906064,-20.737763
556,-20.841683,-18.927620,-20.733000
557,-20.866493,-18.903416,-20.765132
558,-20.821442,-18.916229,-20.768852
559,-20.803130,-18.920042,-20.777755
560,-20.803377,-18.946207,-20.783559
561,-20.853338,-18.907107,-20.798731
562,-20.828935,-18.904354,-20.783881
563,-20.836861,-18.899337,-20.747248
564,-20.864871,-18.940229,-20.704241
565,-20.866652,-18.900699,-20.718035
566,-20.859810,-18.879195,-20.720342
567,-20.847336,-18.889674,-20.752673
568,-20.855238,-18.918783,-20.701003
569,-20.828271,-18.928692,-20.668352
570,-20.804609,-18.935260,-20.679158
571,-20.761422,-18.923710,-20.658413
572,-20.807157,-18.906432,-20.649588
573,-20.791761,-18.910439,-20.686329
574,-20.783925,-18.897706,-20.672232
575,-20.808107,-18.893444,-20.635189
576,-20.787478,-18.913479,-20.659975
577,-20.808793,-18.869589,-20.672819
578,-20.777087,-18.895447,-20.642072
579,-20.784266,-18.902909,-20.672732
580,-20.822408,-18.889520,-20.680071
581,-20.802144,-18.895654,-20.671126
582,-20.797972,-18.920589,-20.679842
583,-20.788832,-18.931279,-20.667018
584,-20.754040,-18.880581,-20.649794
585,-20.732929,-18.871885,-20.613503
586,-20.766011,-18.885065,-20.606821
587,-20.757994,-18.874686,-20.637862
588,-20.767304,-18.847253,-20.597769
589,-20.747523,-18.858555,-20.591547
590,-20.756315,-18.880883,-20.615674
591,-20.772263,-18.871921,-20.630445
592,-20.755402,-18.906934,-20.630890
593,-20.729919,-18.939989,-20.645593
594,-20.740377,-18.857955,-20.630984
595,-20.729436,-18.860168,-20.616410
596,-20.722478,-18.849998,-20.585618
597,-20.711880,-18.899455,-20.579693
598,-20.710221,-18.912154,-20.594174
599,-20.758555,-18.952914,-20.613688
600,-20.753425,-18.953551,-20.600244
601,-20.728589,-18.913966,-20.577692
602,-20.725463,-18.914325,-20.581391
603,-20.726382,-18.905554,-20.561103
604,-20.709868,-18.909328,-20.605535
605,-20.730919,-18.888554,-20.570506
606,-20.744598,-18.875330,-20.534843
607,-20.735821,-18.912833,-20.576051
608,-20.686199,-18.905872,-20.573704
609,-20.696199,-18.884557,-20.586213
610,-20.715136,-18.908467,-20.554243
611,-20.681487,-18.928524,-20.552466
612,-20.711988,-18.929781,-20.530921
613,-20.715050,-18.938176,-20.581058
614,-20.710671,-18.941110,-20.554605
615,-20.705503,-18.929885,-20.527380
616,-20.673963,-18.928463,-20.505236
617,-20.705207,-18.912728,-20.509000
618,-20.729729,-18.916541,-20.499237
619,-20.729841,-18.831521,-20.513624
620,-20.702708,-18.911806,-20.515774
621,-20.709332,-18.934911,-20.538043
622,-20.707535,-18.907149,-20.521852
623,-20.698843,-18.911102,-20.520393
624,-20.693303,-18.905414,-20.526527
625,-20.680586,-18.890975,-20.519982
626,-20.689840,-18.901099,-20.544629
627,-20.673587,-18.880110,-20.538068
628,-20.680827,-18.857235,-20.569677
629,-20.654057,-18.879260,-20.574511
630,-20.667474,-18.892358,-20.515117
631,-20.703983,-18.896431,-20.531323
632,-20.646791,-18.914582,-20.490068
633,-20.678493,-18.910005,-20.520279
634,-20.728717,-18.925835,-20.531336
635,-20.685713,-18.939093,-20.509587
636,-20.668593,-18.931470,-20.534729
637,-20.694983,-18.930924,-20.504479
638,-20.687171,-18.969726,-20.488176
639,-20.707254,-18.998549,-20.507301
640,-20.713985,-19.005000,-20.484968
641,-20.686057,-18.981401,-20.477541
642,-20.711716,-18.920956,-20.461431
643,-20.681302,-18.923476,-20.475609
644,-20.683084,-18.917515,-20.443041
645,-20.689180,-18.944351,-20.490331
646,-20.662305,-18.922901,-20.455421
647,-20.661522,-18.895064,-20.488386
648,-20.665716,-18.908647,-20.458771
649,-20.680954,-18.940388,-20.449248
650,-20.674271,-18.941728,-20.430987
651,-20.684856,-18.893316,-20.437492
652,-20.708343,-18.935582,-20.424199
653,-20.683666,-18.904417,-20.398798
654,-20.666401,-18.926234,-20.443139
655,-20.668179,-18.928014,-20.471758
656,-20.677681,-18.939878,-20.451318
657,-20.701722,-18.925217,-20.433696
658,-20.663334,-18.934999,-20.385797
659,-20.687290,-18.947244,-20.414632
660,-20.689528,-18.959790,-20.369609
661,-20.685358,-18.948220,-20.394812
662,-20.695709,-18.910408,-20.393871
663,-20.681172,-18.914696,-20.398303
664,-20.683090,-18.943950,-20.400535
665,-20.688179,-18.926094,-20.412924
666,-20.668663,-18.930611,-20.419341
667,-20.650964,-18.909172,-20.435074
668,-20.665871,-18.902463,-20.406327
669,-20.689932,-18.935101,-20.439206
670,-20.675425,-18.930701,-20.415289
671,-20.686673,-18.928509,-20.384604
672,-20.657693,-18.942547,-20.376564
673,-20.683356,-18.945590,-20.363446
674,-20.655476,-18.944383,-20.405229
675,-20.643334,-18.922318,-20.416244
676,-20.663314,-18.950401,-20.414642
677,-20.692654,-18.935841,-20.383130
678,-20.665800,-18.927760,-20.379478
679,-20.708948,-18.962549,-20.352646
680,-20.688575,-18.947971,-20.367669
681,-20.728650,-18.915077,-20.405085
682,-20.745360,-18.886249,-20.396848
683,-20.714334,-18.877656,-20.382052
684,-20.741673,-18.915018,-20.360579
685,-20.711544,-18.939394,-20.354321
686,-20.724878,-18.953112,-20.367185
687,-20.726756,-18.979285,-20.336195
688,-20.686666,-18.968031,-20.338461
689,-20.654310,-18.970402,-20.332771
690,-20.639907,-18.962187,-20.351262
691,-20.671645,-18.958485,-20.328967
692,-20.682615,-18.969364,-20.353350
693,-20.665063,-18.983419,-20.325081
694,-20.657927,-18.979820,-20.356099
695,-20.652472,-18.983759,-20.353355
696,-20.655024,-18.974735,-20.345866
697,-20.680648,-19.017749,-20.329957
698,-20.689276,-19.033308,-20.309414
699,-20.717449,-18.997698,-20.301891
700,-20.687292,-19.016325,-20.351698
701,-20.716610,-18.991120,-20.341330
702,-20.701694,-19.025585,-20.333789
703,-20.721641,-19.020085,-20.323989
704,-20.728234,-18.992018,-20.322741
705,-20.690615,-18.984279,-20.315623
706,-20.733865,-18.963663,-20.318460
707,-20.742036,-18.960345,-20.314687
708,-20.736234,-19.011105,-20.304460
709,-20.737637,-19.015496,-20.327393
710,-20.733363,-19.007231,-20.312406
711,-20.738038,-19.009519,-20.316866
712,-20.719702,-19.026210,-20.299077
713,-20.716165,-19.031768,-20.320923
714,-20.707650,-19.041883,-20.341688
715,-20.681320,-19.042364,-20.338048
716,-20.707845,-19.056060,-20.327447
717,-20.723598,-19.058954,-20.308850
718,-20.736521,-19.079098,-20.350105
719,-20.730165,-19.082592,-20.331846
720,-20.728074,-19.085752,-20.349074
721,-20.676325,-19.030534,-20.319537
722,-20.724304,-19.037985,-20.331968
723,-20.720433,-19.030884,-20.307775
724,-20.735270,-19.032324,-20.305845
725,-20.712130,-19.048935,-20.284193
726,-20.702845,-19.082653,-20.293235
727,-20.720983,-19.059959,-20.296820
728,-20.703985,-19.054302,-20.236940
729,-20.727651,-19.055843,-20.242192
730,-20.745187,-19.042995,-20.268524
731,-20.744376,-19.041210,-20.254672
732,-20.736092,-19.035604,-20.258168
733,-20.751251,-19.079004,-20.284988
734,-20.745949,-19.084998,-20.279622
735,-20.726820,-19.032141,-20.297237
736,-20.745994,-19.031492,-20.262497
737,-20.755398,-19.064114,-20.274746
738,-20.772202,-19.053874,-20.277548
739,-20.751051,-19.082395,-20.282363
740,-20.727953,-19.094846,-20.292356
741,-20.728194,-19.083678,-20.260855
742,-20.701251,-19.117674,-20.264911
743,-20.707459,-19.097571,-20.252176
744,-20.708451,-19.139892,-20.257802
745,-20.698234,-19.126510,-20.256877
746,-20.727481,-19.130073,-20.287946
747,-20.729508,-19.127923,-20.294451
748,-20.737666,-19.147444,-20.304394
749,-20.724205,-19.152638,-20.247085
750,-20.713117,-19.128631,-20.243897
751,-20.706995,-19.129084,-20.237644
752,-20.754569,-19.170851,-20.262102
753,-20.711269,-19.182844,-20.251150
754,-20.712522,-19.197433,-20.290100
755,-20.707734,-19.188278,-20.255971
756,-20.685406,-19.198629,-20.250012
757,-20.731628,-19.203897,-20.230499
758,-20.700106,-19.189229,-20.257590
759,-20.686332,-19.170781,-20.257868
760,-20.727383,-19.198003,-20.285116
761,-20.730114,-19.182645,-20.289664
762,-20.728207,-19.174892,-20.322043
763,-20.751574,-19.237499,-20.309669
764,-20.763088,-19.239115,-20.307332
765,-20.751130,-19.268779,-20.322980
766,-20.711389,-19.208124,-20.303532
767,-20.710447,-19.212965,-20.269951
768,-20.720298,-19.204031,-20.281783
769,-20.726517,-19.235876,-20.284262
770,-20.734004,-19.217107,-20.287622
771,-20.694734,-19.240615,-20.286536
772,-20.709745,-19.268778,-20.232372
773,-20.722428,-19.261274,-20.237720
774,-20.702004,-19.240896,-20.229276
775,-20.724265,-19.254203,-20.253261
776,-20.735299,-19.295692,-20.247504
777,-20.776232,-19.312363,-20.259363
778,-20.763377,-19.314067,-20.224775
779,-20.712426,-19.295565,-20.247373
780,-20.713706,-19.275051,-20.220828
781,-20.689863,-19.279427,-20.236747
782,-20.757346,-19.260231,-20.259885
783,-20.748662,-19.239017,-20.267027
784,-20.726727,-19.280461,-20.278773
785,-20.732398,-19.297699,-20.239372
786,-20.747700,-19.292086,-20.200398
787,-20.758371,-19.283693,-20.191376
788,-20.758600,-19.307301,-20.224027
789,-20.752122,-19.257201,-20.197328
790,-20.765164,-19.272758,-20.215529
791,-20.752168,-19.281908,-20.240362
792,-20.779944,-19.293271,-20.231799
793,-20.779442,-19.303359,-20.202333
794,-20.790995,-19.260473,-20.177347
795,-20.796537,-19.301168,-20.194466
796,-20.784927,-19.295722,-20.177626
797,-20.737331,-19.335130,-20.207662
798,-20.770831,-19.329013,-20.171984
799,-20.794190,-19.309334,-20.159882
800,-20.773547,-19.306251,-20.190682
801,-20.722886,-19.311614,-20.210258
802,-20.731782,-19.353661,-20.183843
803,-20.726657,-19.324933,-20.192016
804,-20.753357,-19.324611,-20.183868
805,-20.751549,-19.325383,-20.195211
806,-20.745913,-19.340746,-20.231661
807,-20.750391,-19.354760,-20.226409
808,-20.779893,-19.361038,-20.199111
809,-20.794724,-19.361022,-20.204935
810,-20.803292,-19.389631,-20.204017
811,-20.764888,-19.353276,-20.181525
812,-20.761851,-19.356623,-20.219733
813,-20.776301,-19.339072,-20.211786
814,-20.789173,-19.357413,-20.181573
815,-20.766256,-19.368392,-20.183344
816,-20.755199,-19.387228,-20.197601
817,-20.746981,-19.386680,-20.206122
818,-20.739192,-19.406762,-20.156674
819,-20.741054,-19.383346,-20.145461
820,-20.735970,-19.408680,-20.149221
821,-20.771258,-19.432557,-20.153257
822,-20.785007,-19.438642,-20.143745
823,-20.751753,-19.433377,-20.115985
824,-20.767274,-19.450631,-20.119442
825,-20.755895,-19.432384,-20.117231
826,-20.770167,-19.448458,-20.127010
827,-20.719625,-19.465943,-20.132752
828,-20.725550,-19.435764,-20.147845
829,-20.730949,-19.412526,-20.161847
830,-20.708954,-19.429062,-20.125349
831,-20.745861,-19.428882,-20.152471
832,-20.747626,-19.478321,-20.142273
833,-20.723430,-19.471102,-20.166716
834,-20.702654,-19.494422,-20.138288
835,-20.729191,-19.453069,-20.138786
836,-20.725845,-19.469450,-20.139572
837,-20.709969,-19.480536,-20.150257
838,-20.743903,-19.485045,-20.138185
839,-20.744960,-19.500382,-20.105756
840,-20.715592,-19.510828,-20.136804
841,-20.734139,-19.524820,-20.137052
842,-20.717346,-19.491194,-20.134419
843,-20.752300,-19.481572,-20.150079
844,-20.763178,-19.476399,-20.143606
845,-20.766124,-19.510328,-20.130781
846,-20.762134,-19.516749,-20.110268
847,-20.742722,-19.527377,-20.135350
848,-20.723920,-19.500353,-20.133631
849,-20.724693,-19.515158,-20.146358
850,-20.742688,-19.539331,-20.175903
851,-20.707821,-19.543180,-20.162240
852,-20.746289,-19.570205,-20.159876
853,-20.712033,-19.581466,-20.190757
854,-20.695942,-19.562700,-20.176734
855,-20.685640,-19.566946,-20.140863
856,-20.693652,-19.539359,-20.120552
857,-20.706944,-19.579627,-20.107811
858,-20.710286,-19.579945,-20.085867
859,-20.749285,-19.581866,-20.107648
860,-20.691610,-19.574273,-20.129610
861,-20.675499,-19.624358,-20.133647
862,-20.661437,-19.544241,-20.112495
863,-20.633973,-19.563677,-20.070207
864,-20.646282,-19.597956,-20.094055
865,-20.686029,-19.637903,-20.097105
866,-20.688057,-19.611888,-20.086373
867,-20.716845,-19.586532,-20.104049
868,-20.720881,-19.583425,-20.103600
869,-20.703764,-19.612150,-20.104535
870,-20.661573,-19.592425,-20.061085
871,-20.636457,-19.648912,-20.081530
872,-20.678747,-19.649732,-20.124750
873,-20.716147,-19.653987,-20.130322
874,-20.725584,-19.706976,-20.115466
875,-20.729149,-19.684970,-20.144208
876,-20.726602,-19.659060,-20.136114
877,-20.730727,-19.687570,-20.130812
878,-20.722857,-19.691243,-20.081487
879,-20.744971,-19.692797,-20.073271
880,-20.717348,-19.682514,-20.066532
881,-20.671999,-19.724792,-20.049295
882,-20.697366,-19.737731,-20.052883
883,-20.742456,-19.742260,-20.083488
884,-20.744433,-19.713349,-20.080351
885,-20.716045,-19.759442,-20.090556
886,-20.740419,-19.753392,-20.083276
887,-20.711440,-19.758262,-20.073545
888,-20.747653,-19.766841,-20.053688
889,-20.737339,-19.745419,-20.070053
890,-20.704042,-19.756862,-20.108123
891,-20.665844,-19.721317,-20.089391
892,-20.691491,-19.737728,-20.086505
893,-20.691571,-19.750364,-20.057452
894,-20.694720,-19.781828,-20.069712
895,-20.677071,-19.730499,-20.091357
896,-20.684425,-19.732780,-20.088693
897,-20.704628,-19.756172,-20.090991
898,-20.687112,-19.799222,-20.066640
899,-20.701228,-19.854609,-20.070202
900,-20.710873,-19.819154,-20.044720
901,-20.691743,-19.850058,-20.062248
902,-20.692991,-19.845892,-20.064084
903,-20.692335,-19.858815,-20.063810
904,-20.684900,-19.858405,-20.067848
905,-20.711703,-19.825520,-20.061486
906,-20.681562,-19.869097,-20.064780
907,-20.669102,-19.834928,-20.065764
908,-20.700847,-19.882772,-20.056803
909,-20.704973,-19.891232,-20.072547
910,-20.662521,-19.898305,-20.088723
911,-20.674104,-19.899434,-20.107473
912,-20.694210,-19.927572,-20.103488
913,-20.664276,-19.931368,-20.077133
914,-20.666495,-19.886073,-20.094175
915,-20.665968,-19.905853,-20.056920
916,-20.662003,-19.919658,-20.042727
917,-20.642678,-19.913805,-20.044730
918,-20.632012,-19.930796,-20.067160
919,-20.666439,-19.937970,-20.085631
920,-20.674222,-19.962030,-20.062052
921,-20.670074,-19.955902,-20.055801
922,-20.640892,-19.953913,-20.077711
923,-20.679672,-19.982702,-20.029446
924,-20.662550,-20.030854,-20.056770
925,-20.728110,-20.040885,-20.079810
926,-20.735578,-20.039868,-20.064910
927,-20.702455,-20.018109,-20.046729
928,-20.697890,-19.996048,-20.034528
929,-20.736769,-20.036547,-20.089883
930,-20.689105,-20.014666,-20.087856
931,-20.750114,-19.990755,-20.063381
932,-20.710430,-19.982629,-20.065544
933,-20.704136,-20.036486,-20.040477
934,-20.690548,-20.000960,-20.076563
935,-20.718694,-20.022509,-20.046026
936,-20.673526,-20.027860,-20.043675
937,-20.673993,-20.033337,-20.077566
938,-20.669887,-20.075910,-20.074646
939,-20.695524,-20.030257,-20.077808
940,-20.685934,-20.027223,-20.086196
941,-20.719146,-20.033820,-20.066507
942,-20.700228,-20.042074,-20.048840
943,-20.699532,-20.041376,-20.052757
944,-20.719089,-20.030934,-20.022085
945,-20.717068,-20.061841,-20.047782
946,-20.701466,-20.091073,-20.083851
947,-20.695897,-20.094035,-20.056672
948,-20.732137,-20.161278,-20.038957
949,-20.718932,-20.150706,-20.021312
950,-20.692469,-20.159350,-20.018736
951,-20.643532,-20.096576,-20.029854
952,-20.701807,-20.102386,-20.083572
953,-20.726582,-20.104192,-20.062826
954,-20.696034,-20.115112,-20.052621
955,-20.697256,-20.141971,-20.037191
956,-20.720160,-20.162385,-20.036752
957,-20.680565,-20.165812,-20.048325
958,-20.710617,-20.159356,-20.022443
959,-20.693922,-20.189604,-20.022790
960,-20.716299,-20.215179,-20.024499
961,-20.725632,-20.183915,-20.047031
962,-20.691346,-20.195394,-20.043787
963,-20.665594,-20.179297,-20.028877
964,-20.702705,-20.235000,-20.024513
965,-20.696961,-20.180110,-20.027377
966,-20.679054,-20.224680,-20.037224
967,-20.709270,-20.264287,-20.021597
968,-20.686052,-20.242520,-20.003915
969,-20.687189,-20.229033,-20.012246
970,-20.700978,-20.235832,-20.012254
971,-20.718602,-20.234528,-20.020616
972,-20.710524,-20.253338,-20.030872
973,-20.708923,-20.232590,-20.020224
974,-20.711153,-20.244975,-20.011478
975,-20.715356,-20.251655,-20.015317
976,-20.745036,-20.304026,-20.008768
977,-20.740307,-20.283209,-19.991607
978,-20.695986,-20.280684,-19.988582
979,-20.721498,-20.300305,-20.015522
980,-20.710423,-20.289689,-20.012951
981,-20.699047,-20.321152,-19.980440
982,-20.692900,-20.369058,-19.974624
983,-20.707519,-20.369458,-20.009860
984,-20.664583,-20.362207,-20.031948
985,-20.691041,-20.348555,-20.027717
986,-20.648043,-20.320372,-20.039565
987,-20.647271,-20.386666,-20.049382
988,-20.670123,-20.384379,-20.050732
989,-20.678047,-20.344229,-20.079933
990,-20.673348,-20.304966,-20.049201
991,-20.695486,-20.333218,-20.054311
992,-20.735370,-20.345165,-20.069786
993,-20.759825,-20.346211,-20.032753
994,-20.744253,-20.373025,-20.045588
995,-20.747683,-20.382261,-20.028464
996,-20.742898,-20.374984,-20.044789
997,-20.745910,-20.383088,-20.012908
998,-20.733879,-20.385284,-20.059557
999,-20.762848,-20.441567,-20.046559
1000,-20.747345,-20.430808,-19.996425
