Epoch,chi_Mean_0.25,chi_Mean_1.0,chi_Mean_4.0
1,-39.712986,-35.698801,-69.277914
2,-26.213682,-25.419595,-56.997917
3,-23.363214,-22.893885,-50.959064
4,-22.482927,-21.958312,-47.713825
5,-22.000515,-21.364436,-45.833676
6,-21.609942,-20.861881,-44.565933
7,-21.270011,-20.444985,-43.585435
8,-20.971280,-20.112725,-42.814492
9,-20.713163,-19.828920,-42.164984
10,-20.483841,-19.602690,-41.587435
11,-20.272354,-19.400943,-41.084055
12,-20.090549,-19.226456,-40.635893
13,-19.919712,-19.093070,-40.274029
14,-19.762529,-18.971292,-39.931765
15,-19.640081,-18.846710,-39.621858
16,-19.539125,-18.746106,-39.415725
17,-19.420554,-18.637179,-39.246361
18,-19.326170,-18.546182,-39.057642
19,-19.249742,-18.459898,-38.900183
20,-19.169975,-18.376804,-38.814602
21,-19.090857,-18.302549,-38.729670
22,-19.020041,-18.222312,-38.620978
23,-18.949127,-18.151486,-38.570339
24,-18.899734,-18.091815,-38.413344
25,-18.849278,-18.029688,-38.347711
26,-18.803394,-17.976815,-38.219517
27,-18.740943,-17.923746,-38.188161
28,-18.704163,-17.878600,-38.118646
29,-18.665294,-17.816915,-38.018857
30,-18.616442,-17.783542,-37.938482
31,-18.579226,-17.739155,-37.884349
32,-18.536809,-17.702744,-37.821367
33,-18.504269,-17.655265,-37.789155
34,-18.456264,-17.625455,-37.746817
35,-18.427822,-17.603028,-37.633807
36,-18.387426,-17.582528,-37.569479
37,-18.363237,-17.544422,-37.481740
38,-18.328953,-17.524455,-37.380665
39,-18.301669,-17.490268,-37.411817
40,-18.264644,-17.459724,-37.342643
41,-18.230724,-17.436427,-37.281519
42,-18.192634,-17.408754,-37.211602
43,-18.165850,-17.380094,-37.214105
44,-18.130143,-17.365072,-37.117651
45,-18.105856,-17.345918,-37.102990
46,-18.087285,-17.330372,-37.061895
47,-18.064529,-17.301819,-37.033750
48,-18.036177,-17.274973,-36.978828
49,-18.009293,-17.241880,-36.953007
50,-17.985987,-17.226665,-36.918696
51,-17.962350,-17.209445,-36.839487
52,-17.948914,-17.180199,-36.783209
53,-17.928038,-17.166034,-36.718872
54,-17.907200,-17.145688,-36.664982
55,-17.890245,-17.125163,-36.654431
56,-17.871556,-17.107780,-36.563051
57,-17.852774,-17.077539,-36.535104
58,-17.839789,-17.070189,-36.447597
59,-17.819845,-17.045322,-36.349267
60,-17.806772,-17.027471,-36.326927
61,-17.795297,-17.005248,-36.257945
62,-17.776168,-16.997887,-36.226592
63,-17.758631,-16.987246,-36.202371
64,-17.749818,-16.980185,-36.152521
65,-17.728269,-16.963074,-36.107465
66,-17.722670,-16.943939,-36.017109
67,-17.709888,-16.935870,-36.001430
68,-17.699538,-16.922827,-35.968079
69,-17.684481,-16.911531,-35.949387
70,-17.671754,-16.909941,-35.856020
71,-17.661394,-16.898908,-35.811362
72,-17.651844,-16.882872,-35.751638
73,-17.643615,-16.877039,-35.712801
74,-17.632712,-16.868102,-35.653021
75,-17.625950,-16.859480,-35.630216
76,-17.618607,-16.848127,-35.570365
77,-17.607872,-16.840088,-35.585871
78,-17.598916,-16.835257,-35.537140
79,-17.594553,-16.830768,-35.476007
80,-17.582448,-16.823855,-35.456267
81,-17.570161,-16.825624,-35.435828
82,-17.556175,-16.809251,-35.382142
83,-17.545493,-16.798850,-35.367063
84,-17.541664,-16.789550,-35.316107
85,-17.530163,-16.778847,-35.313467
86,-17.523901,-16.778939,-35.278650
87,-17.512744,-16.775632,-35.260729
88,-17.503542,-16.769164,-35.169044
89,-17.492082,-16.757231,-35.145426
90,-17.483503,-16.748950,-35.156623
91,-17.475901,-16.752375,-35.107885
92,-17.466851,-16.741554,-35.092726
93,-17.467595,-16.732926,-35.049353
94,-17.463610,-16.728808,-35.005315
95,-17.450051,-16.725997,-34.982065
96,-17.444739,-16.726738,-34.952473
97,-17.438025,-16.721416,-34.900211
98,-17.436065,-16.708306,-34.840852
99,-17.430437,-16.702215,-34.779319
100,-17.422782,-16.701983,-34.752937
101,-17.416405,-16.705396,-34.740446
102,-17.407578,-16.691921,-34.680507
103,-17.407937,-16.692031,-34.713728
104,-17.401965,-16.694973,-34.622734
105,-17.395827,-16.681508,-34.554678
106,-17.395933,-16.681920,-34.506204
107,-17.391359,-16.678621,-34.505820
108,-17.384647,-16.675715,-34.486464
109,-17.378526,-16.664741,-34.411966
110,-17.377958,-16.661436,-34.393365
111,-17.376441,-16.658709,-34.321755
112,-17.378251,-16.655107,-34.248938
113,-17.377665,-16.652391,-34.242731
114,-17.372018,-16.646377,-34.118300
115,-17.365907,-16.649948,-34.078589
116,-17.362126,-16.646744,-34.029966
117,-17.357511,-16.647299,-33.981091
118,-17.353111,-16.637451,-33.916706
119,-17.355312,-16.632456,-33.886899
120,-17.348089,-16.631957,-33.839407
121,-17.349771,-16.638410,-33.790437
122,-17.346319,-16.637873,-33.778266
123,-17.346389,-16.635915,-33.737348
124,-17.338460,-16.624243,-33.618707
125,-17.338747,-16.614846,-33.523005
126,-17.338947,-16.615517,-33.513469
127,-17.335645,-16.611542,-33.408929
128,-17.342533,-16.608099,-33.354015
129,-17.335517,-16.610290,-33.351452
130,-17.334460,-16.610884,-33.289553
131,-17.326854,-16.609036,-33.251771
132,-17.331770,-16.608971,-33.114650
133,-17.324749,-16.614817,-33.096495
134,-17.327632,-16.609875,-33.000635
135,-17.324603,-16.603142,-32.962573
136,-17.320756,-16.602783,-32.900664
137,-17.318096,-16.602281,-32.762570
138,-17.317978,-16.596586,-32.705301
139,-17.315345,-16.592663,-32.633165
140,-17.308538,-16.588303,-32.582218
141,-17.304030,-16.588253,-32.472963
142,-17.302960,-16.587313,-32.430381
143,-17.301673,-16.601199,-32.343916
144,-17.295463,-16.602741,-32.277654
145,-17.291110,-16.600655,-32.183556
146,-17.285033,-16.593812,-32.165020
147,-17.279222,-16.595273,-32.092542
148,-17.278881,-16.591089,-32.065153
149,-17.273152,-16.600939,-31.981218
150,-17.272523,-16.588487,-31.941889
151,-17.268475,-16.585498,-31.915930
152,-17.270571,-16.584516,-31.831464
153,-17.269664,-16.581869,-31.789763
154,-17.269571,-16.583631,-31.688430
155,-17.265920,-16.580863,-31.655659
156,-17.264375,-16.574287,-31.597077
157,-17.260887,-16.574305,-31.519778
158,-17.265720,-16.574110,-31.464321
159,-17.258307,-16.565670,-31.436772
160,-17.248025,-16.557564,-31.377346
161,-17.253401,-16.553088,-31.322384
162,-17.251285,-16.557670,-31.281946
163,-17.254595,-16.556713,-31.230050
164,-17.252993,-16.561670,-31.213710
165,-17.249411,-16.555415,-31.152834
166,-17.247373,-16.549858,-31.138371
167,-17.246763,-16.542735,-31.125546
168,-17.240396,-16.544457,-31.047701
169,-17.240630,-16.547784,-30.980311
170,-17.243981,-16.547711,-30.919627
171,-17.239531,-16.542865,-30.891506
172,-17.233556,-16.540962,-30.837037
173,-17.221947,-16.539470,-30.805491
174,-17.219896,-16.536693,-30.766714
175,-17.211554,-16.535844,-30.725298
176,-17.198975,-16.528647,-30.678908
177,-17.188905,-16.518885,-30.649326
178,-17.180798,-16.519770,-30.627525
179,-17.167973,-16.522539,-30.602943
180,-17.171312,-16.514207,-30.570373
181,-17.166131,-16.517757,-30.517222
182,-17.149097,-16.513642,-30.489543
183,-17.142339,-16.514367,-30.448505
184,-17.142905,-16.499369,-30.431524
185,-17.136303,-16.500694,-30.392090
186,-17.136928,-16.488879,-30.369966
187,-17.119654,-16.482675,-30.338432
188,-17.122596,-16.485358,-30.272651
189,-17.114782,-16.481135,-30.248495
190,-17.108483,-16.482648,-30.233015
191,-17.102083,-16.491678,-30.201486
192,-17.103047,-16.481201,-30.161519
193,-17.097389,-16.472932,-30.129343
194,-17.099710,-16.461666,-30.103455
195,-17.086906,-16.455641,-30.057150
196,-17.084840,-16.451160,-30.033311
197,-17.088466,-16.450392,-29.991521
198,-17.088593,-16.454340,-29.965377
199,-17.089219,-16.440563,-29.907986
200,-17.088308,-16.444885,-29.920599
201,-17.086350,-16.437247,-29.870733
202,-17.085331,-16.440767,-29.834332
203,-17.090141,-16.435511,-29.790660
204,-17.085757,-16.431848,-29.756119
205,-17.080535,-16.428911,-29.716036
206,-17.078974,-16.425224,-29.667819
207,-17.080425,-16.425510,-29.651233
208,-17.078919,-16.419511,-29.628792
209,-17.071007,-16.412940,-29.618548
210,-17.074635,-16.406877,-29.590063
211,-17.075648,-16.413186,-29.579421
212,-17.072223,-16.413290,-29.554139
213,-17.077494,-16.407636,-29.558322
214,-17.078690,-16.391147,-29.515583
215,-17.072383,-16.392009,-29.480660
216,-17.076032,-16.391649,-29.421416
217,-17.068711,-16.394986,-29.386783
218,-17.068301,-16.398403,-29.313099
219,-17.066506,-16.400509,-29.313623
220,-17.072903,-16.394207,-29.295759
221,-17.075548,-16.389325,-29.245584
222,-17.072895,-16.382134,-29.247879
223,-17.076128,-16.382383,-29.253089
224,-17.068266,-16.381506,-29.238977
225,-17.071397,-16.377772,-29.206525
226,-17.069854,-16.372669,-29.163003
227,-17.067139,-16.374198,-29.147903
228,-17.068387,-16.371106,-29.141721
229,-17.059406,-16.368113,-29.158827
230,-17.043375,-16.371799,-29.103320
231,-17.045458,-16.366099,-29.074713
232,-17.034722,-16.360459,-29.060696
233,-17.038918,-16.361634,-29.052247
234,-17.041251,-16.367760,-29.016666
235,-17.038523,-16.360152,-28.999689
236,-17.031687,-16.358746,-28.943131
237,-17.024364,-16.355812,-28.938509
238,-17.026214,-16.344162,-28.953978
239,-17.026091,-16.346875,-28.901657
240,-17.027503,-16.349495,-28.912602
241,-17.020861,-16.350678,-28.895129
242,-17.018848,-16.347424,-28.873295
243,-17.017406,-16.344861,-28.865334
244,-17.011590,-16.344640,-28.806097
245,-17.000193,-16.344606,-28.764215
246,-16.997627,-16.343230,-28.716698
247,-16.995562,-16.345459,-28.674159
248,-16.990136,-16.341053,-28.702014
249,-16.992099,-16.354129,-28.698527
250,-16.991602,-16.349912,-28.732134
251,-16.991940,-16.342723,-28.658728
252,-16.998319,-16.338188,-28.643263
253,-17.009901,-16.335182,-28.640340
254,-17.002090,-16.324059,-28.627276
255,-16.998393,-16.334265,-28.567042
256,-16.994970,-16.322179,-28.559050
257,-17.002446,-16.336852,-28.507001
258,-16.989335,-16.330869,-28.481703
259,-16.992922,-16.330167,-28.469902
260,-16.999381,-16.323825,-28.458695
261,-16.988155,-16.317063,-28.450253
262,-16.993767,-16.325141,-28.428903
263,-16.993159,-16.324432,-28.434284
264,-16.997224,-16.319974,-28.419488
265,-16.983908,-16.324925,-28.359906
266,-16.997987,-16.321708,-28.342231
267,-16.986216,-16.329415,-28.334820
268,-16.995025,-16.319604,-28.323620
269,-16.994864,-16.321249,-28.316137
270,-17.000801,-16.318276,-28.272363
271,-16.990505,-16.321619,-28.238981
272,-16.993248,-16.325404,-28.240732
273,-16.992287,-16.323388,-28.207541
274,-16.982531,-16.309454,-28.231827
275,-16.989407,-16.302043,-28.179046
276,-16.991527,-16.311957,-28.197027
277,-16.989276,-16.316123,-28.173497
278,-16.985713,-16.311737,-28.144601
279,-16.988410,-16.307063,-28.122057
280,-16.989662,-16.307181,-28.110250
281,-16.998864,-16.311202,-28.144857
282,-17.006698,-16.316523,-28.120985
283,-16.997878,-16.309553,-28.077283
284,-17.005656,-16.309477,-28.108060
285,-16.996087,-16.311935,-28.076291
286,-16.997333,-16.304149,-28.063458
287,-16.990369,-16.303438,-28.058016
288,-16.986877,-16.299331,-28.037909
289,-16.987675,-16.311259,-27.995197
290,-16.993889,-16.309879,-27.977351
291,-16.991044,-16.306860,-27.924916
292,-16.992869,-16.315223,-27.917714
293,-16.992876,-16.312735,-27.900894
294,-16.993903,-16.310909,-27.862629
295,-17.000819,-16.307824,-27.848608
296,-16.982219,-16.303589,-27.836765
297,-16.985307,-16.304622,-27.808748
298,-16.971553,-16.308918,-27.811464
299,-16.969931,-16.301154,-27.794655
300,-16.986483,-16.293404,-27.766585
301,-16.985959,-16.297968,-27.749985
302,-16.979402,-16.293704,-27.756476
303,-16.983579,-16.299309,-27.726906
304,-16.987547,-16.309547,-27.712019
305,-16.980016,-16.311396,-27.714258
306,-16.985433,-16.311034,-27.671165
307,-16.989096,-16.307735,-27.629841
308,-16.982984,-16.308310,-27.606367
309,-16.981863,-16.312067,-27.614061
310,-16.988075,-16.314270,-27.578156
311,-16.994965,-16.317473,-27.571702
312,-16.980351,-16.319119,-27.502204
313,-16.981603,-16.314811,-27.498835
314,-16.968552,-16.315066,-27.495244
315,-16.984198,-16.314418,-27.521668
316,-16.984491,-16.311624,-27.486500
317,-16.982365,-16.324979,-27.462448
318,-16.969219,-16.317949,-27.427002
319,-16.968670,-16.316615,-27.426680
320,-16.972948,-16.308407,-27.447728
321,-16.972550,-16.314233,-27.432053
322,-16.962886,-16.310296,-27.424286
323,-16.965687,-16.317354,-27.437286
324,-16.970564,-16.317197,-27.382487
325,-16.963622,-16.318304,-27.376211
326,-16.961354,-16.317891,-27.326795
327,-16.977124,-16.318906,-27.304148
328,-16.967675,-16.316505,-27.273433
329,-16.971305,-16.311323,-27.261490
330,-16.960375,-16.319951,-27.218771
331,-16.971762,-16.313341,-27.211120
332,-16.981244,-16.306384,-27.217073
333,-16.972238,-16.303561,-27.179767
334,-16.979020,-16.304501,-27.129875
335,-16.965317,-16.310738,-27.043732
336,-16.976478,-16.308292,-27.029066
337,-16.968417,-16.320936,-26.995523
338,-16.965929,-16.319260,-26.990674
339,-16.967395,-16.317822,-26.933804
340,-16.966273,-16.315154,-26.946463
341,-16.974858,-16.319118,-26.912640
342,-16.968521,-16.317794,-26.917315
343,-16.964331,-16.317384,-26.875632
344,-16.961853,-16.315824,-26.825932
345,-16.956242,-16.317591,-26.815280
346,-16.957532,-16.309466,-26.809260
347,-16.958679,-16.310220,-26.743504
348,-16.966934,-16.317649,-26.677208
349,-16.967667,-16.320049,-26.658049
350,-16.975384,-16.327589,-26.665360
351,-16.975756,-16.321087,-26.624994
352,-16.966011,-16.315922,-26.597752
353,-16.963067,-16.318889,-26.531200
354,-16.953611,-16.317449,-26.522745
355,-16.961164,-16.316642,-26.494499
356,-16.953222,-16.324342,-26.477878
357,-16.961033,-16.318862,-26.455562
358,-16.963912,-16.326373,-26.407472
359,-16.966036,-16.322704,-26.375949
360,-16.957040,-16.316247,-26.370256
361,-16.955380,-16.326650,-26.337776
362,-16.951176,-16.328331,-26.318703
363,-16.963091,-16.327675,-26.261407
364,-16.955959,-16.323814,-26.211406
365,-16.939883,-16.331890,-26.171829
366,-16.947180,-16.332850,-26.181711
367,-16.955244,-16.331887,-26.128593
368,-16.959445,-16.325198,-26.110522
369,-16.945073,-16.324726,-26.093139
370,-16.944652,-16.329415,-26.055321
371,-16.958309,-16.332037,-26.046296
372,-16.944516,-16.327844,-26.014392
373,-16.948632,-16.329343,-26.012700
374,-16.945756,-16.328550,-25.957912
375,-16.951693,-16.332280,-25.955360
376,-16.956192,-16.333971,-25.896113
377,-16.955711,-16.330195,-25.851319
378,-16.951958,-16.330783,-25.800683
379,-16.944239,-16.328994,-25.792289
380,-16.938895,-16.333154,-25.806727
381,-16.923594,-16.333947,-25.755554
382,-16.928985,-16.334554,-25.749106
383,-16.937761,-16.331754,-25.711073
384,-16.946273,-16.323109,-25.639856
385,-16.937874,-16.334582,-25.600290
386,-16.935153,-16.342636,-25.584807
387,-16.935264,-16.337096,-25.543096
388,-16.936548,-16.346141,-25.501926
389,-16.937315,-16.346753,-25.497596
390,-16.931770,-16.344008,-25.483187
391,-16.934209,-16.335107,-25.459684
392,-16.933063,-16.339596,-25.459265
393,-16.934223,-16.333771,-25.424018
394,-16.937549,-16.336402,-25.391078
395,-16.930264,-16.336140,-25.373779
396,-16.932981,-16.336556,-25.361477
397,-16.931573,-16.348371,-25.334386
398,-16.928361,-16.348521,-25.336104
399,-16.932079,-16.339718,-25.318954
400,-16.917557,-16.332184,-25.282763
401,-16.929646,-16.343299,-25.227204
402,-16.927639,-16.351260,-25.225016
403,-16.922299,-16.340361,-25.184514
404,-16.918718,-16.351579,-25.172760
405,-16.936615,-16.352980,-25.181780
406,-16.923913,-16.354544,-25.168546
407,-16.910114,-16.351619,-25.107598
408,-16.920518,-16.355716,-25.076175
409,-16.925342,-16.356579,-25.052573
410,-16.934532,-16.348751,-25.067657
411,-16.920476,-16.357846,-25.030613
412,-16.923650,-16.353092,-24.962131
413,-16.928311,-16.353987,-24.960390
414,-16.928880,-16.345248,-24.950942
415,-16.929895,-16.348787,-24.906474
416,-16.928122,-16.348654,-24.905029
417,-16.912136,-16.350969,-24.894022
418,-16.924923,-16.347565,-24.862942
419,-16.921336,-16.352804,-24.823268
420,-16.922559,-16.354282,-24.826336
421,-16.919781,-16.352233,-24.779240
422,-16.916799,-16.341903,-24.789715
423,-16.912815,-16.350493,-24.773893
424,-16.914810,-16.354159,-24.737387
425,-16.908377,-16.349264,-24.700718
426,-16.913977,-16.357219,-24.660636
427,-16.910863,-16.359915,-24.621062
428,-16.911826,-16.365127,-24.619942
429,-16.913705,-16.367280,-24.623215
430,-16.918354,-16.355244,-24.594708
431,-16.920027,-16.351904,-24.591368
432,-16.911960,-16.360368,-24.585390
433,-16.915878,-16.354400,-24.593824
434,-16.916135,-16.345258,-24.546958
435,-16.903511,-16.361722,-24.510974
436,-16.919217,-16.367335,-24.495090
437,-16.921036,-16.357571,-24.496520
438,-16.918458,-16.357757,-24.442203
439,-16.910235,-16.353797,-24.436417
440,-16.903430,-16.365486,-24.423978
441,-16.912620,-16.362200,-24.379964
442,-16.916732,-16.362944,-24.333354
443,-16.913077,-16.368744,-24.343210
444,-16.916670,-16.360953,-24.281494
445,-16.914206,-16.358699,-24.300020
446,-16.911808,-16.370330,-24.276607
447,-16.916813,-16.374820,-24.276505
448,-16.911829,-16.368886,-24.279256
449,-16.899507,-16.366430,-24.246126
450,-16.894160,-16.375179,-24.243138
451,-16.896606,-16.376232,-24.210649
452,-16.900280,-16.374222,-24.198985
453,-16.907690,-16.370101,-24.177676
454,-16.909730,-16.381275,-24.170988
455,-16.915298,-16.382284,-24.197736
456,-16.905719,-16.370047,-24.156600
457,-16.903452,-16.377396,-24.131854
458,-16.907867,-16.374194,-24.105725
459,-16.907084,-16.370491,-24.077696
460,-16.904459,-16.373977,-24.065979
461,-16.908565,-16.384311,-24.065344
462,-16.904071,-16.384784,-24.032950
463,-16.903484,-16.370908,-24.039044
464,-16.905152,-16.374669,-23.990003
465,-16.910651,-16.384870,-23.959915
466,-16.908289,-16.380587,-23.973250
467,-16.910078,-16.387450,-23.973011
468,-16.900879,-16.381417,-23.946279
469,-16.901670,-16.373045,-23.897712
470,-16.899653,-16.372768,-23.896576
471,-16.894407,-16.366078,-23.855080
472,-16.898424,-16.387919,-23.831572
473,-16.899908,-16.382971,-23.846137
474,-16.894416,-16.373811,-23.839325
475,-16.889168,-16.364907,-23.793808
476,-16.897816,-16.366980,-23.792230
477,-16.900229,-16.373562,-23.782727
478,-16.898721,-16.373037,-23.778295
479,-16.893660,-16.378560,-23.721968
480,-16.886878,-16.373111,-23.717353
481,-16.891054,-16.382634,-23.707970
482,-16.891726,-16.370495,-23.683189
483,-16.885053,-16.369344,-23.700823
484,-16.876244,-16.376511,-23.672136
485,-16.885814,-16.367898,-23.678733
486,-16.885617,-16.368540,-23.654620
487,-16.897146,-16.369715,-23.658259
488,-16.895003,-16.376739,-23.658450
489,-16.883081,-16.375987,-23.645240
490,-16.895314,-16.369907,-23.624067
491,-16.892354,-16.366437,-23.634285
492,-16.889888,-16.366737,-23.628306
493,-16.884864,-16.358219,-23.611839
494,-16.881942,-16.367834,-23.582148
495,-16.884552,-16.355201,-23.583937
496,-16.883386,-16.354175,-23.515511
497,-16.888684,-16.350420,-23.537579
498,-16.888308,-16.365515,-23.518256
499,-16.900778,-16.378005,-23.463599
500,-16.898382,-16.371030,-23.489640
501,-16.882316,-16.380354,-23.436323
502,-16.884838,-16.389070,-23.432987
503,-16.892387,-16.382159,-23.433636
504,-16.884876,-16.379607,-23.415928
505,-16.887020,-16.376950,-23.420124
506,-16.884448,-16.386327,-23.399032
507,-16.883005,-16.381604,-23.379444
508,-16.890889,-16.381592,-23.336336
509,-16.885462,-16.383789,-23.347243
510,-16.884521,-16.394314,-23.359611
511,-16.887542,-16.393863,-23.313984
512,-16.888229,-16.379151,-23.303989
513,-16.881111,-16.377920,-23.293494
514,-16.868955,-16.387121,-23.276242
515,-16.876845,-16.390224,-23.302308
516,-16.877724,-16.384136,-23.254360
517,-16.881720,-16.383417,-23.243836
518,-16.885528,-16.385958,-23.239637
519,-16.877690,-16.385675,-23.202517
520,-16.881068,-16.380183,-23.204426
521,-16.869587,-16.385287,-23.217500
522,-16.862996,-16.386975,-23.215585
523,-16.867571,-16.377349,-23.229307
524,-16.866857,-16.368188,-23.174690
525,-16.871803,-16.377797,-23.175733
526,-16.876207,-16.373941,-23.151874
527,-16.884561,-16.373929,-23.166517
528,-16.868282,-16.374365,-23.129668
529,-16.873416,-16.375988,-23.141822
530,-16.868177,-16.382972,-23.094846
531,-16.868242,-16.387313,-23.100944
532,-16.875999,-16.396187,-23.045954
533,-16.877169,-16.387657,-23.032644
534,-16.865089,-16.379069,-23.047562
535,-16.865081,-16.391900,-23.065035
536,-16.873254,-16.388178,-23.020900
537,-16.877239,-16.387270,-23.012706
538,-16.879222,-16.389540,-23.047893
539,-16.867661,-16.390180,-23.083797
540,-16.878994,-16.385713,-23.030199
541,-16.868662,-16.389252,-23.022070
542,-16.872098,-16.389998,-22.992790
543,-16.872091,-16.388973,-22.965626
544,-16.868604,-16.381485,-22.912027
545,-16.874772,-16.380747,-22.865084
546,-16.874131,-16.387868,-22.887478
547,-16.869497,-16.376590,-22.920317
548,-16.869286,-16.364999,-22.904398
549,-16.869594,-16.368903,-22.884422
550,-16.865021,-16.382981,-22.882387
551,-16.870902,-16.378665,-22.894978
552,-16.874231,-16.370249,-22.884680
553,-16.873263,-16.372378,-22.881497
554,-16.865843,-16.377414,-22.879595
555,-16.860106,-16.386128,-22.841810
556,-16.869546,-16.388307,-22.830581
557,-16.866706,-16.373906,-22.819696
558,-16.863413,-16.377102,-22.832795
559,-16.859581,-16.375614,-22.820095
560,-16.862203,-16.397906,-22.773558
561,-16.873368,-16.395252,-22.753801
562,-16.859853,-16.388305,-22.767541
563,-16.860342,-16.373193,-22.738723
564,-16.852519,-16.376450,-22.768718
565,-16.856594,-16.377194,-22.760855
566,-16.877021,-16.376399,-22.739798
567,-16.866878,-16.388487,-22.727839
568,-16.868554,-16.377584,-22.697115
569,-16.862494,-16.373809,-22.685346
570,-16.856523,-16.374671,-22.631942
571,-16.868040,-16.368370,-22.665198
572,-16.861344,-16.379679,-22.664539
573,-16.863119,-16.385033,-22.616122
574,-16.864585,-16.391203,-22.643310
575,-16.867523,-16.387164,-22.632324
576,-16.857060,-16.384609,-22.629532
577,-16.862809,-16.375201,-22.623329
578,-16.868180,-16.373795,-22.602569
579,-16.870189,-16.368704,-22.594180
580,-16.874747,-16.379560,-22.586355
581,-16.864362,-16.371214,-22.537160
582,-16.863125,-16.371479,-22.566345
583,-16.859111,-16.367983,-22.588139
584,-16.853383,-16.364842,-22.563373
585,-16.859983,-16.370159,-22.566318
586,-16.868407,-16.371230,-22.547510
587,-16.864867,-16.378359,-22.536215
588,-16.849263,-16.376415,-22.544812
589,-16.859141,-16.371095,-22.544845
590,-16.861166,-16.372618,-22.529084
591,-16.860050,-16.370364,-22.527413
592,-16.852757,-16.378308,-22.504162
593,-16.843976,-16.377330,-22.508103
594,-16.844269,-16.373695,-22.473605
595,-16.849634,-16.368633,-22.434218
596,-16.857981,-16.375399,-22.475880
597,-16.862571,-16.387961,-22.463340
598,-16.863551,-16.376166,-22.431112
599,-16.870830,-16.373776,-22.399822
600,-16.862708,-16.373707,-22.391062
601,-16.864928,-16.358827,-22.413728
602,-16.869914,-16.369417,-22.391865
603,-16.858744,-16.368832,-22.383376
604,-16.854097,-16.382037,-22.392763
605,-16.854611,-16.374218,-22.361134
606,-16.854101,-16.375008,-22.343694
607,-16.868566,-16.371099,-22.354479
608,-16.866774,-16.379258,-22.376776
609,-16.871531,-16.381289,-22.380674
610,-16.858684,-16.387590,-22.358236
611,-16.857256,-16.384899,-22.333598
612,-16.865102,-16.384324,-22.325523
613,-16.855944,-16.379429,-22.298500
614,-16.860549,-16.375255,-22.315536
615,-16.853786,-16.377943,-22.313825
616,-16.858284,-16.381053,-22.301449
617,-16.858401,-16.380821,-22.302710
618,-16.865740,-16.378886,-22.286040
619,-16.852819,-16.377616,-22.272242
620,-16.849170,-16.391878,-22.260827
621,-16.845026,-16.398098,-22.277056
622,-16.848675,-16.394253,-22.252480
623,-16.843111,-16.388645,-22.235154
624,-16.843147,-16.395404,-22.221343
625,-16.854513,-16.384021,-22.232402
626,-16.843174,-16.400806,-22.188481
627,-16.847904,-16.400319,-22.202024
628,-16.841548,-16.388435,-22.184186
629,-16.850808,-16.388648,-22.151573
630,-16.857860,-16.392213,-22.175060
631,-16.846125,-16.394867,-22.187597
632,-16.845207,-16.391046,-22.158277
633,-16.860358,-16.401243,-22.155860
634,-16.846824,-16.388801,-22.127332
635,-16.847311,-16.393445,-22.119862
636,-16.847860,-16.386844,-22.115321
637,-16.855432,-16.398211,-22.123276
638,-16.837541,-16.393762,-22.097235
639,-16.843480,-16.397499,-22.093144
640,-16.851301,-16.387343,-22.074477
641,-16.860065,-16.399198,-22.037326
642,-16.850830,-16.385472,-22.030781
643,-16.853831,-16.390988,-22.022479
644,-16.850878,-16.383743,-22.010842
645,-16.848629,-16.394264,-22.023063
646,-16.841169,-16.401794,-21.971351
647,-16.841217,-16.388201,-21.991260
648,-16.835336,-16.395976,-21.983097
649,-16.845257,-16.401079,-21.942311
650,-16.838396,-16.402666,-21.900447
651,-16.831948,-16.406789,-21.944626
652,-16.837712,-16.410065,-21.940174
653,-16.841640,-16.398751,-21.879901
654,-16.842484,-16.398347,-21.873753
655,-16.834895,-16.412477,-21.895397
656,-16.845814,-16.405675,-21.869281
657,-16.853070,-16.405764,-21.881747
658,-16.847698,-16.402775,-21.881661
659,-16.838891,-16.396675,-21.844995
660,-16.837594,-16.390335,-21.814210
661,-16.839969,-16.401651,-21.798744
662,-16.839240,-16.403050,-21.784256
663,-16.835617,-16.408224,-21.817731
664,-16.833840,-16.409265,-21.777204
665,-16.833571,-16.401515,-21.782630
666,-16.839706,-16.397447,-21.793302
667,-16.834048,-16.410476,-21.737336
668,-16.840121,-16.415482,-21.688321
669,-16.827375,-16.407630,-21.693677
670,-16.836562,-16.404968,-21.680308
671,-16.835500,-16.405457,-21.662086
672,-16.838289,-16.408620,-21.642240
673,-16.830140,-16.401070,-21.643484
674,-16.823592,-16.399307,-21.613939
675,-16.826480,-16.402535,-21.620337
676,-16.834714,-16.403158,-21.650257
677,-16.832426,-16.397270,-21.603124
678,-16.831649,-16.407199,-21.595832
679,-16.825022,-16.398489,-21.579474
680,-16.827704,-16.399045,-21.565520
681,-16.833830,-16.394186,-21.543330
682,-16.832666,-16.388946,-21.526993
683,-16.828118,-16.388469,-21.531994
684,-16.832967,-16.382937,-21.526123
685,-16.830974,-16.378178,-21.489568
686,-16.840814,-16.391058,-21.474929
687,-16.826074,-16.394477,-21.483737
688,-16.825525,-16.390215,-21.464453
689,-16.832816,-16.385164,-21.475246
690,-16.825689,-16.395300,-21.433607
691,-16.831117,-16.403855,-21.443651
692,-16.829130,-16.401303,-21.389578
693,-16.842649,-16.396727,-21.365452
694,-16.837703,-16.396131,-21.396946
695,-16.844443,-16.398207,-21.390328
696,-16.845545,-16.391712,-21.399855
697,-16.837014,-16.390510,-21.344026
698,-16.840884,-16.397227,-21.322699
699,-16.837779,-16.402392,-21.333377
700,-16.838092,-16.394896,-21.305263
701,-16.838793,-16.391854,-21.293381
702,-16.829832,-16.391595,-21.321679
703,-16.829109,-16.381263,-21.321490
704,-16.828929,-16.384423,-21.340140
705,-16.817991,-16.394798,-21.330627
706,-16.823717,-16.390759,-21.283357
707,-16.819992,-16.390227,-21.327490
708,-16.816656,-16.395658,-21.310731
709,-16.810734,-16.394923,-21.341554
710,-16.827368,-16.397090,-21.321101
711,-16.821136,-16.399183,-21.311669
712,-16.826499,-16.402582,-21.293739
713,-16.829563,-16.407084,-21.320612
714,-16.828205,-16.411628,-21.293982
715,-16.825199,-16.393080,-21.300961
716,-16.828636,-16.409241,-21.302997
717,-16.825385,-16.408013,-21.275600
718,-16.822767,-16.403958,-21.285844
719,-16.825837,-16.386740,-21.284885
720,-16.828135,-16.396893,-21.286522
721,-16.828908,-16.394513,-21.252262
722,-16.831847,-16.398775,-21.232893
723,-16.823610,-16.387565,-21.230860
724,-16.825398,-16.376335,-21.222852
725,-16.819864,-16.388489,-21.224567
726,-16.824358,-16.390910,-21.215882
727,-16.820441,-16.399004,-21.200773
728,-16.818722,-16.386584,-21.150346
729,-16.826900,-16.384844,-21.187239
730,-16.815505,-16.371773,-21.168583
731,-16.824111,-16.395076,-21.169741
732,-16.834289,-16.398638,-21.197013
733,-16.836703,-16.394689,-21.182043
734,-16.838421,-16.384765,-21.165206
735,-16.835979,-16.391260,-21.172726
736,-16.837603,-16.390362,-21.173082
737,-16.838893,-16.384071,-21.157452
738,-16.833225,-16.391051,-21.137806
739,-16.833778,-16.408029,-21.160399
740,-16.832470,-16.398638,-21.138623
741,-16.837090,-16.385125,-21.152775
742,-16.847109,-16.391236,-21.158676
743,-16.835458,-16.394750,-21.152992
744,-16.834153,-16.389997,-21.154362
745,-16.830215,-16.387068,-21.127360
746,-16.830789,-16.402553,-21.146973
747,-16.834983,-16.395696,-21.109697
748,-16.839903,-16.393886,-21.119885
749,-16.832932,-16.387026,-21.093938
750,-16.827146,-16.386617,-21.090326
751,-16.833970,-16.397987,-21.078167
752,-16.828597,-16.395936,-21.119829
753,-16.833885,-16.388282,-21.101840
754,-16.828904,-16.402575,-21.084709
755,-16.831854,-16.394799,-21.057854
756,-16.831926,-16.392603,-21.063341
757,-16.829837,-16.391937,-21.092754
758,-16.836465,-16.390445,-21.062801
759,-16.838420,-16.388529,-21.074970
760,-16.845076,-16.394709,-21.072595
761,-16.843158,-16.386991,-21.076952
762,-16.844301,-16.402811,-21.061839
763,-16.842276,-16.410055,-21.085996
764,-16.841756,-16.403123,-21.021419
765,-16.835581,-16.399570,-21.022971
766,-16.835073,-16.403663,-21.048208
767,-16.841561,-16.405144,-21.067091
768,-16.849972,-16.400518,-21.042941
769,-16.846134,-16.400409,-21.034546
770,-16.840748,-16.405620,-20.983259
771,-16.839526,-16.409397,-21.006247
772,-16.844158,-16.415413,-21.019240
773,-16.844870,-16.409625,-21.023420
774,-16.849522,-16.400889,-21.013535
775,-16.848698,-16.392171,-21.000686
776,-16.839465,-16.410175,-21.000085
777,-16.842763,-16.408424,-21.008181
778,-16.843374,-16.402829,-20.996150
779,-16.840481,-16.395585,-20.979751
780,-16.845043,-16.407965,-20.941254
781,-16.839248,-16.414416,-20.941668
782,-16.839059,-16.410995,-20.958862
783,-16.833117,-16.409268,-20.966688
784,-16.846760,-16.404116,-20.954941
785,-16.834963,-16.405995,-20.919540
786,-16.840586,-16.400526,-20.905931
787,-16.834991,-16.393714,-20.905155
788,-16.836436,-16.379730,-20.901292
789,-16.838114,-16.384689,-20.926931
790,-16.832074,-16.398503,-20.922536
791,-16.838926,-16.407024,-20.879809
792,-16.833385,-16.402724,-20.879545
793,-16.837133,-16.394874,-20.862738
794,-16.830822,-16.393450,-20.881611
795,-16.832149,-16.395821,-20.865897
796,-16.829779,-16.387827,-20.842603
797,-16.839421,-16.386481,-20.809905
798,-16.834833,-16.396829,-20.837234
799,-16.831933,-16.393884,-20.835110
800,-16.837947,-16.392574,-20.844973
801,-16.834990,-16.391417,-20.814824
802,-16.839232,-16.396671,-20.822321
803,-16.835813,-16.393057,-20.859144
804,-16.829778,-16.401696,-20.826460
805,-16.831291,-16.412296,-20.837861
806,-16.828373,-16.392836,-20.859012
807,-16.832420,-16.393327,-20.861811
808,-16.832228,-16.389050,-20.845955
809,-16.833789,-16.399160,-20.881335
810,-16.834162,-16.400929,-20.840691
811,-16.838940,-16.397602,-20.848503
812,-16.834016,-16.401269,-20.845033
813,-16.842615,-16.398638,-20.857286
814,-16.836954,-16.396894,-20.882325
815,-16.838989,-16.398336,-20.844863
816,-16.840319,-16.391166,-20.831948
817,-16.839617,-16.394010,-20.851694
818,-16.838126,-16.390560,-20.860547
819,-16.839810,-16.384003,-20.859086
820,-16.841897,-16.414686,-20.828775
821,-16.842389,-16.409717,-20.805519
822,-16.844729,-16.392747,-20.815844
823,-16.847381,-16.396334,-20.811693
824,-16.845759,-16.392407,-20.813814
825,-16.846223,-16.389593,-20.803805
826,-16.846660,-16.396829,-20.804451
827,-16.848048,-16.397117,-20.807216
828,-16.840140,-16.400920,-20.800992
829,-16.841311,-16.402015,-20.821924
830,-16.843656,-16.401640,-20.799076
831,-16.845604,-16.397472,-20.794857
832,-16.847122,-16.409608,-20.782350
833,-16.843333,-16.398614,-20.788629
834,-16.844113,-16.397257,-20.775510
835,-16.842991,-16.398448,-20.777960
836,-16.842097,-16.409714,-20.753789
837,-16.841251,-16.412515,-20.753291
838,-16.843413,-16.411210,-20.732437
839,-16.842263,-16.401778,-20.769583
840,-16.838698,-16.388184,-20.799431
841,-16.840040,-16.394170,-20.736269
842,-16.844213,-16.398926,-20.742470
843,-16.840720,-16.398253,-20.732273
844,-16.839463,-16.405261,-20.739970
845,-16.842623,-16.389583,-20.743723
846,-16.843562,-16.391802,-20.721167
847,-16.846995,-16.395879,-20.701877
848,-16.847084,-16.392815,-20.689992
849,-16.850644,-16.395378,-20.711531
850,-16.853585,-16.397681,-20.718119
851,-16.844173,-16.389610,-20.694069
852,-16.853444,-16.387138,-20.688013
853,-16.843733,-16.394273,-20.672421
854,-16.851138,-16.390072,-20.665201
855,-16.839725,-16.385301,-20.657726
856,-16.843316,-16.389062,-20.632956
857,-16.854768,-16.397929,-20.687021
858,-16.853054,-16.394673,-20.698629
859,-16.847006,-16.395761,-20.701246
860,-16.854578,-16.385194,-20.678146
861,-16.845650,-16.384188,-20.642631
862,-16.841439,-16.379496,-20.609888
863,-16.841787,-16.380662,-20.630269
864,-16.852057,-16.392605,-20.620956
865,-16.855361,-16.395499,-20.612423
866,-16.858459,-16.395851,-20.617364
867,-16.852760,-16.398797,-20.569648
868,-16.853438,-16.381551,-20.579183
869,-16.848285,-16.384528,-20.586423
870,-16.850393,-16.388765,-20.589348
871,-16.853170,-16.375220,-20.561789
872,-16.845639,-16.397714,-20.576910
873,-16.843327,-16.393966,-20.558524
874,-16.849602,-16.384373,-20.551464
875,-16.850481,-16.402477,-20.550928
876,-16.846088,-16.397967,-20.541584
877,-16.855536,-16.396320,-20.556605
878,-16.856561,-16.400528,-20.560939
879,-16.854175,-16.402938,-20.606872
880,-16.861844,-16.387219,-20.628411
881,-16.854745,-16.387194,-20.581947
882,-16.852169,-16.399377,-20.610594
883,-16.847793,-16.404812,-20.578593
884,-16.849039,-16.404592,-20.579367
885,-16.848339,-16.397727,-20.569516
886,-16.847816,-16.397438,-20.552008
887,-16.840577,-16.395547,-20.543416
888,-16.852633,-16.396729,-20.549509
889,-16.849965,-16.394141,-20.557629
890,-16.845016,-16.393718,-20.572107
891,-16.851216,-16.403271,-20.535055
892,-16.853656,-16.398126,-20.549616
893,-16.846289,-16.396079,-20.540340
894,-16.854647,-16.395959,-20.542579
895,-16.857976,-16.392682,-20.528550
896,-16.857868,-16.396396,-20.525012
897,-16.855253,-16.395216,-20.522712
898,-16.849286,-16.397443,-20.528061
899,-16.857484,-16.401314,-20.527350
900,-16.849166,-16.393381,-20.528379
901,-16.848983,-16.381083,-20.531566
902,-16.859490,-16.388672,-20.519013
903,-16.853452,-16.386648,-20.478695
904,-16.856454,-16.386274,-20.482530
905,-16.848896,-16.383762,-20.474153
906,-16.843694,-16.383328,-20.480988
907,-16.842786,-16.381080,-20.507103
908,-16.857175,-16.377155,-20.500260
909,-16.856444,-16.389074,-20.461629
910,-16.853137,-16.385676,-20.475400
911,-16.857086,-16.385920,-20.475499
912,-16.861384,-16.395222,-20.466709
913,-16.859018,-16.394943,-20.462210
914,-16.866092,-16.403208,-20.449087
915,-16.860738,-16.412719,-20.461790
916,-16.860574,-16.408844,-20.447480
917,-16.856353,-16.401535,-20.456477
918,-16.852720,-16.400603,-20.447983
919,-16.855573,-16.393532,-20.415558
920,-16.855046,-16.405397,-20.402764
921,-16.849441,-16.389759,-20.407245
922,-16.854904,-16.395720,-20.415292
923,-16.855483,-16.383598,-20.417339
924,-16.859082,-16.381118,-20.431471
925,-16.846954,-16.382317,-20.447775
926,-16.843582,-16.390222,-20.452054
927,-16.851508,-16.399976,-20.443945
928,-16.856579,-16.402954,-20.436079
929,-16.851602,-16.396258,-20.371657
930,-16.856506,-16.402221,-20.402003
931,-16.856123,-16.396976,-20.407734
932,-16.861384,-16.385184,-20.372777
933,-16.861542,-16.382692,-20.388632
934,-16.859913,-16.377236,-20.392560
935,-16.857915,-16.390177,-20.389446
936,-16.869764,-16.379129,-20.406578
937,-16.869925,-16.385471,-20.408833
938,-16.868983,-16.383216,-20.347854
939,-16.863293,-16.383149,-20.370097
940,-16.871714,-16.386013,-20.363189
941,-16.868452,-16.379921,-20.349524
942,-16.871059,-16.377394,-20.365821
943,-16.868218,-16.370415,-20.380662
944,-16.869774,-16.378642,-20.387179
945,-16.878504,-16.383198,-20.357920
946,-16.870621,-16.373981,-20.360787
947,-16.874989,-16.375753,-20.333300
948,-16.862404,-16.368843,-20.369160
949,-16.867457,-16.376670,-20.285892
950,-16.856170,-16.381078,-20.294092
951,-16.870307,-16.379409,-20.335050
952,-16.865858,-16.377170,-20.337148
953,-16.865657,-16.379285,-20.323768
954,-16.867426,-16.373550,-20.335526
955,-16.857181,-16.377329,-20.359730
956,-16.864520,-16.385614,-20.329901
957,-16.856943,-16.384330,-20.299436
958,-16.862549,-16.380449,-20.287492
959,-16.856339,-16.387311,-20.298087
960,-16.859936,-16.386020,-20.269911
961,-16.871096,-16.383801,-20.315667
962,-16.864991,-16.381701,-20.325349
963,-16.860159,-16.371241,-20.295267
964,-16.864879,-16.380419,-20.280327
965,-16.867248,-16.380548,-20.258681
966,-16.866213,-16.374056,-20.302314
967,-16.856571,-16.383684,-20.325781
968,-16.857171,-16.389355,-20.312713
969,-16.860024,-16.385665,-20.328848
970,-16.864857,-16.380754,-20.301990
971,-16.870101,-16.371719,-20.266586
972,-16.871622,-16.383955,-20.268954
973,-16.872186,-16.393641,-20.261261
974,-16.867924,-16.393678,-20.222277
975,-16.869724,-16.392229,-20.233657
976,-16.874694,-16.388832,-20.234042
977,-16.879712,-16.383207,-20.217891
978,-16.878799,-16.387767,-20.220995
979,-16.870168,-16.390603,-20.195605
980,-16.866485,-16.384753,-20.168605
981,-16.865526,-16.382083,-20.216662
982,-16.872213,-16.375362,-20.255665
983,-16.862256,-16.388233,-20.248830
984,-16.873704,-16.384008,-20.226173
985,-16.874788,-16.385340,-20.209438
986,-16.866522,-16.401436,-20.227334
987,-16.863303,-16.409167,-20.224311
988,-16.864230,-16.405609,-20.197726
989,-16.865931,-16.397458,-20.218751
990,-16.864961,-16.394106,-20.205224
991,-16.874906,-16.392103,-20.196452
992,-16.872901,-16.391625,-20.172445
993,-16.879895,-16.388227,-20.176701
994,-16.872873,-16.381840,-20.163736
995,-16.859582,-16.388345,-20.166853
996,-16.848193,-16.389008,-20.178924
997,-16.860061,-16.380769,-20.171251
998,-16.856304,-16.391168,-20.175521
999,-16.874847,-16.383650,-20.171292
1000,-16.876613,-16.382752,-20.159481
