Epoch,chi_Mean_0.25,chi_Mean_1.0,chi_Mean_4.0
1,-41.085422,-37.263986,-64.842521
2,-31.482586,-29.335508,-50.529313
3,-28.394040,-25.875616,-43.287094
4,-26.712718,-23.609867,-39.102658
5,-25.539730,-22.056151,-36.471254
6,-24.510617,-20.939574,-34.619892
7,-23.626627,-20.077690,-33.362188
8,-22.928027,-19.391349,-32.370502
9,-22.360812,-18.843530,-31.559310
10,-21.860183,-18.413621,-30.877865
11,-21.337781,-18.055391,-30.316002
12,-20.829821,-17.766541,-29.755832
13,-20.443976,-17.539429,-29.293268
14,-20.099469,-17.328293,-28.864966
15,-19.779162,-17.176783,-28.401367
16,-19.530692,-17.050489,-28.027383
17,-19.303851,-16.944342,-27.651930
18,-19.121490,-16.862315,-27.352124
19,-18.955106,-16.771831,-27.097882
20,-18.823617,-16.696115,-26.795023
21,-18.704686,-16.651011,-26.486738
22,-18.597918,-16.592433,-26.202056
23,-18.477253,-16.555257,-26.000265
24,-18.242807,-16.522069,-25.730362
25,-18.052979,-16.485891,-25.535691
26,-17.898996,-16.468725,-25.323551
27,-17.761817,-16.445473,-25.132819
28,-17.636209,-16.423065,-25.023544
29,-17.551775,-16.405301,-24.820841
30,-17.472838,-16.391845,-24.608773
31,-17.400422,-16.380237,-24.457494
32,-17.317244,-16.361423,-24.228985
33,-17.256978,-16.344193,-24.083823
34,-17.207439,-16.337859,-23.913406
35,-17.162461,-16.329040,-23.772680
36,-17.104098,-16.317905,-23.596094
37,-16.892532,-16.303644,-23.437916
38,-16.759571,-16.297124,-23.343602
39,-16.658388,-16.299994,-23.213558
40,-16.578479,-16.285073,-23.045386
41,-16.503021,-16.271299,-22.950181
42,-16.458294,-16.266208,-22.783992
43,-16.410283,-16.257559,-22.650156
44,-16.359662,-16.265549,-22.508660
45,-16.322188,-16.238180,-22.409221
46,-16.291014,-16.253021,-22.289664
47,-16.273782,-16.249292,-22.185043
48,-16.243914,-16.245206,-22.052691
49,-16.224738,-16.254714,-21.914639
50,-16.199080,-16.234544,-21.857659
51,-16.174401,-16.238782,-21.794931
52,-16.156145,-16.226183,-21.707437
53,-16.131657,-16.226956,-21.616406
54,-16.123698,-16.221916,-21.524631
55,-16.107770,-16.224774,-21.455787
56,-16.094735,-16.223255,-21.379996
57,-16.074186,-16.228262,-21.294993
58,-16.073645,-16.217689,-21.242934
59,-16.065373,-16.215741,-21.203645
60,-16.054356,-16.222480,-21.143326
61,-16.036084,-16.222467,-21.045445
62,-16.028883,-16.216243,-20.944152
63,-16.026995,-16.224610,-20.934208
64,-16.007391,-16.217750,-20.839997
65,-16.013727,-16.217022,-20.777223
66,-16.013976,-16.224223,-20.692729
67,-15.999682,-16.222304,-20.672405
68,-16.008115,-16.207475,-20.601573
69,-15.984867,-16.201194,-20.533197
70,-15.977961,-16.211752,-20.475215
71,-15.970067,-16.210981,-20.423328
72,-15.966427,-16.221977,-20.372961
73,-15.965657,-16.210806,-20.334906
74,-15.968374,-16.210976,-20.273899
75,-15.970475,-16.203746,-20.255255
76,-15.961601,-16.222351,-20.194663
77,-15.955355,-16.228939,-20.163392
78,-15.958235,-16.212120,-20.167896
79,-15.955488,-16.213860,-20.114349
80,-15.942505,-16.212102,-20.081964
81,-15.936170,-16.230248,-20.003901
82,-15.950173,-16.207890,-19.994442
83,-15.946688,-16.218534,-19.933410
84,-15.951468,-16.228022,-19.898371
85,-15.937168,-16.229111,-19.882447
86,-15.922314,-16.220156,-19.874018
87,-15.920186,-16.221797,-19.820881
88,-15.922532,-16.205450,-19.787588
89,-15.927350,-16.214947,-19.790487
90,-15.915657,-16.209416,-19.758764
91,-15.914151,-16.207246,-19.709518
92,-15.922154,-16.222585,-19.709234
93,-15.926691,-16.204301,-19.648460
94,-15.917232,-16.209199,-19.614679
95,-15.906114,-16.199853,-19.580342
96,-15.911944,-16.195411,-19.602041
97,-15.901637,-16.205964,-19.574177
98,-15.892075,-16.209980,-19.526737
99,-15.895686,-16.215627,-19.480663
100,-15.909456,-16.214039,-19.448881
101,-15.908248,-16.210079,-19.441028
102,-15.920194,-16.208628,-19.411541
103,-15.909534,-16.216994,-19.390270
104,-15.892276,-16.224863,-19.366290
105,-15.898685,-16.221598,-19.343472
106,-15.895711,-16.220729,-19.337092
107,-15.901795,-16.246495,-19.285271
108,-15.898889,-16.222691,-19.248595
109,-15.901761,-16.216623,-19.250704
110,-15.907957,-16.214762,-19.208947
111,-15.903164,-16.236365,-19.224227
112,-15.903235,-16.232111,-19.188589
113,-15.898458,-16.226448,-19.150765
114,-15.910502,-16.223859,-19.139000
115,-15.905547,-16.235986,-19.118306
116,-15.912902,-16.213639,-19.116755
117,-15.891720,-16.236033,-19.074144
118,-15.900190,-16.234411,-19.075280
119,-15.898683,-16.231158,-19.040791
120,-15.912015,-16.252007,-19.051916
121,-15.905405,-16.236837,-19.037414
122,-15.899153,-16.251337,-19.021555
123,-15.912688,-16.247827,-18.992884
124,-15.905898,-16.229231,-18.994696
125,-15.894534,-16.234151,-18.962049
126,-15.901401,-16.256311,-18.956016
127,-15.909056,-16.246152,-18.931654
128,-15.906189,-16.248374,-18.910207
129,-15.909584,-16.247989,-18.876959
130,-15.896116,-16.255221,-18.884016
131,-15.905442,-16.244702,-18.892032
132,-15.907222,-16.261869,-18.865614
133,-15.889643,-16.265663,-18.885969
134,-15.888651,-16.257623,-18.856066
135,-15.898390,-16.255569,-18.837658
136,-15.904792,-16.272037,-18.804374
137,-15.906171,-16.279841,-18.768567
138,-15.907948,-16.278419,-18.762420
139,-15.915793,-16.272294,-18.744718
140,-15.908726,-16.264128,-18.767538
141,-15.898261,-16.278567,-18.771937
142,-15.917401,-16.270809,-18.771029
143,-15.906672,-16.279130,-18.749106
144,-15.898597,-16.264693,-18.730247
145,-15.906773,-16.265192,-18.709514
146,-15.914448,-16.267033,-18.712615
147,-15.907472,-16.272576,-18.690764
148,-15.908553,-16.281488,-18.684438
149,-15.902546,-16.279655,-18.653440
150,-15.909223,-16.290667,-18.676380
151,-15.909360,-16.289559,-18.682768
152,-15.915898,-16.280650,-18.673752
153,-15.928540,-16.290264,-18.643954
154,-15.921326,-16.276690,-18.648001
155,-15.932687,-16.279460,-18.634568
156,-15.924161,-16.281291,-18.625904
157,-15.938216,-16.294769,-18.604097
158,-15.927180,-16.310684,-18.575880
159,-15.913014,-16.295815,-18.575070
160,-15.913018,-16.312675,-18.607092
161,-15.930323,-16.297448,-18.566033
162,-15.921859,-16.309221,-18.571878
163,-15.902649,-16.294974,-18.576755
164,-15.920906,-16.294198,-18.575544
165,-15.939354,-16.282711,-18.575788
166,-15.932226,-16.295641,-18.589980
167,-15.940798,-16.302560,-18.576553
168,-15.948889,-16.305564,-18.567473
169,-15.946657,-16.294503,-18.564488
170,-15.952113,-16.325982,-18.567751
171,-15.956196,-16.319314,-18.570548
172,-15.948840,-16.325538,-18.539967
173,-15.956230,-16.321188,-18.535555
174,-15.947266,-16.324967,-18.549176
175,-15.950105,-16.326759,-18.545411
176,-15.945298,-16.341178,-18.559600
177,-15.956058,-16.332762,-18.573453
178,-15.959854,-16.333240,-18.548597
179,-15.953149,-16.344206,-18.535501
180,-15.958305,-16.308350,-18.508998
181,-15.961006,-16.335229,-18.482938
182,-15.969956,-16.330246,-18.502930
183,-15.954169,-16.327103,-18.500938
184,-15.941271,-16.351877,-18.498516
185,-15.964619,-16.336899,-18.497304
186,-15.953553,-16.356752,-18.498332
187,-15.957606,-16.363476,-18.502080
188,-15.961286,-16.372319,-18.511883
189,-15.961220,-16.371200,-18.503575
190,-15.967455,-16.365765,-18.500327
191,-15.978804,-16.364240,-18.475299
192,-15.979594,-16.365747,-18.474549
193,-15.979576,-16.363658,-18.468703
194,-15.956797,-16.363878,-18.479370
195,-15.968754,-16.370788,-18.507097
196,-15.984140,-16.389961,-18.495023
197,-15.980604,-16.385770,-18.491817
198,-15.971632,-16.371835,-18.486138
199,-15.972118,-16.368378,-18.478411
200,-15.981382,-16.369848,-18.498515
201,-15.987063,-16.385565,-18.492984
202,-15.994741,-16.397907,-18.511314
203,-16.002832,-16.401876,-18.496277
204,-15.990730,-16.369974,-18.472077
205,-15.980131,-16.401497,-18.493170
206,-15.975731,-16.391529,-18.486089
207,-15.993964,-16.393476,-18.471191
208,-15.983549,-16.392548,-18.458655
209,-15.984500,-16.391830,-18.472857
210,-15.995658,-16.389090,-18.460533
211,-15.998880,-16.411662,-18.466011
212,-15.995182,-16.415842,-18.458094
213,-16.006615,-16.427828,-18.448197
214,-16.006883,-16.419218,-18.446938
215,-15.997639,-16.413919,-18.437862
216,-15.994526,-16.417583,-18.463178
217,-16.005744,-16.417165,-18.467104
218,-16.012290,-16.425555,-18.447395
219,-16.011841,-16.412480,-18.443245
220,-16.009668,-16.419294,-18.428645
221,-15.997263,-16.409498,-18.435625
222,-16.010501,-16.406962,-18.437564
223,-16.028373,-16.429956,-18.430009
224,-16.025099,-16.426771,-18.447840
225,-16.005361,-16.416304,-18.447763
226,-16.015805,-16.424751,-18.462332
227,-16.033893,-16.429651,-18.452857
228,-16.033812,-16.424321,-18.427001
229,-16.018473,-16.439414,-18.445507
230,-16.042119,-16.436926,-18.454729
231,-16.029071,-16.413997,-18.454305
232,-16.024905,-16.439099,-18.462097
233,-16.036869,-16.434105,-18.430907
234,-16.038900,-16.462824,-18.451764
235,-16.047319,-16.436933,-18.449097
236,-16.041059,-16.443736,-18.444018
237,-16.055138,-16.438585,-18.458955
238,-16.041627,-16.441827,-18.441570
239,-16.036885,-16.454214,-18.439892
240,-16.057270,-16.471605,-18.449960
241,-16.066042,-16.453984,-18.458001
242,-16.064607,-16.465663,-18.466881
243,-16.056364,-16.460989,-18.461268
244,-16.051889,-16.472235,-18.438538
245,-16.075204,-16.471334,-18.422761
246,-16.082128,-16.475699,-18.437435
247,-16.077563,-16.491023,-18.434908
248,-16.072628,-16.485174,-18.416756
249,-16.071414,-16.483842,-18.427396
250,-16.092730,-16.478655,-18.436634
251,-16.098610,-16.470682,-18.433142
252,-16.096510,-16.494153,-18.423000
253,-16.098623,-16.481689,-18.427788
254,-16.085698,-16.465811,-18.431536
255,-16.099599,-16.511404,-18.429090
256,-16.099939,-16.511217,-18.407529
257,-16.094282,-16.525655,-18.420875
258,-16.095238,-16.524292,-18.412164
259,-16.105103,-16.500329,-18.403166
260,-16.107166,-16.523926,-18.417579
261,-16.127355,-16.522896,-18.425060
262,-16.105237,-16.532878,-18.412507
263,-16.120049,-16.529410,-18.440835
264,-16.121866,-16.541536,-18.412191
265,-16.118879,-16.536886,-18.422573
266,-16.119261,-16.556479,-18.420837
267,-16.129567,-16.545582,-18.417948
268,-16.119994,-16.514537,-18.443848
269,-16.117592,-16.550810,-18.427389
270,-16.119639,-16.546893,-18.422709
271,-16.118466,-16.545236,-18.425569
272,-16.128030,-16.541996,-18.417161
273,-16.134842,-16.548792,-18.412035
274,-16.140532,-16.551413,-18.410015
275,-16.130200,-16.553559,-18.419484
276,-16.122646,-16.562256,-18.402702
277,-16.141791,-16.569156,-18.437461
278,-16.145366,-16.567509,-18.420004
279,-16.148546,-16.557584,-18.436242
280,-16.147746,-16.574810,-18.444067
281,-16.152387,-16.576075,-18.434722
282,-16.153772,-16.586814,-18.416360
283,-16.153812,-16.597113,-18.408024
284,-16.158772,-16.584890,-18.420674
285,-16.162946,-16.569311,-18.411102
286,-16.175469,-16.592873,-18.415188
287,-16.160736,-16.592432,-18.416775
288,-16.174808,-16.600460,-18.405728
289,-16.182555,-16.593788,-18.397915
290,-16.179113,-16.595778,-18.403720
291,-16.193737,-16.611539,-18.403466
292,-16.171121,-16.607930,-18.409376
293,-16.189351,-16.618592,-18.419203
294,-16.184385,-16.616477,-18.388096
295,-16.180042,-16.596608,-18.401369
296,-16.191154,-16.604076,-18.405269
297,-16.198030,-16.614656,-18.421567
298,-16.206829,-16.613302,-18.408912
299,-16.195188,-16.624834,-18.410856
300,-16.209629,-16.646998,-18.423168
301,-16.180794,-16.654282,-18.435749
302,-16.206427,-16.630017,-18.435419
303,-16.211762,-16.634296,-18.389943
304,-16.234281,-16.647877,-18.391282
305,-16.235993,-16.666865,-18.399279
306,-16.225786,-16.669036,-18.419805
307,-16.243181,-16.673779,-18.411209
308,-16.219689,-16.655466,-18.403362
309,-16.222529,-16.677920,-18.403379
310,-16.239638,-16.670441,-18.408858
311,-16.217006,-16.687936,-18.398747
312,-16.219746,-16.671113,-18.402672
313,-16.235108,-16.676930,-18.383932
314,-16.247651,-16.705162,-18.386547
315,-16.262144,-16.688861,-18.389057
316,-16.253896,-16.698090,-18.402997
317,-16.261944,-16.682266,-18.390978
318,-16.250414,-16.704991,-18.393063
319,-16.247520,-16.689716,-18.392447
320,-16.266719,-16.687581,-18.375992
321,-16.255257,-16.688517,-18.381440
322,-16.268928,-16.695571,-18.396457
323,-16.281156,-16.690993,-18.410896
324,-16.287341,-16.694471,-18.409199
325,-16.278210,-16.690419,-18.417480
326,-16.285652,-16.706340,-18.421662
327,-16.285208,-16.719682,-18.399861
328,-16.284712,-16.739066,-18.396943
329,-16.291238,-16.729974,-18.394753
330,-16.312134,-16.736547,-18.391857
331,-16.325033,-16.734663,-18.409325
332,-16.318981,-16.742713,-18.416359
333,-16.312826,-16.743042,-18.413776
334,-16.310300,-16.737594,-18.425363
335,-16.321884,-16.742026,-18.403470
336,-16.291588,-16.753934,-18.423507
337,-16.308624,-16.764897,-18.398628
338,-16.318407,-16.761839,-18.402909
339,-16.310456,-16.758425,-18.405505
340,-16.299753,-16.768274,-18.413590
341,-16.321951,-16.773048,-18.403895
342,-16.326545,-16.760848,-18.409500
343,-16.330463,-16.753431,-18.405268
344,-16.345462,-16.774810,-18.391860
345,-16.342229,-16.760369,-18.403476
346,-16.340438,-16.758562,-18.388556
347,-16.353217,-16.774123,-18.401164
348,-16.350674,-16.778311,-18.391892
349,-16.356244,-16.790534,-18.394104
350,-16.357795,-16.815173,-18.422202
351,-16.377231,-16.791655,-18.406096
352,-16.378840,-16.790569,-18.424611
353,-16.360669,-16.796494,-18.406449
354,-16.361267,-16.824525,-18.412385
355,-16.383581,-16.818895,-18.409392
356,-16.378905,-16.799068,-18.397678
357,-16.402391,-16.805920,-18.419465
358,-16.385153,-16.811788,-18.414845
359,-16.386051,-16.826836,-18.391981
360,-16.374670,-16.797852,-18.408823
361,-16.373292,-16.818995,-18.402809
362,-16.370619,-16.817248,-18.396202
363,-16.382644,-16.807079,-18.381994
364,-16.377372,-16.828734,-18.387925
365,-16.387188,-16.842352,-18.391173
366,-16.372444,-16.847013,-18.388977
367,-16.397460,-16.836350,-18.391967
368,-16.394570,-16.824222,-18.372946
369,-16.414454,-16.810426,-18.367419
370,-16.409856,-16.808050,-18.399304
371,-16.408730,-16.823831,-18.378699
372,-16.428105,-16.829939,-18.407846
373,-16.451639,-16.857817,-18.395911
374,-16.442306,-16.845357,-18.372688
375,-16.440828,-16.863456,-18.377340
376,-16.453497,-16.869280,-18.380607
377,-16.435492,-16.853348,-18.379463
378,-16.445889,-16.862686,-18.393201
379,-16.450775,-16.856843,-18.410188
380,-16.463673,-16.855864,-18.393320
381,-16.461689,-16.863340,-18.389000
382,-16.459395,-16.874414,-18.394421
383,-16.486069,-16.886580,-18.397006
384,-16.441327,-16.898285,-18.401889
385,-16.460165,-16.901036,-18.389760
386,-16.467496,-16.915376,-18.387534
387,-16.458710,-16.906259,-18.384690
388,-16.467662,-16.920310,-18.380074
389,-16.475626,-16.903617,-18.363861
390,-16.472122,-16.927522,-18.369352
391,-16.470073,-16.920734,-18.370819
392,-16.469033,-16.933662,-18.395552
393,-16.467759,-16.912790,-18.394648
394,-16.470557,-16.909235,-18.375392
395,-16.494798,-16.934211,-18.356786
396,-16.490665,-16.969921,-18.369726
397,-16.485989,-16.958420,-18.377091
398,-16.492211,-16.951828,-18.388552
399,-16.477115,-16.965142,-18.365865
400,-16.497538,-16.959641,-18.406123
401,-16.486339,-16.947149,-18.382372
402,-16.492141,-16.948447,-18.397901
403,-16.522515,-16.962223,-18.392054
404,-16.524608,-16.962610,-18.382116
405,-16.526101,-16.959476,-18.373119
406,-16.517572,-16.950862,-18.374846
407,-16.538816,-16.956535,-18.380907
408,-16.513467,-16.964864,-18.383960
409,-16.522156,-16.970785,-18.367857
410,-16.537785,-16.983821,-18.368842
411,-16.519557,-16.967656,-18.385549
412,-16.538058,-16.981213,-18.377945
413,-16.547344,-16.996497,-18.391678
414,-16.559104,-16.996743,-18.403082
415,-16.564187,-17.000624,-18.395854
416,-16.538471,-16.997283,-18.377661
417,-16.548097,-17.004153,-18.394386
418,-16.538175,-16.991387,-18.394959
419,-16.560125,-16.977851,-18.389516
420,-16.555398,-16.985428,-18.378503
421,-16.554824,-16.993746,-18.375861
422,-16.568956,-16.977116,-18.396438
423,-16.574171,-16.987903,-18.368343
424,-16.597494,-17.011466,-18.357618
425,-16.612414,-17.007638,-18.358815
426,-16.596935,-17.028434,-18.379897
427,-16.576028,-17.004628,-18.394539
428,-16.584620,-17.002848,-18.404350
429,-16.603050,-17.021709,-18.396303
430,-16.596576,-17.024688,-18.382549
431,-16.608870,-17.025127,-18.382230
432,-16.615296,-17.022035,-18.391786
433,-16.602137,-17.010658,-18.381095
434,-16.607029,-17.024874,-18.339635
435,-16.600214,-17.036714,-18.371022
436,-16.614311,-17.060170,-18.370449
437,-16.612430,-17.041406,-18.360527
438,-16.614867,-17.016573,-18.358401
439,-16.594504,-17.040454,-18.373638
440,-16.599187,-17.045446,-18.369169
441,-16.609125,-17.056907,-18.401361
442,-16.633108,-17.067005,-18.390122
443,-16.638596,-17.081011,-18.391333
444,-16.646388,-17.054894,-18.393679
445,-16.637976,-17.058270,-18.376973
446,-16.642647,-17.064719,-18.377201
447,-16.646285,-17.075288,-18.385890
448,-16.638292,-17.080357,-18.355411
449,-16.651454,-17.085175,-18.360114
450,-16.659240,-17.072320,-18.357907
451,-16.643182,-17.085983,-18.357198
452,-16.665737,-17.094178,-18.358465
453,-16.658505,-17.112747,-18.351565
454,-16.677846,-17.089065,-18.367625
455,-16.676151,-17.078569,-18.382633
456,-16.658393,-17.098228,-18.385442
457,-16.675417,-17.093738,-18.372683
458,-16.685877,-17.106635,-18.375591
459,-16.712582,-17.088809,-18.366201
460,-16.695949,-17.089262,-18.374006
461,-16.684347,-17.099597,-18.375420
462,-16.708332,-17.107811,-18.366756
463,-16.708213,-17.103330,-18.369248
464,-16.702553,-17.118919,-18.356477
465,-16.701609,-17.130986,-18.340825
466,-16.694096,-17.116324,-18.331942
467,-16.690846,-17.119636,-18.383184
468,-16.699715,-17.135505,-18.366733
469,-16.706323,-17.123377,-18.356441
470,-16.722585,-17.139565,-18.333759
471,-16.740279,-17.138344,-18.364988
472,-16.722903,-17.149218,-18.379220
473,-16.720515,-17.148727,-18.386958
474,-16.712393,-17.135618,-18.373460
475,-16.729670,-17.164411,-18.374109
476,-16.733909,-17.167214,-18.374343
477,-16.735241,-17.167437,-18.354671
478,-16.714107,-17.185029,-18.363749
479,-16.725706,-17.172571,-18.385343
480,-16.725341,-17.177575,-18.365373
481,-16.732043,-17.172194,-18.374396
482,-16.746721,-17.187728,-18.389245
483,-16.765228,-17.202426,-18.389218
484,-16.755024,-17.170056,-18.397388
485,-16.773591,-17.191276,-18.361745
486,-16.766187,-17.183362,-18.388628
487,-16.773253,-17.187541,-18.409896
488,-16.772753,-17.201319,-18.378753
489,-16.773595,-17.199708,-18.398011
490,-16.778090,-17.213499,-18.368574
491,-16.783656,-17.217300,-18.387777
492,-16.771480,-17.210646,-18.386413
493,-16.796721,-17.184237,-18.370143
494,-16.800180,-17.219787,-18.376545
495,-16.813571,-17.207838,-18.394151
496,-16.825856,-17.213522,-18.395657
497,-16.830778,-17.212239,-18.394909
498,-16.823259,-17.216259,-18.408478
499,-16.833678,-17.234290,-18.378330
500,-16.823335,-17.207751,-18.392821
501,-16.820074,-17.214819,-18.359193
502,-16.846336,-17.226435,-18.360938
503,-16.835140,-17.252195,-18.371256
504,-16.833658,-17.256766,-18.369130
505,-16.813984,-17.258783,-18.358662
506,-16.841312,-17.272965,-18.389800
507,-16.858849,-17.261216,-18.356823
508,-16.851378,-17.262314,-18.361688
509,-16.844156,-17.243925,-18.381097
510,-16.822041,-17.252061,-18.397034
511,-16.839966,-17.274153,-18.391290
512,-16.827716,-17.288846,-18.382511
513,-16.832455,-17.282653,-18.372935
514,-16.847832,-17.289399,-18.369848
515,-16.852311,-17.294815,-18.355510
516,-16.855336,-17.313692,-18.363986
517,-16.866770,-17.283256,-18.379811
518,-16.870976,-17.298096,-18.373042
519,-16.878635,-17.284710,-18.370541
520,-16.846550,-17.291274,-18.377720
521,-16.855425,-17.278250,-18.376083
522,-16.878304,-17.283752,-18.375424
523,-16.890864,-17.301328,-18.382181
524,-16.869995,-17.313019,-18.385679
525,-16.901054,-17.301232,-18.381618
526,-16.898825,-17.319471,-18.367261
527,-16.911199,-17.312943,-18.374293
528,-16.911011,-17.312595,-18.373073
529,-16.916717,-17.309746,-18.374974
530,-16.934209,-17.315064,-18.383359
531,-16.918435,-17.327914,-18.374735
532,-16.942583,-17.345637,-18.383825
533,-16.921283,-17.335198,-18.378267
534,-16.931653,-17.350182,-18.369206
535,-16.936693,-17.332693,-18.381588
536,-16.919089,-17.343204,-18.372653
537,-16.904769,-17.340448,-18.380531
538,-16.919759,-17.352342,-18.379992
539,-16.932710,-17.343835,-18.373742
540,-16.931716,-17.333473,-18.369194
541,-16.934490,-17.323607,-18.365194
542,-16.942325,-17.357945,-18.366899
543,-16.953674,-17.358406,-18.350504
544,-16.942729,-17.357633,-18.345607
545,-16.949994,-17.353107,-18.348764
546,-16.956398,-17.355762,-18.381887
547,-16.954338,-17.358972,-18.371276
548,-16.937166,-17.399498,-18.371113
549,-16.969678,-17.380110,-18.369069
550,-16.974903,-17.383220,-18.379994
551,-16.952674,-17.383974,-18.395185
552,-16.967551,-17.389223,-18.386339
553,-16.975615,-17.391142,-18.374858
554,-16.985398,-17.399428,-18.388263
555,-16.976691,-17.383486,-18.379662
556,-16.972327,-17.395703,-18.405029
557,-16.960899,-17.387760,-18.368796
558,-16.993917,-17.382072,-18.361975
559,-16.968523,-17.388295,-18.365660
560,-16.952303,-17.411796,-18.378479
561,-16.956650,-17.426517,-18.379482
562,-16.980553,-17.418650,-18.385512
563,-16.993609,-17.428749,-18.361971
564,-16.998430,-17.430461,-18.396228
565,-16.987276,-17.416416,-18.396255
566,-17.011120,-17.443492,-18.392064
567,-17.040363,-17.451143,-18.385115
568,-17.034448,-17.432270,-18.364091
569,-17.014754,-17.415375,-18.401073
570,-17.037382,-17.451290,-18.374371
571,-17.054189,-17.455770,-18.364842
572,-17.034618,-17.456675,-18.381325
573,-17.028510,-17.434559,-18.408833
574,-17.032913,-17.430153,-18.380863
575,-17.045883,-17.428327,-18.365118
576,-17.049988,-17.455867,-18.367779
577,-17.054775,-17.469628,-18.352224
578,-17.056974,-17.463952,-18.375264
579,-17.042437,-17.481379,-18.361645
580,-17.059386,-17.476126,-18.377697
581,-17.064171,-17.469899,-18.379957
582,-17.047851,-17.479215,-18.375277
583,-17.068693,-17.486466,-18.354875
584,-17.051684,-17.452037,-18.364320
585,-17.061436,-17.431632,-18.374396
586,-17.045649,-17.434856,-18.362960
587,-17.064215,-17.445535,-18.365917
588,-17.080346,-17.451849,-18.353135
589,-17.072329,-17.474722,-18.371282
590,-17.066222,-17.473151,-18.372228
591,-17.049461,-17.480877,-18.353754
592,-17.081194,-17.475158,-18.340151
593,-17.080273,-17.480109,-18.358026
594,-17.078050,-17.477225,-18.354731
595,-17.096267,-17.465137,-18.371020
596,-17.092366,-17.508945,-18.375892
597,-17.074268,-17.515693,-18.370959
598,-17.099615,-17.508980,-18.371359
599,-17.085758,-17.497189,-18.345405
600,-17.088669,-17.496369,-18.351964
601,-17.092034,-17.497324,-18.361395
602,-17.085792,-17.505030,-18.357069
603,-17.109686,-17.512154,-18.374878
604,-17.097259,-17.511921,-18.384564
605,-17.124141,-17.528767,-18.374085
606,-17.135108,-17.524830,-18.372109
607,-17.130902,-17.512598,-18.356041
608,-17.122795,-17.538706,-18.370949
609,-17.147667,-17.554778,-18.362267
610,-17.136218,-17.541999,-18.389217
611,-17.148229,-17.513268,-18.396295
612,-17.142553,-17.523113,-18.386302
613,-17.124574,-17.542158,-18.379237
614,-17.128374,-17.548803,-18.375386
615,-17.116931,-17.563197,-18.362960
616,-17.126630,-17.584811,-18.377185
617,-17.138367,-17.550975,-18.380757
618,-17.117015,-17.532865,-18.355979
619,-17.138697,-17.541689,-18.364176
620,-17.140736,-17.537534,-18.374845
621,-17.154576,-17.557575,-18.380395
622,-17.165424,-17.564853,-18.368865
623,-17.153626,-17.559311,-18.373604
624,-17.134097,-17.533148,-18.389645
625,-17.161419,-17.563619,-18.379042
626,-17.166885,-17.566146,-18.367610
627,-17.159682,-17.569836,-18.365189
628,-17.174633,-17.576946,-18.382647
629,-17.180415,-17.592326,-18.346728
630,-17.177490,-17.585679,-18.368929
631,-17.181511,-17.573910,-18.377732
632,-17.201489,-17.582773,-18.365041
633,-17.184170,-17.569712,-18.364616
634,-17.196388,-17.576960,-18.385325
635,-17.185548,-17.581318,-18.376883
636,-17.184611,-17.582953,-18.362736
637,-17.196020,-17.566228,-18.375575
638,-17.204361,-17.589192,-18.386323
639,-17.213833,-17.596615,-18.415193
640,-17.201171,-17.588863,-18.386144
641,-17.185352,-17.598798,-18.376713
642,-17.181856,-17.603753,-18.353667
643,-17.191425,-17.622096,-18.374485
644,-17.196937,-17.595201,-18.361132
645,-17.212369,-17.613989,-18.379972
646,-17.226572,-17.627414,-18.393562
647,-17.216459,-17.621988,-18.387534
648,-17.228877,-17.624663,-18.382567
649,-17.234038,-17.632728,-18.379594
650,-17.213733,-17.631345,-18.372774
651,-17.214673,-17.630408,-18.362868
652,-17.217834,-17.627912,-18.380207
653,-17.238845,-17.621854,-18.387899
654,-17.210475,-17.622507,-18.355787
655,-17.234437,-17.624382,-18.386080
656,-17.242419,-17.627278,-18.346311
657,-17.238753,-17.650646,-18.375083
658,-17.236555,-17.679797,-18.372631
659,-17.248884,-17.680451,-18.377266
660,-17.239238,-17.682082,-18.387932
661,-17.248368,-17.672317,-18.388745
662,-17.244803,-17.669449,-18.358947
663,-17.244812,-17.674459,-18.395651
664,-17.265923,-17.674267,-18.394828
665,-17.253708,-17.686199,-18.387128
666,-17.262407,-17.682174,-18.360917
667,-17.267363,-17.673699,-18.365137
668,-17.275833,-17.643477,-18.353004
669,-17.282664,-17.668230,-18.366113
670,-17.267945,-17.651589,-18.371763
671,-17.288022,-17.649150,-18.345508
672,-17.303110,-17.641675,-18.355491
673,-17.272352,-17.672139,-18.384028
674,-17.286890,-17.668721,-18.379306
675,-17.289447,-17.696386,-18.358293
676,-17.322411,-17.663068,-18.364611
677,-17.291038,-17.670973,-18.353079
678,-17.312892,-17.684017,-18.359296
679,-17.301453,-17.692276,-18.347488
680,-17.290079,-17.686280,-18.364873
681,-17.294922,-17.664081,-18.356451
682,-17.302634,-17.691279,-18.376066
683,-17.315682,-17.687646,-18.373224
684,-17.321658,-17.709702,-18.367258
685,-17.318282,-17.694131,-18.351472
686,-17.317351,-17.725090,-18.364718
687,-17.327219,-17.710913,-18.370962
688,-17.313104,-17.703595,-18.405628
689,-17.325225,-17.689024,-18.387033
690,-17.316215,-17.697497,-18.376497
691,-17.323982,-17.699443,-18.360509
692,-17.325788,-17.719120,-18.368636
693,-17.333669,-17.722724,-18.373765
694,-17.336713,-17.723888,-18.360598
695,-17.322944,-17.714897,-18.350788
696,-17.342732,-17.703113,-18.358188
697,-17.334653,-17.714357,-18.374648
698,-17.328553,-17.731756,-18.376933
699,-17.339875,-17.712451,-18.349481
700,-17.333606,-17.702216,-18.349125
701,-17.348959,-17.693213,-18.350756
702,-17.333448,-17.711031,-18.366197
703,-17.334894,-17.742937,-18.356610
704,-17.339209,-17.747500,-18.353463
705,-17.356225,-17.721440,-18.404913
706,-17.350353,-17.709245,-18.394422
707,-17.367780,-17.739407,-18.399671
708,-17.385528,-17.758616,-18.390786
709,-17.379087,-17.749456,-18.406864
710,-17.375796,-17.770181,-18.410828
711,-17.353740,-17.747652,-18.390652
712,-17.390090,-17.747539,-18.377222
713,-17.364569,-17.746299,-18.388883
714,-17.365260,-17.764907,-18.384114
715,-17.361381,-17.762360,-18.396021
716,-17.369259,-17.767270,-18.378978
717,-17.385638,-17.759950,-18.376110
718,-17.385452,-17.751398,-18.373988
719,-17.382556,-17.763003,-18.379684
720,-17.389384,-17.770556,-18.359771
721,-17.390235,-17.768734,-18.348719
722,-17.402786,-17.761185,-18.345746
723,-17.409595,-17.770057,-18.340314
724,-17.407958,-17.772558,-18.350456
725,-17.412609,-17.774716,-18.362750
726,-17.408807,-17.782370,-18.377595
727,-17.403847,-17.773442,-18.358906
728,-17.390473,-17.783592,-18.371531
729,-17.382920,-17.788438,-18.368158
730,-17.411333,-17.785824,-18.398122
731,-17.409682,-17.796772,-18.389482
732,-17.407757,-17.797127,-18.384528
733,-17.406537,-17.789969,-18.388964
734,-17.402966,-17.801095,-18.371301
735,-17.405371,-17.806008,-18.380272
736,-17.420484,-17.799762,-18.398239
737,-17.416847,-17.797727,-18.414970
738,-17.408791,-17.794845,-18.387415
739,-17.425980,-17.807614,-18.355647
740,-17.434313,-17.795435,-18.350100
741,-17.413998,-17.812418,-18.378872
742,-17.427765,-17.804452,-18.388660
743,-17.425393,-17.805429,-18.383041
744,-17.430433,-17.832173,-18.366819
745,-17.446921,-17.825300,-18.374608
746,-17.444727,-17.825256,-18.388700
747,-17.428599,-17.819183,-18.378778
748,-17.435821,-17.829314,-18.370523
749,-17.455457,-17.838524,-18.385786
750,-17.466134,-17.822091,-18.376671
751,-17.468823,-17.809869,-18.411184
752,-17.474079,-17.826835,-18.393621
753,-17.464165,-17.819663,-18.385400
754,-17.475259,-17.839648,-18.386260
755,-17.483336,-17.833621,-18.375142
756,-17.462412,-17.833258,-18.383443
757,-17.464529,-17.837959,-18.377566
758,-17.468018,-17.831711,-18.379410
759,-17.460964,-17.832751,-18.389625
760,-17.467558,-17.847970,-18.377844
761,-17.452408,-17.858140,-18.386520
762,-17.466847,-17.848944,-18.377882
763,-17.449398,-17.853104,-18.393337
764,-17.446416,-17.840263,-18.384862
765,-17.476769,-17.871482,-18.362073
766,-17.469396,-17.838197,-18.395132
767,-17.485524,-17.871143,-18.375863
768,-17.491213,-17.869323,-18.395533
769,-17.483270,-17.870611,-18.377788
770,-17.490102,-17.842653,-18.379163
771,-17.509762,-17.858309,-18.372784
772,-17.516879,-17.880397,-18.396523
773,-17.498738,-17.860066,-18.376487
774,-17.497446,-17.869069,-18.376860
775,-17.502069,-17.867996,-18.367816
776,-17.530408,-17.873349,-18.381744
777,-17.520476,-17.866013,-18.374954
778,-17.539318,-17.880624,-18.389744
779,-17.521678,-17.863573,-18.372197
780,-17.516850,-17.858025,-18.379085
781,-17.517360,-17.874586,-18.375003
782,-17.512810,-17.889548,-18.374086
783,-17.527907,-17.903014,-18.388620
784,-17.526045,-17.891071,-18.379824
785,-17.493262,-17.908476,-18.392202
786,-17.501141,-17.879104,-18.368078
787,-17.518030,-17.888218,-18.366344
788,-17.524794,-17.888966,-18.363009
789,-17.535306,-17.897881,-18.378640
790,-17.529199,-17.910855,-18.402845
791,-17.543775,-17.905315,-18.378478
792,-17.554426,-17.908220,-18.382303
793,-17.564046,-17.909175,-18.374078
794,-17.537911,-17.904821,-18.384738
795,-17.536753,-17.918132,-18.368472
796,-17.558445,-17.907261,-18.400113
797,-17.535729,-17.899907,-18.381105
798,-17.550648,-17.910314,-18.372074
799,-17.545090,-17.899939,-18.404653
800,-17.579673,-17.884114,-18.379662
801,-17.561979,-17.880650,-18.388752
802,-17.568013,-17.900738,-18.389749
803,-17.592826,-17.905509,-18.390541
804,-17.590061,-17.919525,-18.378090
805,-17.572025,-17.913168,-18.396011
806,-17.573166,-17.922654,-18.392439
807,-17.560894,-17.928616,-18.373051
808,-17.577244,-17.922130,-18.378787
809,-17.572629,-17.924378,-18.387788
810,-17.575083,-17.938559,-18.374158
811,-17.578144,-17.942471,-18.379605
812,-17.585121,-17.960888,-18.394227
813,-17.585025,-17.923807,-18.393171
814,-17.589805,-17.949985,-18.395916
815,-17.592587,-17.952662,-18.379618
816,-17.606725,-17.934263,-18.395464
817,-17.612575,-17.940916,-18.397692
818,-17.585567,-17.942785,-18.414887
819,-17.584233,-17.921731,-18.374333
820,-17.602949,-17.917725,-18.389632
821,-17.610760,-17.926879,-18.416415
822,-17.608373,-17.925927,-18.410192
823,-17.610847,-17.922883,-18.412322
824,-17.613811,-17.942498,-18.405573
825,-17.626388,-17.928191,-18.440767
826,-17.605297,-17.958111,-18.410063
827,-17.619519,-17.950087,-18.403447
828,-17.609917,-17.937818,-18.402839
829,-17.624544,-17.946417,-18.402277
830,-17.624728,-17.928782,-18.410997
831,-17.600037,-17.931275,-18.417970
832,-17.620973,-17.945335,-18.387300
833,-17.617330,-17.954695,-18.401455
834,-17.616462,-17.962144,-18.375566
835,-17.630684,-17.952662,-18.369850
836,-17.618720,-17.949324,-18.354860
837,-17.630915,-17.954730,-18.374536
838,-17.650981,-17.950914,-18.397297
839,-17.641682,-17.959632,-18.386152
840,-17.648875,-17.931932,-18.388729
841,-17.638545,-17.925781,-18.387417
842,-17.628862,-17.949026,-18.408824
843,-17.647423,-17.949589,-18.415005
844,-17.665435,-17.961727,-18.419415
845,-17.650232,-17.974587,-18.418765
846,-17.636828,-17.981952,-18.425206
847,-17.658712,-17.987127,-18.438092
848,-17.684291,-17.956132,-18.410081
849,-17.670266,-17.967003,-18.420754
850,-17.652403,-17.986245,-18.387636
851,-17.634292,-17.968970,-18.391421
852,-17.647308,-17.958201,-18.391624
853,-17.687327,-17.975581,-18.402165
854,-17.686764,-17.989925,-18.403790
855,-17.662243,-17.970606,-18.422700
856,-17.664315,-17.987351,-18.386697
857,-17.678885,-17.987991,-18.411180
858,-17.655961,-17.986530,-18.366442
859,-17.671984,-17.967487,-18.361757
860,-17.680138,-17.958188,-18.396741
861,-17.675577,-17.972400,-18.383340
862,-17.685704,-17.977143,-18.373360
863,-17.699475,-17.980060,-18.372240
864,-17.680487,-17.960745,-18.397912
865,-17.701542,-17.979832,-18.390636
866,-17.703754,-17.992276,-18.391241
867,-17.710304,-17.989044,-18.383127
868,-17.700160,-17.996208,-18.395858
869,-17.719850,-17.988646,-18.402105
870,-17.703515,-18.005350,-18.365445
871,-17.686639,-18.003882,-18.351386
872,-17.685999,-17.993084,-18.359544
873,-17.708458,-17.995312,-18.388535
874,-17.704043,-18.019490,-18.388013
875,-17.697349,-18.014065,-18.370628
876,-17.697026,-18.007869,-18.392988
877,-17.700285,-18.019701,-18.392509
878,-17.705126,-18.051355,-18.388963
879,-17.709362,-18.000814,-18.395505
880,-17.731724,-17.996622,-18.391791
881,-17.724160,-17.985706,-18.414908
882,-17.731287,-18.000230,-18.414159
883,-17.732652,-18.003461,-18.372606
884,-17.715672,-18.010549,-18.369965
885,-17.722548,-18.010916,-18.384010
886,-17.729617,-18.010486,-18.384836
887,-17.742574,-18.025568,-18.364313
888,-17.736341,-18.016369,-18.374444
889,-17.745337,-18.026478,-18.386735
890,-17.748786,-18.021985,-18.391657
891,-17.761722,-18.006262,-18.385781
892,-17.740173,-18.025126,-18.379332
893,-17.738285,-18.027942,-18.383517
894,-17.744431,-18.023371,-18.388190
895,-17.781291,-17.999251,-18.399380
896,-17.779019,-17.985203,-18.416107
897,-17.761979,-18.003383,-18.395983
898,-17.769419,-18.013855,-18.408818
899,-17.763028,-18.037661,-18.410895
900,-17.768932,-18.019503,-18.399346
901,-17.761768,-18.009825,-18.403122
902,-17.750103,-18.036668,-18.414197
903,-17.746678,-18.054397,-18.404612
904,-17.742720,-18.043723,-18.412841
905,-17.760483,-18.033516,-18.405037
906,-17.793402,-18.030764,-18.386656
907,-17.774899,-18.039215,-18.372304
908,-17.785918,-18.027970,-18.395818
909,-17.795468,-18.040045,-18.401985
910,-17.761485,-18.023255,-18.379589
911,-17.779526,-18.010660,-18.394034
912,-17.775860,-18.029052,-18.398234
913,-17.781714,-18.040961,-18.389370
914,-17.774466,-18.028990,-18.375683
915,-17.780348,-18.042759,-18.383611
916,-17.749635,-18.066307,-18.411741
917,-17.764153,-18.061419,-18.377726
918,-17.771390,-18.055451,-18.389345
919,-17.789799,-18.050645,-18.400231
920,-17.788303,-18.056755,-18.415145
921,-17.790003,-18.027714,-18.397234
922,-17.783443,-18.024265,-18.400698
923,-17.788288,-18.038079,-18.396281
924,-17.800781,-18.049114,-18.399233
925,-17.785273,-18.053650,-18.386352
926,-17.784982,-18.053729,-18.365837
927,-17.803096,-18.050553,-18.392622
928,-17.789856,-18.074782,-18.384960
929,-17.790943,-18.065915,-18.396320
930,-17.799006,-18.063470,-18.410264
931,-17.809288,-18.063789,-18.426026
932,-17.809480,-18.081899,-18.393868
933,-17.817555,-18.063839,-18.405281
934,-17.809158,-18.089454,-18.372567
935,-17.801624,-18.079535,-18.380213
936,-17.801116,-18.085214,-18.394881
937,-17.818117,-18.049173,-18.425968
938,-17.817850,-18.052969,-18.431065
939,-17.829416,-18.063609,-18.445096
940,-17.810752,-18.046915,-18.432023
941,-17.830956,-18.059240,-18.438660
942,-17.828486,-18.059276,-18.451152
943,-17.844079,-18.054524,-18.439664
944,-17.841809,-18.058926,-18.436827
945,-17.858899,-18.067031,-18.427354
946,-17.838136,-18.093690,-18.446223
947,-17.854376,-18.083738,-18.427095
948,-17.835505,-18.100045,-18.444084
949,-17.842252,-18.074280,-18.427972
950,-17.843797,-18.089520,-18.436024
951,-17.829405,-18.057938,-18.421497
952,-17.854378,-18.083400,-18.419910
953,-17.849186,-18.069888,-18.427618
954,-17.838012,-18.073454,-18.437071
955,-17.842920,-18.061701,-18.422086
956,-17.860452,-18.066240,-18.424571
957,-17.862166,-18.087015,-18.423796
958,-17.858835,-18.084281,-18.423759
959,-17.862210,-18.114669,-18.406327
960,-17.855246,-18.097000,-18.395386
961,-17.826406,-18.082373,-18.405572
962,-17.834991,-18.074227,-18.408337
963,-17.873182,-18.106885,-18.393601
964,-17.848537,-18.082144,-18.390330
965,-17.869572,-18.070178,-18.394551
966,-17.856335,-18.105075,-18.394737
967,-17.833784,-18.052594,-18.411059
968,-17.846156,-18.083758,-18.408710
969,-17.844781,-18.084656,-18.422534
970,-17.847387,-18.082139,-18.421691
971,-17.843820,-18.071122,-18.420775
972,-17.847928,-18.106944,-18.428754
973,-17.873034,-18.096572,-18.420559
974,-17.857383,-18.081168,-18.417619
975,-17.875651,-18.093426,-18.409020
976,-17.882891,-18.069990,-18.432250
977,-17.905698,-18.104620,-18.429261
978,-17.890221,-18.067579,-18.406481
979,-17.896552,-18.087130,-18.423590
980,-17.879815,-18.055734,-18.428012
981,-17.885650,-18.061886,-18.427870
982,-17.906074,-18.087055,-18.429968
983,-17.883359,-18.103764,-18.444002
984,-17.902366,-18.098996,-18.422237
985,-17.862519,-18.048383,-18.416259
986,-17.880523,-18.064190,-18.409015
987,-17.888935,-18.085374,-18.390073
988,-17.892067,-18.067300,-18.424762
989,-17.911114,-18.096242,-18.403842
990,-17.912965,-18.069238,-18.402524
991,-17.933630,-18.110872,-18.430469
992,-17.923351,-18.077935,-18.413454
993,-17.939443,-18.087496,-18.400390
994,-17.932413,-18.087804,-18.433111
995,-17.918867,-18.081114,-18.406353
996,-17.919873,-18.109747,-18.394424
997,-17.920243,-18.087386,-18.394534
998,-17.915943,-18.113548,-18.399618
999,-17.914191,-18.134093,-18.430177
1000,-17.917401,-18.102715,-18.418378
