Epoch,chi_Mean_0.235,chi_Mean_0.94,chi_Mean_3.76
1,-42.150468,-39.712361,-65.121303
2,-35.958611,-32.234724,-54.159358
3,-33.999638,-29.046926,-50.969311
4,-32.447409,-27.110666,-49.119049
5,-31.169113,-25.696771,-47.946782
6,-30.110123,-24.574633,-47.143362
7,-29.217386,-23.701504,-46.523816
8,-28.392717,-23.009172,-46.016645
9,-27.550247,-22.405964,-45.838562
10,-26.882751,-21.983621,-45.439750
11,-26.318045,-21.609841,-45.008296
12,-25.840289,-21.363977,-44.748658
13,-25.440606,-21.136164,-44.380600
14,-25.068383,-20.994284,-44.150917
15,-24.740705,-20.845024,-43.858662
16,-24.422914,-20.732340,-43.617909
17,-24.169697,-20.644659,-43.527464
18,-23.940713,-20.569939,-43.258815
19,-23.696943,-20.534184,-43.011273
20,-23.476949,-20.484717,-42.680982
21,-23.292723,-20.421968,-42.415930
22,-23.148299,-20.384890,-42.221067
23,-22.992804,-20.351230,-41.980786
24,-22.871675,-20.333198,-41.802084
25,-22.745344,-20.305255,-41.676895
26,-22.636500,-20.268259,-41.385041
27,-22.555410,-20.263198,-41.175649
28,-22.462312,-20.235183,-41.033535
29,-22.406970,-20.226191,-40.818608
30,-22.305573,-20.189517,-40.676799
31,-22.254660,-20.176127,-40.599386
32,-22.182785,-20.145099,-40.476679
33,-22.108089,-20.081611,-40.360644
34,-22.044341,-20.075586,-40.255464
35,-21.982172,-20.071621,-40.177158
36,-21.948740,-20.097558,-40.026539
37,-21.883840,-20.066807,-39.987831
38,-21.822126,-20.018963,-39.882901
39,-21.760156,-20.035011,-39.700686
40,-21.688480,-20.020649,-39.647950
41,-21.643260,-20.019386,-39.591471
42,-21.605372,-19.980789,-39.534946
43,-21.521758,-19.977970,-39.395747
44,-21.481615,-19.980152,-39.434100
45,-21.415374,-19.951150,-39.246366
46,-21.363738,-19.929005,-39.191526
47,-21.346232,-19.903182,-39.082037
48,-21.276373,-19.908999,-38.962628
49,-21.280228,-19.897174,-38.876285
50,-21.225867,-19.883658,-38.796971
51,-21.189377,-19.878370,-38.778062
52,-21.134377,-19.852107,-38.716656
53,-21.105094,-19.847520,-38.560866
54,-21.078029,-19.824559,-38.412238
55,-21.061400,-19.809764,-38.342371
56,-21.000842,-19.788820,-38.230038
57,-20.982086,-19.768111,-38.140373
58,-20.936032,-19.761568,-38.089827
59,-20.900679,-19.745778,-37.882389
60,-20.835137,-19.734519,-37.911869
61,-20.830478,-19.722459,-37.867572
62,-20.763983,-19.726477,-37.659435
63,-20.771425,-19.721425,-37.566591
64,-20.724531,-19.689333,-37.534497
65,-20.682222,-19.680409,-37.439969
66,-20.689558,-19.660657,-37.403877
67,-20.647015,-19.688414,-37.337538
68,-20.618610,-19.655972,-37.335055
69,-20.606644,-19.651187,-37.110602
70,-20.572107,-19.636239,-36.963907
71,-20.542778,-19.613301,-36.928504
72,-20.495650,-19.599572,-36.831802
73,-20.471181,-19.592560,-36.711713
74,-20.450543,-19.551766,-36.707320
75,-20.433101,-19.561276,-36.723953
76,-20.432018,-19.523005,-36.571391
77,-20.394031,-19.493412,-36.485651
78,-20.363430,-19.480989,-36.238477
79,-20.338308,-19.475349,-36.087769
80,-20.323192,-19.491358,-36.109484
81,-20.279970,-19.472093,-35.958903
82,-20.282879,-19.440726,-35.770970
83,-20.273044,-19.438613,-35.852312
84,-20.252196,-19.436026,-35.782580
85,-20.220749,-19.399706,-35.589290
86,-20.214261,-19.374625,-35.368152
87,-20.183372,-19.360584,-35.422765
88,-20.167249,-19.325472,-35.383942
89,-20.137253,-19.325387,-35.260646
90,-20.119124,-19.331399,-35.186486
91,-20.133882,-19.303409,-35.166791
92,-20.114993,-19.269589,-35.010931
93,-20.066677,-19.251265,-34.948074
94,-20.069049,-19.231363,-34.828778
95,-20.057176,-19.227095,-34.754097
96,-20.055941,-19.248046,-34.533389
97,-20.013904,-19.221823,-34.700210
98,-20.002221,-19.201627,-34.529103
99,-19.992623,-19.203789,-34.491743
100,-19.990765,-19.171041,-34.460740
101,-19.943204,-19.181989,-34.355303
102,-19.940740,-19.166314,-34.198642
103,-19.912955,-19.152097,-34.216753
104,-19.911267,-19.110554,-34.097137
105,-19.887146,-19.127737,-34.107977
106,-19.887857,-19.091021,-33.933386
107,-19.841395,-19.082605,-33.912632
108,-19.800123,-19.072243,-33.862183
109,-19.808602,-19.080432,-33.843806
110,-19.807581,-19.075356,-33.680874
111,-19.776675,-19.058599,-33.657518
112,-19.750255,-19.026161,-33.557112
113,-19.742999,-19.020290,-33.520712
114,-19.732902,-19.013302,-33.529321
115,-19.700115,-19.010712,-33.456341
116,-19.673607,-18.995336,-33.364857
117,-19.653823,-18.950772,-33.338047
118,-19.658509,-18.984795,-33.097907
119,-19.618546,-18.975163,-33.053764
120,-19.593776,-18.950683,-33.018067
121,-19.587036,-18.969906,-32.893330
122,-19.557544,-18.966490,-32.896555
123,-19.546998,-18.945034,-32.873048
124,-19.515217,-18.935705,-32.807691
125,-19.506123,-18.939810,-32.698461
126,-19.475882,-18.908621,-32.502092
127,-19.453944,-18.907574,-32.543987
128,-19.420676,-18.890643,-32.546506
129,-19.396912,-18.896931,-32.447793
130,-19.391709,-18.911682,-32.358401
131,-19.383724,-18.875431,-32.232728
132,-19.374883,-18.878552,-32.203070
133,-19.357944,-18.863392,-32.068243
134,-19.350773,-18.875264,-31.982996
135,-19.333074,-18.844750,-31.867308
136,-19.326050,-18.868494,-31.894859
137,-19.307410,-18.855920,-31.763891
138,-19.279667,-18.828260,-31.778585
139,-19.280932,-18.841445,-31.620561
140,-19.263769,-18.803836,-31.603246
141,-19.237246,-18.788549,-31.591794
142,-19.202041,-18.777116,-31.571316
143,-19.208251,-18.759085,-31.482450
144,-19.199635,-18.712300,-31.460706
145,-19.187242,-18.722171,-31.535788
146,-19.180101,-18.704042,-31.311410
147,-19.185733,-18.670972,-31.321302
148,-19.182646,-18.714058,-31.390795
149,-19.179254,-18.687180,-31.180157
150,-19.120410,-18.678385,-31.138021
151,-19.144929,-18.667409,-31.221203
152,-19.145796,-18.654386,-31.121306
153,-19.127880,-18.659501,-31.060342
154,-19.104952,-18.649465,-31.025030
155,-19.089942,-18.646143,-30.876916
156,-19.106820,-18.627130,-30.935437
157,-19.080537,-18.647495,-30.816202
158,-19.076590,-18.622331,-30.685433
159,-19.050248,-18.609012,-30.675808
160,-19.049710,-18.623699,-30.592449
161,-19.048613,-18.612056,-30.644379
162,-19.048826,-18.606462,-30.650839
163,-19.055962,-18.599314,-30.434895
164,-19.039238,-18.597779,-30.439423
165,-19.014117,-18.624907,-30.341095
166,-19.033172,-18.606159,-30.340349
167,-19.018927,-18.621088,-30.261061
168,-19.001904,-18.599767,-30.209853
169,-19.017365,-18.574337,-30.128600
170,-18.997504,-18.608286,-30.130272
171,-19.006922,-18.593386,-30.155932
172,-19.007248,-18.585456,-29.968621
173,-19.012084,-18.604564,-29.905635
174,-18.979385,-18.582483,-29.930073
175,-18.979187,-18.592307,-29.862462
176,-18.964370,-18.602842,-29.757284
177,-18.990476,-18.592738,-29.746557
178,-18.979163,-18.601301,-29.696485
179,-18.980906,-18.597914,-29.598327
180,-18.960476,-18.572936,-29.513016
181,-18.989913,-18.592120,-29.465465
182,-18.972529,-18.607702,-29.489406
183,-18.956373,-18.608510,-29.369691
184,-18.946063,-18.606471,-29.454996
185,-18.939428,-18.616875,-29.469924
186,-18.911021,-18.607747,-29.330694
187,-18.940339,-18.624447,-29.340887
188,-18.931754,-18.590570,-29.170069
189,-18.927977,-18.609987,-29.165608
190,-18.911944,-18.629086,-29.117276
191,-18.904981,-18.587074,-28.952129
192,-18.914077,-18.595319,-28.927915
193,-18.917711,-18.611151,-28.905473
194,-18.900551,-18.587521,-28.984781
195,-18.914544,-18.597345,-28.842384
196,-18.940203,-18.637281,-28.714443
197,-18.901902,-18.613797,-28.794327
198,-18.917584,-18.617000,-28.741526
199,-18.892239,-18.620773,-28.714149
200,-18.900302,-18.628139,-28.724447
201,-18.879237,-18.619788,-28.590358
202,-18.890546,-18.602820,-28.551775
203,-18.878726,-18.622543,-28.518106
204,-18.881600,-18.621908,-28.593376
205,-18.848448,-18.616258,-28.509595
206,-18.847641,-18.628438,-28.492763
207,-18.852177,-18.625911,-28.425374
208,-18.822731,-18.613104,-28.488372
209,-18.817804,-18.605696,-28.393023
210,-18.790093,-18.611184,-28.231439
211,-18.813894,-18.616192,-28.315193
212,-18.778744,-18.619402,-28.281400
213,-18.799882,-18.640890,-28.187939
214,-18.783047,-18.613673,-28.192249
215,-18.788136,-18.619033,-28.088237
216,-18.792657,-18.635491,-28.035780
217,-18.776844,-18.633356,-27.985483
218,-18.766532,-18.632164,-28.060387
219,-18.769703,-18.617590,-28.022913
220,-18.773000,-18.637830,-27.917717
221,-18.787068,-18.653846,-27.908837
222,-18.781767,-18.620015,-27.890714
223,-18.779757,-18.620440,-27.824857
224,-18.771791,-18.615120,-27.818788
225,-18.746424,-18.583508,-27.764440
226,-18.739375,-18.603950,-27.782233
227,-18.759889,-18.597218,-27.701955
228,-18.756537,-18.616683,-27.727891
229,-18.767092,-18.598987,-27.705295
230,-18.740052,-18.605693,-27.621924
231,-18.740278,-18.614716,-27.676989
232,-18.764188,-18.612777,-27.617399
233,-18.733724,-18.575847,-27.484123
234,-18.760837,-18.580537,-27.535843
235,-18.740364,-18.581932,-27.506265
236,-18.757255,-18.588307,-27.471593
237,-18.753130,-18.587445,-27.407275
238,-18.752001,-18.593627,-27.474885
239,-18.738385,-18.609391,-27.400199
240,-18.745535,-18.582466,-27.331229
241,-18.745382,-18.609835,-27.338618
242,-18.751168,-18.586209,-27.232122
243,-18.767599,-18.588950,-27.235458
244,-18.724103,-18.599337,-27.169674
245,-18.726393,-18.591487,-27.198756
246,-18.741065,-18.600834,-27.192838
247,-18.742035,-18.575744,-27.160013
248,-18.752063,-18.587164,-27.164167
249,-18.725034,-18.614758,-27.007441
250,-18.737045,-18.584464,-26.914464
251,-18.742400,-18.599960,-26.943717
252,-18.756046,-18.598442,-26.961289
253,-18.749435,-18.598648,-26.786688
254,-18.735947,-18.608406,-26.758069
255,-18.719082,-18.608128,-26.712985
256,-18.708621,-18.626905,-26.790129
257,-18.740738,-18.618157,-26.825537
258,-18.705961,-18.604865,-26.681993
259,-18.707256,-18.631964,-26.698711
260,-18.735792,-18.616678,-26.577891
261,-18.733323,-18.636984,-26.611311
262,-18.729126,-18.617424,-26.562352
263,-18.737876,-18.620153,-26.573427
264,-18.732999,-18.612150,-26.494493
265,-18.710966,-18.607536,-26.448762
266,-18.720589,-18.652180,-26.404372
267,-18.701600,-18.635089,-26.385312
268,-18.752195,-18.619855,-26.389255
269,-18.723763,-18.641330,-26.285025
270,-18.724840,-18.642660,-26.229262
271,-18.718312,-18.637088,-26.237913
272,-18.735557,-18.636485,-26.233905
273,-18.732064,-18.641581,-26.282326
274,-18.716282,-18.626037,-26.248914
275,-18.703537,-18.616469,-26.112431
276,-18.710139,-18.626512,-26.063728
277,-18.727656,-18.646987,-26.137159
278,-18.745014,-18.624844,-26.037969
279,-18.731867,-18.634360,-26.100277
280,-18.744056,-18.670957,-26.032667
281,-18.750180,-18.648831,-25.941011
282,-18.733691,-18.638211,-25.936335
283,-18.727068,-18.640835,-25.853868
284,-18.729491,-18.628791,-25.801917
285,-18.729337,-18.665709,-25.912812
286,-18.697500,-18.645067,-25.847626
287,-18.736357,-18.646200,-25.914104
288,-18.750804,-18.646875,-25.823523
289,-18.733917,-18.621280,-25.791673
290,-18.733578,-18.632215,-25.745690
291,-18.741039,-18.649616,-25.762933
292,-18.698787,-18.631132,-25.693886
293,-18.727331,-18.652951,-25.705926
294,-18.713146,-18.651106,-25.698764
295,-18.703470,-18.648862,-25.669674
296,-18.703795,-18.639053,-25.610697
297,-18.694412,-18.637184,-25.593629
298,-18.680281,-18.646866,-25.552498
299,-18.689765,-18.636335,-25.543075
300,-18.706173,-18.632660,-25.526859
301,-18.706160,-18.641260,-25.549471
302,-18.704954,-18.647686,-25.619635
303,-18.705621,-18.644328,-25.501946
304,-18.698784,-18.658493,-25.484280
305,-18.713622,-18.647225,-25.518052
306,-18.698496,-18.649968,-25.469339
307,-18.690797,-18.655439,-25.469339
308,-18.672324,-18.654119,-25.369618
309,-18.686386,-18.668170,-25.364971
310,-18.675091,-18.668566,-25.311203
311,-18.668634,-18.671328,-25.337840
312,-18.673150,-18.657496,-25.289243
313,-18.703461,-18.692433,-25.233548
314,-18.679755,-18.661890,-25.239974
315,-18.690187,-18.646728,-25.334920
316,-18.685472,-18.666285,-25.205878
317,-18.694657,-18.655831,-25.163034
318,-18.707416,-18.679542,-25.120692
319,-18.671652,-18.660002,-25.166130
320,-18.667969,-18.662934,-25.156821
321,-18.678326,-18.673519,-25.139039
322,-18.675399,-18.665725,-25.088860
323,-18.690346,-18.657943,-25.063333
324,-18.664858,-18.675601,-25.016972
325,-18.687418,-18.682576,-25.004449
326,-18.650360,-18.657277,-25.041079
327,-18.667349,-18.672480,-25.005252
328,-18.641056,-18.674350,-25.092852
329,-18.665521,-18.653710,-25.001868
330,-18.683461,-18.659759,-24.952210
331,-18.665432,-18.671189,-24.908307
332,-18.681541,-18.673734,-24.982836
333,-18.672325,-18.656034,-24.931678
334,-18.662914,-18.656446,-24.945703
335,-18.660505,-18.670974,-24.801239
336,-18.668373,-18.658066,-24.859697
337,-18.670910,-18.648767,-24.879011
338,-18.651313,-18.669712,-24.834038
339,-18.676373,-18.673773,-24.767318
340,-18.633842,-18.673428,-24.718298
341,-18.653010,-18.663519,-24.809821
342,-18.637557,-18.677052,-24.783705
343,-18.653055,-18.670151,-24.772249
344,-18.649141,-18.659422,-24.713436
345,-18.630630,-18.655994,-24.698024
346,-18.671927,-18.672642,-24.706023
347,-18.638482,-18.666748,-24.671147
348,-18.622598,-18.691503,-24.746146
349,-18.645102,-18.678754,-24.761250
350,-18.633637,-18.684169,-24.603916
351,-18.629359,-18.659563,-24.721231
352,-18.673629,-18.677318,-24.682467
353,-18.620232,-18.680743,-24.656440
354,-18.626426,-18.652741,-24.635324
355,-18.633853,-18.650975,-24.517113
356,-18.638647,-18.657371,-24.639914
357,-18.627310,-18.646649,-24.616871
358,-18.655708,-18.672620,-24.653233
359,-18.630639,-18.658215,-24.560140
360,-18.626895,-18.690827,-24.521006
361,-18.627808,-18.659826,-24.550599
362,-18.636916,-18.671287,-24.625684
363,-18.634285,-18.677978,-24.504083
364,-18.618204,-18.698897,-24.486234
365,-18.624650,-18.681284,-24.566135
366,-18.600864,-18.682730,-24.592003
367,-18.622373,-18.695869,-24.551913
368,-18.627748,-18.671553,-24.513525
369,-18.622223,-18.684677,-24.550317
370,-18.593957,-18.668429,-24.544832
371,-18.586053,-18.689422,-24.462651
372,-18.585085,-18.691601,-24.431087
373,-18.589443,-18.681701,-24.449945
374,-18.586396,-18.689719,-24.447471
375,-18.580683,-18.680790,-24.385729
376,-18.587003,-18.687335,-24.403800
377,-18.571813,-18.669920,-24.377170
378,-18.573240,-18.680362,-24.328360
379,-18.575292,-18.677056,-24.304906
380,-18.597853,-18.656401,-24.313924
381,-18.555506,-18.666733,-24.384684
382,-18.567029,-18.688460,-24.311543
383,-18.584931,-18.676995,-24.359630
384,-18.597199,-18.682284,-24.279600
385,-18.602680,-18.668901,-24.297161
386,-18.577020,-18.699773,-24.305463
387,-18.590482,-18.685759,-24.292829
388,-18.582156,-18.671072,-24.322139
389,-18.560160,-18.659192,-24.182341
390,-18.572314,-18.661247,-24.244994
391,-18.594026,-18.695359,-24.286808
392,-18.609257,-18.692328,-24.254773
393,-18.635122,-18.685028,-24.302055
394,-18.621752,-18.671209,-24.266944
395,-18.595406,-18.662442,-24.200969
396,-18.607569,-18.672732,-24.227018
397,-18.606052,-18.695575,-24.204019
398,-18.620565,-18.671272,-24.182955
399,-18.596925,-18.696166,-24.193635
400,-18.601153,-18.666937,-24.184516
401,-18.599237,-18.670727,-24.187535
402,-18.612182,-18.678211,-24.204024
403,-18.610759,-18.677584,-24.094100
404,-18.609322,-18.689867,-24.150190
405,-18.614677,-18.697287,-24.144846
406,-18.607137,-18.688040,-24.176185
407,-18.589189,-18.719380,-24.158096
408,-18.599261,-18.709408,-24.131542
409,-18.597773,-18.694305,-24.087523
410,-18.615806,-18.670127,-24.145967
411,-18.605944,-18.691339,-24.075464
412,-18.597573,-18.694495,-24.071106
413,-18.579891,-18.686472,-24.057491
414,-18.588903,-18.693744,-24.069212
415,-18.593592,-18.689028,-24.087723
416,-18.590053,-18.691128,-24.120374
417,-18.614486,-18.705046,-24.124354
418,-18.608820,-18.715854,-24.084034
419,-18.594664,-18.703725,-24.025287
420,-18.613768,-18.693855,-24.027298
421,-18.629618,-18.698286,-24.047742
422,-18.609266,-18.690859,-24.001771
423,-18.632337,-18.694935,-24.010170
424,-18.646874,-18.693496,-23.944926
425,-18.633763,-18.690516,-23.943576
426,-18.638085,-18.703664,-24.059075
427,-18.659944,-18.698313,-24.087368
428,-18.642232,-18.708704,-23.973614
429,-18.633878,-18.686176,-24.020142
430,-18.637187,-18.687514,-23.914710
431,-18.631501,-18.694784,-23.930714
432,-18.634145,-18.707669,-23.968124
433,-18.639319,-18.698554,-23.951708
434,-18.653301,-18.725363,-23.875401
435,-18.634942,-18.697257,-23.911217
436,-18.616331,-18.699192,-23.868990
437,-18.616441,-18.723537,-23.828062
438,-18.641792,-18.692599,-23.863640
439,-18.641342,-18.720203,-23.801707
440,-18.613525,-18.695654,-23.782596
441,-18.634241,-18.688370,-23.828388
442,-18.647172,-18.705826,-23.805952
443,-18.633014,-18.690544,-23.863168
444,-18.661364,-18.679740,-23.895600
445,-18.645495,-18.693931,-23.828964
446,-18.630897,-18.706467,-23.879781
447,-18.633247,-18.697907,-23.853248
448,-18.648695,-18.703365,-23.798019
449,-18.636469,-18.688117,-23.809220
450,-18.628152,-18.697891,-23.898794
451,-18.663018,-18.694212,-23.800693
452,-18.639830,-18.707664,-23.814176
453,-18.654566,-18.704442,-23.788047
454,-18.665710,-18.696343,-23.767642
455,-18.653198,-18.695468,-23.775800
456,-18.673616,-18.687422,-23.750588
457,-18.683967,-18.697041,-23.788859
458,-18.642927,-18.691482,-23.831588
459,-18.686511,-18.705151,-23.838000
460,-18.665692,-18.724793,-23.788129
461,-18.678321,-18.713257,-23.773229
462,-18.648349,-18.711213,-23.744941
463,-18.660713,-18.700513,-23.734451
464,-18.668907,-18.699373,-23.702359
465,-18.673898,-18.696066,-23.704603
466,-18.678899,-18.688241,-23.718844
467,-18.671586,-18.707437,-23.644291
468,-18.653376,-18.704870,-23.692177
469,-18.661684,-18.695536,-23.684478
470,-18.661005,-18.699304,-23.671030
471,-18.648961,-18.712705,-23.603215
472,-18.660736,-18.709488,-23.610722
473,-18.656009,-18.690082,-23.611994
474,-18.660878,-18.714527,-23.622185
475,-18.644954,-18.687981,-23.679408
476,-18.663683,-18.722230,-23.708520
477,-18.640040,-18.722444,-23.664956
478,-18.628608,-18.694900,-23.629623
479,-18.662833,-18.713954,-23.647878
480,-18.669430,-18.734503,-23.644971
481,-18.668414,-18.726102,-23.652969
482,-18.662772,-18.732356,-23.585634
483,-18.685783,-18.713668,-23.640547
484,-18.679954,-18.720734,-23.616192
485,-18.654955,-18.720921,-23.590633
486,-18.672716,-18.723142,-23.609898
487,-18.648427,-18.721006,-23.544674
488,-18.663187,-18.705108,-23.573841
489,-18.666039,-18.702176,-23.542823
490,-18.676836,-18.707991,-23.523118
491,-18.662988,-18.696329,-23.575847
492,-18.680922,-18.748254,-23.556969
493,-18.682799,-18.741425,-23.522122
494,-18.675991,-18.714958,-23.507089
495,-18.677230,-18.715270,-23.608990
496,-18.683999,-18.720548,-23.536516
497,-18.660910,-18.728771,-23.511507
498,-18.677762,-18.724650,-23.523300
499,-18.670851,-18.719083,-23.501020
500,-18.658503,-18.708543,-23.472512
501,-18.674823,-18.703883,-23.432117
502,-18.667254,-18.713304,-23.402373
503,-18.642151,-18.725472,-23.455500
504,-18.690281,-18.722358,-23.508298
505,-18.679726,-18.711174,-23.459057
506,-18.660256,-18.695353,-23.510521
507,-18.672629,-18.709890,-23.463253
508,-18.672545,-18.709531,-23.436870
509,-18.679741,-18.698370,-23.547310
510,-18.681779,-18.702424,-23.488225
511,-18.670085,-18.722568,-23.426941
512,-18.693346,-18.701380,-23.464361
513,-18.699798,-18.719765,-23.451653
514,-18.707225,-18.737455,-23.597787
515,-18.673361,-18.706903,-23.465304
516,-18.667106,-18.716230,-23.448393
517,-18.666788,-18.716511,-23.522057
518,-18.683803,-18.702065,-23.385184
519,-18.698205,-18.702475,-23.429878
520,-18.690698,-18.705237,-23.396702
521,-18.675045,-18.690628,-23.333220
522,-18.668693,-18.702703,-23.318784
523,-18.684944,-18.713243,-23.371184
524,-18.674853,-18.710158,-23.421448
525,-18.678057,-18.721182,-23.460362
526,-18.711669,-18.712212,-23.429953
527,-18.656556,-18.718629,-23.410716
528,-18.700364,-18.707431,-23.416217
529,-18.703366,-18.691856,-23.392845
530,-18.702630,-18.699206,-23.370431
531,-18.683727,-18.711955,-23.425983
532,-18.675032,-18.708035,-23.382538
533,-18.668496,-18.702659,-23.431807
534,-18.693082,-18.706466,-23.362985
535,-18.700460,-18.683219,-23.374879
536,-18.682412,-18.700608,-23.318794
537,-18.667617,-18.703746,-23.344500
538,-18.678930,-18.722784,-23.354965
539,-18.689302,-18.695017,-23.355118
540,-18.704776,-18.685432,-23.342258
541,-18.715819,-18.682822,-23.329879
542,-18.697309,-18.690403,-23.339129
543,-18.701180,-18.690569,-23.296956
544,-18.699749,-18.677519,-23.327048
545,-18.682115,-18.676315,-23.283155
546,-18.696490,-18.701882,-23.267478
547,-18.691911,-18.717190,-23.277277
548,-18.695826,-18.714614,-23.251426
549,-18.699812,-18.687752,-23.276745
550,-18.700403,-18.710748,-23.236395
551,-18.713709,-18.696452,-23.306204
552,-18.694385,-18.700296,-23.229504
553,-18.702798,-18.707040,-23.266894
554,-18.673515,-18.713888,-23.282811
555,-18.675823,-18.694456,-23.286080
556,-18.710382,-18.703564,-23.182877
557,-18.706059,-18.710339,-23.289147
558,-18.723506,-18.698939,-23.174332
559,-18.692687,-18.689855,-23.289013
560,-18.665617,-18.683192,-23.264683
561,-18.698304,-18.694644,-23.238657
562,-18.707818,-18.698765,-23.240112
563,-18.710805,-18.684617,-23.275702
564,-18.705646,-18.702266,-23.159702
565,-18.693989,-18.707277,-23.202747
566,-18.718479,-18.699991,-23.240188
567,-18.723391,-18.704357,-23.214101
568,-18.726078,-18.717956,-23.173305
569,-18.690013,-18.698843,-23.102354
570,-18.695808,-18.686230,-23.078791
571,-18.712600,-18.682516,-23.146405
572,-18.709201,-18.701574,-23.176933
573,-18.694449,-18.705966,-23.088676
574,-18.725113,-18.714289,-23.145451
575,-18.735768,-18.687143,-23.104503
576,-18.711215,-18.697062,-23.217434
577,-18.712793,-18.705528,-23.118874
578,-18.709830,-18.704211,-23.110971
579,-18.696303,-18.708048,-23.032814
580,-18.691252,-18.697143,-23.145157
581,-18.703398,-18.696975,-23.190830
582,-18.688886,-18.681491,-23.040978
583,-18.701179,-18.691042,-23.022977
584,-18.725316,-18.697097,-23.101828
585,-18.720155,-18.711468,-23.023984
586,-18.710370,-18.705642,-23.026261
587,-18.716336,-18.696911,-22.947425
588,-18.729910,-18.724580,-23.034314
589,-18.706619,-18.691740,-23.041299
590,-18.723529,-18.707709,-23.048324
591,-18.694890,-18.726605,-23.003452
592,-18.696633,-18.710970,-23.078625
593,-18.694210,-18.690889,-23.061029
594,-18.712819,-18.687162,-22.981901
595,-18.688899,-18.700912,-23.026720
596,-18.696681,-18.705969,-23.046722
597,-18.700133,-18.711348,-23.022989
598,-18.715383,-18.686332,-23.014854
599,-18.700355,-18.725149,-23.025308
600,-18.727197,-18.702032,-22.918935
601,-18.713840,-18.726593,-22.935722
602,-18.703511,-18.691039,-22.971929
603,-18.707770,-18.697876,-23.011790
604,-18.737897,-18.695098,-23.009287
605,-18.717649,-18.723285,-22.914710
606,-18.705790,-18.729328,-22.938168
607,-18.724552,-18.734562,-23.003432
608,-18.714496,-18.688383,-22.976965
609,-18.729543,-18.705677,-22.902028
610,-18.757551,-18.733357,-22.892682
611,-18.733907,-18.725862,-22.906320
612,-18.717844,-18.729362,-22.942104
613,-18.728066,-18.733285,-22.933159
614,-18.736075,-18.719877,-22.885551
615,-18.694761,-18.728518,-22.885983
616,-18.723273,-18.713362,-22.852571
617,-18.716051,-18.734548,-22.885656
618,-18.738165,-18.727962,-22.883339
619,-18.723473,-18.720317,-22.873959
620,-18.713372,-18.735998,-22.899405
621,-18.735738,-18.726188,-22.902012
622,-18.736867,-18.712027,-22.861956
623,-18.725494,-18.722618,-22.933709
624,-18.705067,-18.715680,-22.872630
625,-18.697561,-18.726378,-22.883580
626,-18.729861,-18.727329,-22.891171
627,-18.702405,-18.720054,-22.856996
628,-18.709942,-18.726068,-22.931801
629,-18.749134,-18.715788,-22.871914
630,-18.711598,-18.724878,-22.891971
631,-18.731876,-18.690422,-22.967259
632,-18.721373,-18.723514,-22.896717
633,-18.713679,-18.717311,-22.852097
634,-18.712377,-18.719200,-22.835963
635,-18.706673,-18.726546,-22.730134
636,-18.713645,-18.714006,-22.752005
637,-18.728078,-18.720971,-22.755124
638,-18.725016,-18.724301,-22.775456
639,-18.715168,-18.721192,-22.669047
640,-18.716458,-18.719957,-22.724711
641,-18.700429,-18.694616,-22.683422
642,-18.713724,-18.729650,-22.703724
643,-18.706678,-18.714396,-22.783883
644,-18.711382,-18.728947,-22.730239
645,-18.708278,-18.719671,-22.685350
646,-18.715163,-18.713130,-22.741696
647,-18.726209,-18.724085,-22.680175
648,-18.700010,-18.714465,-22.698961
649,-18.702278,-18.713979,-22.694146
650,-18.704977,-18.700893,-22.689328
651,-18.732113,-18.690289,-22.671585
652,-18.736052,-18.710916,-22.675797
653,-18.708017,-18.726914,-22.610050
654,-18.737184,-18.740291,-22.692092
655,-18.719960,-18.729288,-22.651579
656,-18.714529,-18.727946,-22.615968
657,-18.713938,-18.739450,-22.566338
658,-18.706334,-18.739285,-22.600612
659,-18.716307,-18.710715,-22.665910
660,-18.718218,-18.731868,-22.603997
661,-18.729180,-18.718482,-22.584959
662,-18.711943,-18.744232,-22.579838
663,-18.708778,-18.750908,-22.620890
664,-18.678246,-18.727618,-22.630770
665,-18.688714,-18.743378,-22.651774
666,-18.703769,-18.745156,-22.588930
667,-18.740263,-18.725118,-22.621588
668,-18.716595,-18.696549,-22.577062
669,-18.698519,-18.717967,-22.621973
670,-18.701860,-18.746521,-22.561513
671,-18.706596,-18.729011,-22.585041
672,-18.719554,-18.727923,-22.562221
673,-18.727091,-18.722601,-22.479414
674,-18.736493,-18.736590,-22.604037
675,-18.715430,-18.713243,-22.558903
676,-18.727648,-18.755519,-22.612280
677,-18.738627,-18.747971,-22.506646
678,-18.721849,-18.748364,-22.509070
679,-18.707495,-18.742530,-22.509371
680,-18.718635,-18.756786,-22.471261
681,-18.724686,-18.746304,-22.494225
682,-18.723277,-18.719358,-22.526482
683,-18.738800,-18.743846,-22.418441
684,-18.719247,-18.761742,-22.493349
685,-18.723757,-18.741591,-22.451432
686,-18.716134,-18.739870,-22.456817
687,-18.708038,-18.745712,-22.495933
688,-18.719793,-18.739751,-22.448394
689,-18.690520,-18.738944,-22.424809
690,-18.696197,-18.737354,-22.409932
691,-18.674739,-18.757050,-22.403018
692,-18.700225,-18.751180,-22.433987
693,-18.686141,-18.721779,-22.477182
694,-18.708504,-18.730728,-22.434602
695,-18.714484,-18.736557,-22.370818
696,-18.710479,-18.729112,-22.421472
697,-18.697574,-18.735546,-22.474776
698,-18.711347,-18.734791,-22.465598
699,-18.715366,-18.716166,-22.462424
700,-18.702242,-18.737736,-22.377044
701,-18.701385,-18.726663,-22.405506
702,-18.696575,-18.749217,-22.361491
703,-18.708055,-18.742548,-22.415241
704,-18.698507,-18.756679,-22.374591
705,-18.701654,-18.754415,-22.301566
706,-18.702968,-18.761530,-22.439916
707,-18.699482,-18.746533,-22.419006
708,-18.711311,-18.734375,-22.350423
709,-18.723465,-18.734631,-22.373506
710,-18.720430,-18.759234,-22.386504
711,-18.707934,-18.743716,-22.389447
712,-18.707903,-18.759425,-22.294754
713,-18.724984,-18.770191,-22.336914
714,-18.736538,-18.776859,-22.258859
715,-18.696127,-18.755299,-22.354856
716,-18.696925,-18.756638,-22.334849
717,-18.700346,-18.776057,-22.336780
718,-18.701175,-18.757781,-22.357968
719,-18.716388,-18.755104,-22.331875
720,-18.707259,-18.759864,-22.306784
721,-18.691185,-18.738652,-22.317807
722,-18.690772,-18.745214,-22.347406
723,-18.697919,-18.753237,-22.357921
724,-18.729585,-18.755281,-22.316746
725,-18.701771,-18.752231,-22.272813
726,-18.703481,-18.748174,-22.339760
727,-18.705659,-18.774166,-22.314309
728,-18.729433,-18.767231,-22.317717
729,-18.717436,-18.762172,-22.231910
730,-18.696479,-18.784223,-22.289735
731,-18.714001,-18.749247,-22.287299
732,-18.710405,-18.755190,-22.385071
733,-18.711023,-18.777262,-22.304495
734,-18.687139,-18.744867,-22.309620
735,-18.688044,-18.775096,-22.268049
736,-18.707570,-18.764531,-22.268592
737,-18.698814,-18.765640,-22.343627
738,-18.722622,-18.782354,-22.292100
739,-18.683057,-18.745344,-22.293298
740,-18.699909,-18.752041,-22.305157
741,-18.703602,-18.775616,-22.330873
742,-18.706471,-18.763112,-22.299721
743,-18.692944,-18.751471,-22.331735
744,-18.694593,-18.739327,-22.267980
745,-18.705159,-18.750806,-22.256823
746,-18.673000,-18.742655,-22.280598
747,-18.690390,-18.769259,-22.260671
748,-18.680714,-18.773048,-22.309770
749,-18.706656,-18.754064,-22.254889
750,-18.696019,-18.780149,-22.241333
751,-18.718081,-18.767857,-22.222668
752,-18.708508,-18.770496,-22.276458
753,-18.693924,-18.768543,-22.249311
754,-18.696415,-18.762346,-22.206706
755,-18.672468,-18.758291,-22.254371
756,-18.704095,-18.758417,-22.205339
757,-18.719761,-18.773457,-22.199565
758,-18.679411,-18.772792,-22.249107
759,-18.716698,-18.792265,-22.226098
760,-18.704059,-18.746654,-22.215507
761,-18.686934,-18.747732,-22.160859
762,-18.696648,-18.766529,-22.236290
763,-18.707479,-18.752373,-22.204434
764,-18.709237,-18.785499,-22.207686
765,-18.700982,-18.789062,-22.243091
766,-18.719701,-18.791969,-22.273363
767,-18.706777,-18.789904,-22.170464
768,-18.689196,-18.788259,-22.190750
769,-18.706557,-18.777221,-22.177628
770,-18.716719,-18.784003,-22.125320
771,-18.725879,-18.785271,-22.223472
772,-18.720523,-18.778690,-22.214827
773,-18.695435,-18.785731,-22.096214
774,-18.706721,-18.795241,-22.130414
775,-18.717199,-18.770701,-22.142731
776,-18.737324,-18.818001,-22.108694
777,-18.720008,-18.818126,-22.165029
778,-18.691968,-18.803808,-22.112828
779,-18.714415,-18.797046,-22.159878
780,-18.699737,-18.796331,-22.202923
781,-18.692086,-18.802697,-22.168127
782,-18.683850,-18.789968,-22.162808
783,-18.706236,-18.804962,-22.077532
784,-18.684952,-18.808030,-22.209112
785,-18.689488,-18.806798,-22.122763
786,-18.699987,-18.796293,-22.138650
787,-18.694737,-18.792944,-22.121550
788,-18.691396,-18.796426,-22.118902
789,-18.695620,-18.816588,-22.078542
790,-18.703210,-18.821880,-22.101564
791,-18.710917,-18.806107,-22.156362
792,-18.672910,-18.808433,-22.153454
793,-18.698839,-18.779971,-22.040832
794,-18.668396,-18.812723,-22.080440
795,-18.671069,-18.808806,-22.141847
796,-18.713423,-18.790803,-22.084897
797,-18.688382,-18.784541,-22.133625
798,-18.689462,-18.820374,-22.129622
799,-18.667388,-18.788823,-22.119666
800,-18.691167,-18.811558,-22.089913
801,-18.675415,-18.802430,-22.153159
802,-18.689770,-18.798544,-22.082005
803,-18.680497,-18.804400,-22.107587
804,-18.685364,-18.826680,-22.089660
805,-18.693845,-18.803348,-22.087765
806,-18.690032,-18.790565,-22.066671
807,-18.712743,-18.808266,-22.105290
808,-18.682068,-18.807963,-22.092791
809,-18.695935,-18.802567,-22.084301
810,-18.721465,-18.807531,-22.169074
811,-18.683492,-18.809735,-22.091616
812,-18.673827,-18.811879,-22.158936
813,-18.678267,-18.800390,-22.126965
814,-18.693265,-18.797786,-22.134087
815,-18.678212,-18.806106,-22.120397
816,-18.663893,-18.798339,-22.087646
817,-18.696370,-18.795162,-22.099958
818,-18.686035,-18.793274,-22.080332
819,-18.673103,-18.826021,-22.030661
820,-18.690370,-18.807796,-22.064555
821,-18.692367,-18.785315,-22.084411
822,-18.681484,-18.811038,-22.101821
823,-18.678996,-18.810016,-22.107452
824,-18.688487,-18.812682,-22.094467
825,-18.689877,-18.810942,-22.104843
826,-18.689104,-18.786475,-22.145060
827,-18.707750,-18.812166,-22.083762
828,-18.685652,-18.784501,-22.172537
829,-18.695269,-18.797240,-22.149293
830,-18.695287,-18.812517,-22.137494
831,-18.654620,-18.812354,-22.106196
832,-18.659293,-18.826270,-22.135516
833,-18.678771,-18.801955,-22.091376
834,-18.687311,-18.818681,-22.097875
835,-18.676973,-18.823038,-22.121591
836,-18.673190,-18.811219,-22.146444
837,-18.677849,-18.800600,-22.157895
838,-18.683859,-18.817969,-22.106315
839,-18.694026,-18.813866,-22.090143
840,-18.691165,-18.821627,-22.117469
841,-18.707858,-18.847268,-22.128527
842,-18.716617,-18.828582,-22.121189
843,-18.691541,-18.848572,-22.058365
844,-18.699616,-18.849266,-22.076895
845,-18.713441,-18.884119,-22.043065
846,-18.701743,-18.859110,-22.113940
847,-18.682262,-18.830100,-22.089113
848,-18.688523,-18.818046,-22.111735
849,-18.676950,-18.818262,-22.095357
850,-18.687518,-18.856343,-22.159846
851,-18.685708,-18.850714,-22.066588
852,-18.679598,-18.846504,-22.120007
853,-18.727174,-18.821362,-22.125981
854,-18.733212,-18.820825,-22.040620
855,-18.724588,-18.834335,-22.108548
856,-18.702968,-18.795618,-22.126099
857,-18.684246,-18.794087,-22.049844
858,-18.676979,-18.827305,-22.004865
859,-18.700577,-18.834548,-22.079527
860,-18.689188,-18.863476,-22.036945
861,-18.716039,-18.862774,-22.103882
862,-18.708545,-18.849445,-22.035226
863,-18.717037,-18.855817,-22.049169
864,-18.717338,-18.837545,-22.041650
865,-18.680000,-18.843522,-22.001308
866,-18.674475,-18.855556,-22.081493
867,-18.687538,-18.874607,-22.098762
868,-18.690208,-18.860344,-22.037772
869,-18.678280,-18.873511,-22.042053
870,-18.692866,-18.913604,-22.078612
871,-18.684397,-18.838133,-22.089703
872,-18.695027,-18.859085,-22.026249
873,-18.681257,-18.849103,-22.070051
874,-18.703138,-18.843216,-22.071709
875,-18.683083,-18.856815,-22.055780
876,-18.690235,-18.867590,-21.998386
877,-18.709714,-18.878862,-22.077389
878,-18.696409,-18.835792,-22.127363
879,-18.666323,-18.866940,-22.084923
880,-18.695557,-18.863309,-22.147654
881,-18.726593,-18.877000,-22.052078
882,-18.705446,-18.861197,-22.045704
883,-18.681502,-18.853608,-22.117772
884,-18.704359,-18.878207,-22.035723
885,-18.683625,-18.896676,-22.051191
886,-18.715244,-18.882883,-22.070777
887,-18.685515,-18.883960,-22.001221
888,-18.720368,-18.879119,-22.080386
889,-18.721775,-18.880453,-22.043061
890,-18.728677,-18.881619,-22.003665
891,-18.700999,-18.918596,-22.064991
892,-18.673773,-18.910071,-21.994879
893,-18.681140,-18.871384,-22.048018
894,-18.663867,-18.862164,-22.027040
895,-18.674045,-18.885853,-22.033463
896,-18.707920,-18.853539,-21.936918
897,-18.685965,-18.885011,-21.961683
898,-18.680957,-18.884285,-22.003249
899,-18.699349,-18.891225,-22.049512
900,-18.700082,-18.903069,-22.003373
901,-18.700158,-18.908308,-22.045417
902,-18.683938,-18.871454,-22.006192
903,-18.684694,-18.883140,-22.008239
904,-18.699033,-18.913411,-22.020748
905,-18.691004,-18.895979,-21.981158
906,-18.685627,-18.896042,-21.994899
907,-18.675439,-18.911130,-21.985227
908,-18.696555,-18.873313,-21.974540
909,-18.690209,-18.884001,-22.027020
910,-18.711607,-18.878514,-21.931281
911,-18.666087,-18.923987,-21.954671
912,-18.669349,-18.888646,-21.978374
913,-18.691540,-18.912586,-21.974574
914,-18.703330,-18.917612,-22.014229
915,-18.680769,-18.897918,-21.951152
916,-18.695021,-18.906611,-21.981355
917,-18.678794,-18.915099,-22.012046
918,-18.684267,-18.926931,-21.968253
919,-18.698762,-18.920416,-21.977420
920,-18.696811,-18.952075,-21.862299
921,-18.711896,-18.929637,-21.965323
922,-18.682653,-18.946965,-21.985128
923,-18.735360,-18.927806,-21.900844
924,-18.676724,-18.939784,-21.912489
925,-18.705378,-18.922371,-21.983053
926,-18.687151,-18.942390,-21.916161
927,-18.686773,-18.903334,-21.944696
928,-18.681200,-18.905794,-21.889626
929,-18.666821,-18.928379,-21.850328
930,-18.692388,-18.924878,-21.866423
931,-18.685685,-18.911900,-21.896168
932,-18.683725,-18.944728,-21.937992
933,-18.678520,-18.941362,-21.908583
934,-18.699562,-18.931334,-21.974077
935,-18.687786,-18.906314,-21.916508
936,-18.703263,-18.937311,-21.900072
937,-18.686610,-18.931458,-21.959015
938,-18.708655,-18.938668,-21.935587
939,-18.689304,-18.957609,-21.874895
940,-18.697226,-18.954624,-21.899665
941,-18.725791,-18.932916,-21.861485
942,-18.681466,-18.956773,-22.019738
943,-18.682870,-18.974597,-21.929928
944,-18.689330,-18.937209,-22.023623
945,-18.700558,-18.938948,-21.967768
946,-18.698851,-18.951155,-21.985589
947,-18.700323,-18.974052,-21.962906
948,-18.687917,-18.958690,-21.985092
949,-18.674669,-18.952171,-21.985037
950,-18.693243,-18.939882,-21.940655
951,-18.712783,-18.953194,-22.003203
952,-18.694906,-18.958685,-21.956698
953,-18.693495,-18.952215,-21.984333
954,-18.690022,-18.938003,-21.961762
955,-18.690657,-18.973939,-21.980460
956,-18.677971,-18.945828,-21.894859
957,-18.678687,-18.938576,-21.913272
958,-18.682656,-18.941753,-21.979818
959,-18.679686,-18.954404,-21.913123
960,-18.704239,-18.960744,-21.944994
961,-18.714566,-18.978700,-21.933819
962,-18.685099,-18.987725,-21.939079
963,-18.692401,-19.008246,-21.926081
964,-18.696893,-18.979058,-21.896807
965,-18.698500,-18.996992,-21.950547
966,-18.695954,-18.963682,-21.919510
967,-18.683697,-18.976402,-21.881348
968,-18.705633,-19.024247,-21.876869
969,-18.703982,-18.993324,-21.954196
970,-18.686074,-19.007197,-21.940631
971,-18.675355,-19.005422,-21.946849
972,-18.677079,-19.010156,-21.957646
973,-18.706295,-19.008716,-21.928733
974,-18.712144,-19.004914,-21.938540
975,-18.710667,-19.008641,-22.013075
976,-18.719285,-19.011007,-21.947001
977,-18.709818,-19.000631,-21.944137
978,-18.686151,-19.031490,-21.979495
979,-18.673528,-18.989481,-22.000946
980,-18.690384,-18.991809,-21.937618
981,-18.712049,-19.003169,-21.978560
982,-18.732725,-19.022350,-21.964729
983,-18.716585,-19.061543,-21.905969
984,-18.697181,-19.041461,-21.952268
985,-18.691182,-19.012630,-21.950671
986,-18.695844,-19.005177,-21.863265
987,-18.701619,-19.043519,-21.897141
988,-18.702057,-19.000007,-21.900792
989,-18.708039,-19.012333,-21.882507
990,-18.699141,-18.991430,-21.838349
991,-18.724092,-19.045259,-21.855178
992,-18.683523,-19.025737,-21.836325
993,-18.682807,-18.998555,-21.899361
994,-18.681526,-19.020604,-21.989863
995,-18.689308,-19.037830,-21.916462
996,-18.661431,-19.037530,-21.867725
997,-18.708845,-19.046219,-21.868391
998,-18.689815,-19.051494,-21.874487
999,-18.681281,-18.995254,-21.882426
1000,-18.683932,-19.057625,-21.904952
