Epoch,chi_Mean_0.235,chi_Mean_0.94,chi_Mean_3.76
1,-55.981670,-49.853267,-70.504008
2,-42.471522,-40.021729,-54.399877
3,-35.421736,-33.951356,-48.875431
4,-30.324855,-29.522244,-46.770819
5,-26.947064,-26.602230,-45.803119
6,-24.768576,-24.685385,-45.074312
7,-23.378500,-23.494315,-44.630299
8,-22.512164,-22.734253,-44.288098
9,-21.929580,-22.212988,-44.007798
10,-21.550788,-21.779320,-43.806289
11,-21.298748,-21.604651,-43.639540
12,-21.167335,-21.447636,-43.442815
13,-20.979940,-21.298377,-43.302346
14,-20.885368,-21.134354,-43.120432
15,-20.815839,-21.064126,-42.924196
16,-20.744341,-20.974882,-42.765172
17,-20.728420,-20.941678,-42.702476
18,-20.607911,-20.848105,-42.575277
19,-20.570143,-20.774404,-42.518354
20,-20.515320,-20.692058,-42.428554
21,-20.430481,-20.619059,-42.221531
22,-20.419984,-20.591195,-42.070503
23,-20.377218,-20.532295,-42.020859
24,-20.266859,-20.483252,-41.830603
25,-20.262382,-20.412112,-41.722312
26,-20.226478,-20.408714,-41.598732
27,-20.178504,-20.325466,-41.585130
28,-20.173763,-20.259532,-41.535180
29,-20.130433,-20.211350,-41.376411
30,-20.064888,-20.194915,-41.337915
31,-20.051294,-20.138960,-41.337887
32,-19.970659,-20.016730,-41.208799
33,-19.922706,-20.039815,-41.111291
34,-19.876869,-19.978755,-41.027066
35,-19.851426,-19.898189,-40.957983
36,-19.847423,-19.875970,-40.855324
37,-19.799380,-19.840451,-40.697288
38,-19.727140,-19.820896,-40.666227
39,-19.738028,-19.770235,-40.595380
40,-19.646200,-19.714235,-40.551932
41,-19.618773,-19.703482,-40.424760
42,-19.609197,-19.648621,-40.362614
43,-19.548296,-19.613010,-40.264857
44,-19.512833,-19.575364,-40.270008
45,-19.479555,-19.539967,-40.141321
46,-19.485187,-19.509559,-40.152341
47,-19.367093,-19.508049,-40.111716
48,-19.396496,-19.419281,-40.004856
49,-19.311351,-19.371202,-40.065257
50,-19.327502,-19.372995,-40.011220
51,-19.308946,-19.300078,-39.924777
52,-19.231719,-19.270268,-40.013764
53,-19.175753,-19.283170,-39.968083
54,-19.196915,-19.211885,-39.986017
55,-19.139387,-19.223195,-40.064751
56,-19.095337,-19.135868,-39.841139
57,-19.074676,-19.164231,-39.864256
58,-19.050444,-19.158056,-39.870483
59,-19.033079,-19.082102,-39.911859
60,-18.960992,-19.024522,-39.927868
61,-18.963269,-19.023744,-39.821213
62,-18.920564,-18.966088,-39.786566
63,-18.906955,-18.903772,-39.881180
64,-18.858017,-18.894294,-39.973857
65,-18.827404,-18.837764,-39.828577
66,-18.815624,-18.807771,-39.768141
67,-18.793821,-18.822968,-39.905580
68,-18.756716,-18.831197,-39.900586
69,-18.746468,-18.743956,-39.859769
70,-18.703397,-18.738267,-39.880723
71,-18.654985,-18.674644,-39.839054
72,-18.645884,-18.648684,-39.750856
73,-18.619405,-18.584024,-39.842454
74,-18.598977,-18.629561,-39.841619
75,-18.576001,-18.590061,-39.832564
76,-18.517625,-18.570219,-39.774910
77,-18.507521,-18.552082,-39.789598
78,-18.491097,-18.493840,-39.791147
79,-18.415239,-18.484859,-39.752524
80,-18.427316,-18.467483,-39.719033
81,-18.377106,-18.445919,-39.597147
82,-18.390029,-18.409952,-39.537475
83,-18.346814,-18.404938,-39.504564
84,-18.304871,-18.368040,-39.606006
85,-18.313951,-18.384729,-39.586185
86,-18.278542,-18.301947,-39.476887
87,-18.266302,-18.300484,-39.551512
88,-18.238850,-18.283159,-39.444298
89,-18.216011,-18.202471,-39.410548
90,-18.178342,-18.214279,-39.350281
91,-18.207735,-18.221457,-39.303183
92,-18.153522,-18.138165,-39.204345
93,-18.123447,-18.153298,-39.236750
94,-18.103867,-18.136281,-39.191379
95,-18.054363,-18.116071,-39.296389
96,-18.061725,-18.088419,-39.180555
97,-18.025476,-18.097327,-39.232047
98,-17.985355,-18.029366,-39.145914
99,-17.981055,-17.980809,-39.082217
100,-17.990164,-17.985120,-38.945885
101,-18.011616,-17.945318,-38.993088
102,-17.908653,-17.969239,-38.913029
103,-17.889038,-17.938215,-39.014066
104,-17.867791,-17.886195,-38.940500
105,-17.846710,-17.884294,-38.943698
106,-17.824607,-17.868782,-38.882333
107,-17.812710,-17.836755,-38.852542
108,-17.805995,-17.839054,-38.681784
109,-17.776785,-17.832729,-38.646088
110,-17.754387,-17.797773,-38.778225
111,-17.707986,-17.782374,-38.731435
112,-17.705682,-17.770880,-38.599247
113,-17.700183,-17.741946,-38.644299
114,-17.693182,-17.742675,-38.542025
115,-17.687560,-17.688204,-38.595358
116,-17.650191,-17.685757,-38.515340
117,-17.642873,-17.712667,-38.492280
118,-17.610945,-17.673223,-38.409176
119,-17.600399,-17.658645,-38.411090
120,-17.551346,-17.617109,-38.404573
121,-17.575190,-17.626956,-38.260092
122,-17.575017,-17.569798,-38.403260
123,-17.545375,-17.572999,-38.344097
124,-17.542355,-17.549853,-38.328624
125,-17.526763,-17.528924,-38.262528
126,-17.498964,-17.515499,-38.221540
127,-17.491436,-17.503727,-38.225091
128,-17.475561,-17.492192,-38.162640
129,-17.490892,-17.508507,-38.075749
130,-17.483352,-17.463356,-38.155561
131,-17.435593,-17.489854,-38.025473
132,-17.430062,-17.467342,-37.969420
133,-17.412552,-17.424444,-37.995090
134,-17.433665,-17.413611,-38.051153
135,-17.394929,-17.450039,-38.015309
136,-17.404927,-17.423769,-37.929343
137,-17.383358,-17.402014,-37.871182
138,-17.385218,-17.384858,-37.768447
139,-17.377554,-17.392712,-37.805968
140,-17.384533,-17.358947,-37.751672
141,-17.368422,-17.372205,-37.681069
142,-17.355757,-17.369605,-37.664963
143,-17.357507,-17.336677,-37.687318
144,-17.349339,-17.332205,-37.689398
145,-17.354847,-17.328382,-37.540496
146,-17.348612,-17.275713,-37.541555
147,-17.354371,-17.281636,-37.538403
148,-17.343710,-17.297552,-37.469174
149,-17.350563,-17.284240,-37.354066
150,-17.345964,-17.269523,-37.393139
151,-17.345557,-17.249016,-37.352503
152,-17.343935,-17.251706,-37.239152
153,-17.349133,-17.280741,-37.254981
154,-17.355501,-17.248812,-37.164269
155,-17.353877,-17.240924,-37.131886
156,-17.347490,-17.246039,-37.005427
157,-17.360029,-17.259139,-37.007851
158,-17.370248,-17.249781,-36.989984
159,-17.382609,-17.213011,-36.991609
160,-17.391613,-17.203825,-36.926076
161,-17.388377,-17.246939,-36.817703
162,-17.394710,-17.220045,-36.863132
163,-17.407328,-17.199192,-36.903566
164,-17.397950,-17.212347,-36.794663
165,-17.426591,-17.174604,-36.730925
166,-17.443425,-17.183133,-36.617907
167,-17.472528,-17.203408,-36.576033
168,-17.425580,-17.214966,-36.630219
169,-17.455647,-17.204030,-36.532128
170,-17.478275,-17.196213,-36.667501
171,-17.523761,-17.196045,-36.483046
172,-17.543819,-17.212708,-36.426935
173,-17.566914,-17.179689,-36.433376
174,-17.565190,-17.154467,-36.376188
175,-17.520203,-17.161498,-36.390309
176,-17.514340,-17.209457,-36.290924
177,-17.505626,-17.179527,-36.185258
178,-17.548749,-17.180442,-36.192489
179,-17.561040,-17.176459,-36.165595
180,-17.669068,-17.167482,-36.118598
181,-17.607876,-17.194507,-36.131365
182,-17.691411,-17.174579,-36.093048
183,-17.597483,-17.217066,-36.039703
184,-17.692837,-17.162466,-35.977108
185,-17.722734,-17.178427,-36.023953
186,-17.737538,-17.215723,-35.929990
187,-17.740277,-17.239793,-35.900180
188,-17.779984,-17.223117,-35.809733
189,-17.796113,-17.203358,-35.711229
190,-17.779990,-17.220124,-35.744603
191,-17.742993,-17.246743,-35.599595
192,-17.750529,-17.231481,-35.703100
193,-17.812125,-17.220006,-35.632418
194,-17.857681,-17.162995,-35.561594
195,-17.970479,-17.211078,-35.569376
196,-17.916098,-17.153442,-35.461635
197,-17.940634,-17.170668,-35.415414
198,-18.005867,-17.139530,-35.480996
199,-17.990765,-17.195985,-35.391705
200,-17.951281,-17.183151,-35.287580
201,-18.023462,-17.167537,-35.304377
202,-17.961207,-17.182145,-35.251840
203,-18.086313,-17.238956,-35.150910
204,-18.126502,-17.163199,-35.207522
205,-18.098784,-17.187910,-35.170723
206,-18.058056,-17.203665,-35.015397
207,-18.158837,-17.198673,-34.969021
208,-18.183172,-17.206521,-35.015508
209,-18.197465,-17.154640,-34.965720
210,-18.156511,-17.168841,-34.845347
211,-18.235860,-17.200314,-34.902148
212,-18.283828,-17.191705,-34.918321
213,-18.323011,-17.179475,-34.888082
214,-18.340479,-17.217703,-34.916635
215,-18.392526,-17.176926,-34.739509
216,-18.325805,-17.191592,-34.813571
217,-18.378480,-17.218668,-34.653059
218,-18.399780,-17.214138,-34.552558
219,-18.372420,-17.224339,-34.567097
220,-18.358244,-17.116555,-34.530747
221,-18.415367,-17.193371,-34.499669
222,-18.481755,-17.150896,-34.507255
223,-18.489755,-17.216095,-34.505062
224,-18.420797,-17.176662,-34.529277
225,-18.491998,-17.153476,-34.441319
226,-18.559716,-17.201355,-34.318231
227,-18.603013,-17.184645,-34.337064
228,-18.707705,-17.224634,-34.232201
229,-18.666605,-17.232817,-34.214856
230,-18.705447,-17.291714,-34.178360
231,-18.531483,-17.220653,-34.148683
232,-18.662421,-17.225644,-34.131319
233,-18.649721,-17.226762,-34.141226
234,-18.696824,-17.241213,-34.034957
235,-18.657781,-17.252987,-34.026660
236,-18.795704,-17.262038,-34.041107
237,-18.850587,-17.218394,-33.907933
238,-18.890382,-17.200768,-33.918240
239,-18.786738,-17.235580,-33.948434
240,-18.825230,-17.240340,-33.872902
241,-18.941519,-17.194455,-33.866976
242,-18.946660,-17.139073,-33.837503
243,-18.944461,-17.240733,-33.806706
244,-18.995960,-17.258662,-33.751032
245,-18.911970,-17.211868,-33.748943
246,-18.974979,-17.235988,-33.762973
247,-18.977139,-17.234795,-33.671798
248,-18.977688,-17.314406,-33.578181
249,-18.989220,-17.239785,-33.576413
250,-19.024856,-17.310320,-33.566349
251,-19.109220,-17.293547,-33.596271
252,-19.024299,-17.310342,-33.658849
253,-19.232025,-17.340913,-33.422900
254,-19.188573,-17.280466,-33.328366
255,-19.110449,-17.314940,-33.380015
256,-19.219723,-17.275942,-33.370396
257,-19.225408,-17.238759,-33.311683
258,-19.255681,-17.248504,-33.320969
259,-19.184223,-17.271540,-33.383446
260,-19.336622,-17.304822,-33.298520
261,-19.294021,-17.315645,-33.264779
262,-19.392920,-17.287274,-33.220181
263,-19.295768,-17.238260,-33.160856
264,-19.316165,-17.227790,-33.045123
265,-19.252419,-17.268515,-33.034467
266,-19.154407,-17.261048,-32.978282
267,-19.308358,-17.351130,-32.953578
268,-19.335387,-17.355357,-32.963651
269,-19.277940,-17.333553,-32.923282
270,-19.441523,-17.363449,-32.878742
271,-19.512144,-17.301278,-32.799424
272,-19.455245,-17.306967,-32.821395
273,-19.526316,-17.325356,-32.836637
274,-19.574337,-17.354093,-32.792073
275,-19.526023,-17.361047,-32.695573
276,-19.666816,-17.405745,-32.698058
277,-19.687430,-17.436882,-32.596501
278,-19.593709,-17.418588,-32.596921
279,-19.639278,-17.394186,-32.581882
280,-19.510594,-17.356834,-32.490767
281,-19.654585,-17.355179,-32.468086
282,-19.660455,-17.355049,-32.471980
283,-19.700601,-17.420064,-32.425677
284,-19.657350,-17.430882,-32.396912
285,-19.650077,-17.439415,-32.322324
286,-19.746274,-17.385708,-32.272135
287,-19.697476,-17.412499,-32.254706
288,-19.733659,-17.426141,-32.206748
289,-19.759088,-17.442891,-32.257645
290,-19.804295,-17.448536,-32.276798
291,-19.719756,-17.398203,-32.148381
292,-19.762668,-17.404901,-32.085884
293,-19.786255,-17.471084,-32.003300
294,-19.813553,-17.421220,-31.972631
295,-19.814361,-17.420961,-31.948609
296,-19.837614,-17.480992,-31.952692
297,-19.812738,-17.495695,-31.892175
298,-19.818929,-17.452896,-31.936168
299,-19.900170,-17.467182,-31.816633
300,-19.873219,-17.485017,-31.863849
301,-19.944677,-17.438877,-31.781752
302,-19.963694,-17.488218,-31.714186
303,-19.899409,-17.487291,-31.685809
304,-19.994306,-17.540915,-31.600490
305,-19.909128,-17.501523,-31.612901
306,-20.090396,-17.565359,-31.519835
307,-20.009121,-17.565398,-31.549102
308,-20.047173,-17.602150,-31.485138
309,-19.951290,-17.625418,-31.414176
310,-20.061823,-17.599933,-31.446858
311,-20.037462,-17.621574,-31.445573
312,-19.992673,-17.609784,-31.366775
313,-20.048642,-17.630696,-31.355885
314,-20.076481,-17.702100,-31.315145
315,-20.183045,-17.649449,-31.251147
316,-20.084892,-17.713072,-31.299656
317,-20.001826,-17.703616,-31.224576
318,-20.204512,-17.665660,-31.123506
319,-20.129093,-17.673150,-31.027552
320,-20.228169,-17.653746,-31.043886
321,-20.142693,-17.694390,-31.007432
322,-20.272003,-17.706922,-31.036172
323,-20.225624,-17.735331,-31.007672
324,-20.370346,-17.739000,-30.964789
325,-20.301840,-17.835434,-30.903735
326,-20.308107,-17.823904,-30.752674
327,-20.276674,-17.770570,-30.787403
328,-20.307092,-17.853415,-30.798541
329,-20.244629,-17.786382,-30.757136
330,-20.332460,-17.786682,-30.617623
331,-20.259994,-17.767851,-30.510868
332,-20.283171,-17.855012,-30.579225
333,-20.312096,-17.849093,-30.578364
334,-20.289726,-17.924277,-30.542435
335,-20.444429,-17.907065,-30.493405
336,-20.376994,-17.847699,-30.420013
337,-20.389986,-17.898167,-30.443299
338,-20.449599,-17.955887,-30.479508
339,-20.558882,-17.929688,-30.380424
340,-20.481243,-18.020651,-30.338117
341,-20.465282,-17.997387,-30.349401
342,-20.486002,-18.047296,-30.325075
343,-20.441714,-18.054522,-30.272507
344,-20.553591,-18.079309,-30.234779
345,-20.524754,-18.014999,-30.218484
346,-20.483372,-18.037466,-30.276776
347,-20.507388,-18.024508,-30.208748
348,-20.564738,-17.957207,-30.033800
349,-20.560156,-17.986172,-30.053378
350,-20.601467,-17.985732,-30.039787
351,-20.673843,-18.057945,-30.018745
352,-20.577766,-17.973279,-29.946491
353,-20.533536,-18.036926,-29.920826
354,-20.558867,-18.000071,-29.881565
355,-20.614485,-18.049610,-29.787164
356,-20.640756,-17.991681,-29.856194
357,-20.670249,-18.020405,-29.701982
358,-20.584786,-18.198574,-29.705214
359,-20.634031,-18.221610,-29.711995
360,-20.605820,-18.149621,-29.707064
361,-20.617216,-18.144606,-29.560594
362,-20.702668,-18.210985,-29.505969
363,-20.741765,-18.234169,-29.568316
364,-20.745141,-18.230839,-29.510612
365,-20.683856,-18.302982,-29.612584
366,-20.712824,-18.269695,-29.484381
367,-20.686026,-18.283546,-29.454671
368,-20.668144,-18.247239,-29.392211
369,-20.802290,-18.257646,-29.410451
370,-20.843893,-18.236278,-29.556520
371,-20.836787,-18.317834,-29.405848
372,-20.834196,-18.309987,-29.321559
373,-20.878237,-18.210747,-29.304004
374,-20.885460,-18.191560,-29.114827
375,-20.806083,-18.340370,-29.236675
376,-20.889652,-18.280387,-29.081442
377,-20.804069,-18.293493,-29.143888
378,-20.820425,-18.349999,-29.107824
379,-20.945034,-18.334493,-28.998531
380,-20.871530,-18.354845,-29.073745
381,-20.908568,-18.411934,-28.983235
382,-20.846647,-18.402096,-29.036915
383,-20.908560,-18.364253,-28.973077
384,-20.891483,-18.411464,-28.812651
385,-20.901250,-18.323018,-28.872796
386,-20.989991,-18.494634,-28.912183
387,-20.975979,-18.443827,-28.825684
388,-21.004357,-18.420086,-28.756486
389,-20.985637,-18.471469,-28.783467
390,-20.994643,-18.405842,-28.785567
391,-21.024635,-18.517478,-28.726624
392,-20.999256,-18.542129,-28.661608
393,-20.941752,-18.448130,-28.572056
394,-20.982143,-18.523037,-28.567894
395,-21.018009,-18.573464,-28.385271
396,-21.011479,-18.428188,-28.413334
397,-20.992118,-18.543475,-28.386855
398,-21.126242,-18.518692,-28.395872
399,-21.094773,-18.518614,-28.340263
400,-21.040922,-18.630058,-28.293571
401,-21.038115,-18.517921,-28.333425
402,-21.081802,-18.582697,-28.286433
403,-20.938222,-18.608305,-28.314884
404,-20.970309,-18.578807,-28.191373
405,-21.035016,-18.611487,-28.109328
406,-21.039070,-18.628866,-28.202601
407,-21.140960,-18.647219,-28.161267
408,-21.133816,-18.699237,-28.044315
409,-21.153374,-18.661383,-28.049657
410,-21.280882,-18.695761,-28.098665
411,-21.271468,-18.683057,-28.025287
412,-21.122275,-18.719543,-27.956952
413,-21.061064,-18.719041,-27.980739
414,-21.134740,-18.658265,-27.911820
415,-21.120808,-18.662601,-27.887662
416,-21.141646,-18.686718,-27.966858
417,-21.233560,-18.684498,-27.923693
418,-21.127036,-18.694462,-27.786510
419,-21.211093,-18.793030,-27.860146
420,-21.229115,-18.773646,-27.821185
421,-21.136676,-18.742282,-27.761945
422,-21.194979,-18.747734,-27.643767
423,-21.146791,-18.819502,-27.736559
424,-21.278607,-18.840808,-27.662716
425,-21.177424,-18.768827,-27.601800
426,-21.289731,-18.721947,-27.638502
427,-21.299674,-18.748507,-27.625585
428,-21.193348,-18.787928,-27.606425
429,-21.349834,-18.738973,-27.521340
430,-21.285929,-18.709353,-27.480415
431,-21.314062,-18.712914,-27.418186
432,-21.401239,-18.737798,-27.408514
433,-21.246193,-18.812384,-27.385293
434,-21.261086,-18.848123,-27.346279
435,-21.379168,-18.810538,-27.308172
436,-21.381366,-18.806200,-27.328496
437,-21.417329,-18.735250,-27.273205
438,-21.370553,-18.823785,-27.203467
439,-21.425634,-18.896496,-27.308563
440,-21.369169,-18.781084,-27.243806
441,-21.408294,-18.814141,-27.244730
442,-21.408425,-18.888249,-27.192745
443,-21.422227,-18.937497,-27.198847
444,-21.358966,-18.875955,-27.227098
445,-21.349082,-18.861836,-27.174155
446,-21.555139,-18.819562,-27.121581
447,-21.441162,-18.909191,-27.108180
448,-21.457133,-18.913549,-27.146035
449,-21.414717,-18.846541,-26.989397
450,-21.324126,-18.941528,-26.987146
451,-21.393713,-18.888355,-26.988907
452,-21.476894,-18.892930,-26.977018
453,-21.442395,-18.866392,-27.018701
454,-21.407647,-18.914279,-26.906683
455,-21.395352,-18.901543,-26.870462
456,-21.567914,-18.843721,-26.819775
457,-21.595898,-18.956857,-26.754569
458,-21.493604,-18.967142,-26.733636
459,-21.542269,-18.930001,-26.715220
460,-21.563966,-19.010970,-26.685243
461,-21.534980,-19.006578,-26.564747
462,-21.515881,-18.961221,-26.622429
463,-21.625829,-18.958988,-26.645137
464,-21.581260,-18.984037,-26.565583
465,-21.556789,-18.952024,-26.571408
466,-21.548933,-18.963212,-26.582071
467,-21.707656,-18.918178,-26.512203
468,-21.534636,-18.973197,-26.389403
469,-21.611889,-19.045020,-26.412997
470,-21.574888,-19.069496,-26.371358
471,-21.601135,-18.996742,-26.361802
472,-21.644358,-18.962513,-26.277497
473,-21.577498,-19.075036,-26.284201
474,-21.488687,-19.017326,-26.367779
475,-21.485506,-19.031753,-26.348085
476,-21.596558,-18.946453,-26.242502
477,-21.475571,-19.073110,-26.279811
478,-21.590491,-18.990309,-26.226079
479,-21.550267,-18.943378,-26.247663
480,-21.600441,-18.940892,-26.216389
481,-21.593247,-19.054586,-26.138693
482,-21.768730,-19.143823,-26.176833
483,-21.707669,-19.085347,-26.088748
484,-21.628509,-19.076403,-26.152375
485,-21.713273,-19.096602,-26.054128
486,-21.671063,-19.148864,-25.921943
487,-21.700531,-19.180977,-25.982474
488,-21.624336,-19.012830,-25.957162
489,-21.628007,-19.065805,-26.006829
490,-21.565618,-19.073870,-25.990167
491,-21.564727,-19.089346,-25.870002
492,-21.700451,-19.120880,-25.890833
493,-21.646325,-19.066845,-25.859815
494,-21.646210,-19.101303,-25.884144
495,-21.589506,-19.092793,-25.856859
496,-21.625447,-19.101542,-25.895666
497,-21.706518,-19.153434,-25.769812
498,-21.698190,-19.234229,-25.828773
499,-21.727958,-19.224331,-25.823634
500,-21.741661,-19.105064,-25.716405
501,-21.629027,-19.095666,-25.616941
502,-21.656467,-19.043842,-25.584367
503,-21.782883,-19.124303,-25.635756
504,-21.823955,-19.190433,-25.610934
505,-21.740865,-19.237517,-25.558028
506,-21.809497,-19.166983,-25.662449
507,-21.861117,-19.159968,-25.617941
508,-21.696114,-19.148068,-25.594151
509,-21.767214,-19.095779,-25.600650
510,-21.858962,-19.076581,-25.542899
511,-21.728779,-19.077489,-25.586223
512,-21.840253,-19.067095,-25.511463
513,-21.817299,-19.100564,-25.535338
514,-21.710790,-19.122414,-25.462614
515,-21.784762,-19.104168,-25.519072
516,-21.888974,-19.103584,-25.399328
517,-21.772179,-19.133978,-25.451712
518,-21.838581,-19.100441,-25.384229
519,-21.798185,-19.159117,-25.423163
520,-21.806880,-19.209510,-25.374646
521,-21.839335,-19.210126,-25.355238
522,-21.865681,-19.194349,-25.283456
523,-21.885248,-19.173331,-25.281580
524,-21.914921,-19.162793,-25.417584
525,-21.944353,-19.173978,-25.416488
526,-21.959312,-19.172235,-25.367059
527,-22.001555,-19.070673,-25.313710
528,-21.845570,-19.126038,-25.264729
529,-21.966505,-19.141868,-25.242375
530,-21.875733,-19.162668,-25.221400
531,-21.905649,-19.154350,-25.207267
532,-21.919925,-19.168474,-25.252206
533,-21.944189,-19.195288,-25.186363
534,-22.019364,-19.142930,-25.166332
535,-22.041320,-19.110226,-25.159171
536,-22.044409,-19.221995,-25.136531
537,-22.023791,-19.207645,-25.161121
538,-21.876225,-19.140794,-25.153634
539,-21.989482,-19.144455,-25.153203
540,-21.896214,-19.153152,-25.131463
541,-21.858186,-19.169613,-25.026922
542,-21.960652,-19.172135,-25.084665
543,-22.002107,-19.245960,-25.020590
544,-22.060323,-19.166704,-25.077861
545,-21.955454,-19.258726,-25.045679
546,-21.824830,-19.237451,-25.041966
547,-21.935595,-19.232142,-25.039551
548,-21.984616,-19.225256,-24.959125
549,-21.808587,-19.379023,-25.026961
550,-21.816742,-19.249797,-25.037815
551,-21.927893,-19.297700,-25.012167
552,-21.951016,-19.256608,-24.932309
553,-21.982833,-19.222232,-24.965883
554,-21.901810,-19.235270,-24.988986
555,-21.908542,-19.268330,-24.920425
556,-21.939266,-19.189730,-24.951734
557,-22.008471,-19.238488,-24.859765
558,-22.047165,-19.156018,-24.897212
559,-22.005174,-19.203628,-24.896790
560,-21.977370,-19.232256,-24.895454
561,-21.889884,-19.191179,-24.862298
562,-21.953464,-19.132472,-24.864475
563,-22.015351,-19.161262,-24.832069
564,-22.004198,-19.139435,-24.788588
565,-22.056340,-19.107537,-24.822863
566,-21.926837,-19.229898,-24.741829
567,-22.103785,-19.142758,-24.792493
568,-22.153744,-19.185959,-24.820177
569,-22.062472,-19.250362,-24.687298
570,-21.988280,-19.342852,-24.729046
571,-21.991891,-19.289977,-24.693366
572,-22.090644,-19.238706,-24.709876
573,-22.078611,-19.241717,-24.720138
574,-22.062491,-19.174959,-24.642005
575,-22.061833,-19.259549,-24.613895
576,-22.078130,-19.199678,-24.623069
577,-22.029260,-19.257108,-24.624363
578,-22.139393,-19.256100,-24.629394
579,-22.151605,-19.269651,-24.585038
580,-22.090934,-19.233588,-24.549291
581,-22.085949,-19.299463,-24.577877
582,-22.011436,-19.269953,-24.553231
583,-22.149569,-19.371684,-24.505386
584,-22.122055,-19.347524,-24.516715
585,-22.115638,-19.342969,-24.491269
586,-22.196849,-19.335473,-24.531270
587,-22.171601,-19.255176,-24.504212
588,-22.066174,-19.321592,-24.469717
589,-21.970767,-19.356112,-24.401880
590,-22.113576,-19.241883,-24.445993
591,-22.114171,-19.328954,-24.522075
592,-22.116730,-19.327684,-24.474430
593,-22.005273,-19.168030,-24.459924
594,-22.050390,-19.178395,-24.482330
595,-22.076383,-19.237865,-24.410341
596,-21.987895,-19.137388,-24.415591
597,-22.079691,-19.264868,-24.376839
598,-22.042937,-19.141015,-24.364840
599,-22.065714,-19.262845,-24.336793
600,-22.116171,-19.240814,-24.315598
601,-21.998793,-19.380544,-24.314590
602,-22.053205,-19.323002,-24.240066
603,-22.061736,-19.313225,-24.389662
604,-22.167788,-19.238402,-24.357383
605,-22.039616,-19.168033,-24.316528
606,-22.133946,-19.222476,-24.367093
607,-22.139236,-19.193020,-24.347022
608,-22.129132,-19.251804,-24.280516
609,-22.086154,-19.211524,-24.300995
610,-22.142960,-19.279916,-24.306659
611,-22.096733,-19.180524,-24.277628
612,-22.055229,-19.199054,-24.291960
613,-22.096696,-19.291155,-24.290600
614,-22.120118,-19.277613,-24.167532
615,-22.189676,-19.119723,-24.229560
616,-22.090885,-19.165680,-24.238488
617,-22.036321,-19.191514,-24.229479
618,-22.018849,-19.228687,-24.152749
619,-22.003550,-19.188568,-24.188617
620,-22.159526,-19.240414,-24.175784
621,-22.177353,-19.274560,-24.144177
622,-22.160162,-19.257213,-24.190084
623,-22.138583,-19.217014,-24.147548
624,-22.016432,-19.174340,-24.125694
625,-22.147819,-19.197312,-24.078257
626,-22.002456,-19.204623,-24.020210
627,-22.088153,-19.214667,-23.973468
628,-22.071851,-19.201703,-24.040709
629,-22.161424,-19.181212,-24.013456
630,-22.097870,-19.232035,-23.931317
631,-22.090233,-19.225714,-24.023198
632,-22.114160,-19.242853,-24.029133
633,-22.020784,-19.191923,-24.008851
634,-22.085014,-19.293741,-23.963435
635,-22.013208,-19.199885,-23.942056
636,-21.994503,-19.204731,-23.962437
637,-22.014918,-19.121021,-23.910894
638,-22.035062,-19.092861,-23.859609
639,-22.141885,-19.192481,-23.883365
640,-22.063207,-19.200074,-23.948702
641,-22.034677,-19.147476,-23.906405
642,-22.100076,-19.238772,-23.919228
643,-22.113417,-19.120810,-23.907683
644,-22.104578,-19.111803,-23.875042
645,-22.089533,-19.173535,-23.824868
646,-21.955532,-19.156066,-23.883930
647,-22.100380,-19.154331,-23.804453
648,-21.994828,-19.167032,-23.858007
649,-22.044777,-19.142710,-23.927024
650,-22.087644,-19.157532,-23.892340
651,-22.122229,-19.191722,-23.818216
652,-22.102948,-19.143077,-23.730673
653,-22.121417,-19.154839,-23.750078
654,-22.060854,-19.192822,-23.820995
655,-21.913115,-19.194931,-23.730081
656,-22.068316,-19.166665,-23.753430
657,-21.996310,-19.087901,-23.770330
658,-22.009152,-19.223021,-23.738589
659,-22.058484,-19.222982,-23.702642
660,-22.048055,-19.160184,-23.614547
661,-22.083373,-19.272309,-23.681655
662,-22.057006,-19.230634,-23.688467
663,-22.080176,-19.129167,-23.636066
664,-22.022845,-19.175678,-23.656072
665,-22.174046,-19.087456,-23.648964
666,-22.102715,-19.075500,-23.646582
667,-22.145744,-19.201242,-23.654301
668,-22.083718,-19.190755,-23.634200
669,-22.227762,-19.052910,-23.634856
670,-22.158421,-19.151296,-23.675697
671,-22.062744,-19.065267,-23.712641
672,-22.042753,-19.131290,-23.712570
673,-22.028232,-19.074730,-23.662912
674,-22.046216,-19.122125,-23.691139
675,-22.048506,-19.117850,-23.640217
676,-22.071188,-19.135510,-23.610267
677,-22.033773,-19.119103,-23.667576
678,-21.999332,-19.104476,-23.688078
679,-22.029586,-19.132167,-23.642019
680,-22.111159,-19.127560,-23.627479
681,-22.012276,-19.082980,-23.580318
682,-21.972305,-19.094212,-23.590250
683,-22.037630,-19.129510,-23.626319
684,-22.096451,-19.090418,-23.524787
685,-22.035821,-19.029161,-23.585146
686,-22.071985,-19.064025,-23.565120
687,-21.946877,-19.064226,-23.575416
688,-22.060707,-19.022675,-23.603385
689,-22.166024,-19.041307,-23.576417
690,-22.068545,-19.096816,-23.555030
691,-22.004406,-19.050769,-23.553348
692,-22.097635,-19.077593,-23.519290
693,-22.059861,-19.074223,-23.530086
694,-22.006463,-19.070056,-23.533814
695,-22.063925,-18.990581,-23.530938
696,-22.023417,-18.997733,-23.472729
697,-22.122004,-18.931446,-23.475420
698,-22.087360,-18.902268,-23.498707
699,-22.015928,-18.867183,-23.421864
700,-22.153212,-18.964539,-23.458246
701,-22.180009,-18.999880,-23.397981
702,-22.203006,-18.937618,-23.397065
703,-22.101179,-18.933897,-23.413993
704,-22.005007,-18.916287,-23.380948
705,-22.031054,-18.898786,-23.433939
706,-22.056922,-18.926915,-23.345297
707,-22.163045,-18.898853,-23.417994
708,-22.168700,-18.918332,-23.460883
709,-22.141511,-18.889029,-23.416761
710,-22.166287,-18.881835,-23.405299
711,-22.083173,-18.785703,-23.314257
712,-22.107687,-18.730996,-23.308283
713,-22.148121,-18.801866,-23.305539
714,-22.260722,-18.826824,-23.344648
715,-22.086725,-18.791847,-23.241763
716,-22.137063,-18.861648,-23.286492
717,-22.160495,-18.852469,-23.268861
718,-22.156904,-18.862758,-23.325478
719,-22.198852,-18.808651,-23.313146
720,-22.160286,-18.790996,-23.276333
721,-22.166760,-18.780338,-23.241198
722,-22.238787,-18.772089,-23.309426
723,-22.106264,-18.845187,-23.276319
724,-22.261575,-18.874169,-23.217056
725,-22.187975,-18.888148,-23.254992
726,-22.249488,-18.876160,-23.229541
727,-22.148372,-18.882985,-23.201051
728,-22.187201,-18.887688,-23.206899
729,-22.242659,-18.893236,-23.194890
730,-22.251842,-18.839804,-23.211855
731,-22.261120,-18.781781,-23.199075
732,-22.222352,-18.713453,-23.214965
733,-22.279136,-18.707163,-23.237047
734,-22.096768,-18.737170,-23.213856
735,-22.180149,-18.801952,-23.150104
736,-22.272638,-18.736051,-23.142577
737,-22.371697,-18.801490,-23.089039
738,-22.188806,-18.736652,-23.184971
739,-22.273744,-18.700483,-23.113013
740,-22.248262,-18.715306,-23.094965
741,-22.236975,-18.758194,-23.085817
742,-22.202484,-18.675011,-23.127790
743,-22.278958,-18.711576,-23.108702
744,-22.396553,-18.704707,-23.180031
745,-22.311554,-18.721248,-23.101556
746,-22.302831,-18.707890,-23.103844
747,-22.299747,-18.760299,-23.100033
748,-22.251172,-18.671800,-23.099545
749,-22.348266,-18.692068,-23.089613
750,-22.253508,-18.683958,-23.135283
751,-22.260135,-18.706168,-23.034486
752,-22.284578,-18.646752,-23.063759
753,-22.334226,-18.639072,-23.085788
754,-22.257264,-18.683477,-23.063753
755,-22.181433,-18.708485,-23.058124
756,-22.309957,-18.703405,-23.053072
757,-22.260595,-18.743308,-23.062070
758,-22.264941,-18.710168,-23.065316
759,-22.398380,-18.688533,-23.093962
760,-22.337851,-18.708949,-22.966292
761,-22.292735,-18.685577,-22.895000
762,-22.339147,-18.690635,-22.960424
763,-22.325453,-18.707911,-22.954894
764,-22.356399,-18.748899,-22.990031
765,-22.306041,-18.678770,-22.955642
766,-22.432748,-18.694182,-22.930163
767,-22.387767,-18.673948,-22.911131
768,-22.361592,-18.684580,-22.882663
769,-22.291560,-18.692958,-22.855580
770,-22.309688,-18.716143,-22.898116
771,-22.254239,-18.699746,-22.940612
772,-22.309777,-18.726111,-22.864517
773,-22.341226,-18.675664,-22.857189
774,-22.401828,-18.704848,-22.912269
775,-22.329455,-18.761156,-22.862791
776,-22.395680,-18.704096,-22.829042
777,-22.390189,-18.738904,-22.832828
778,-22.356452,-18.694452,-22.879221
779,-22.360230,-18.752745,-22.875151
780,-22.347397,-18.742558,-22.804169
781,-22.272819,-18.738285,-22.787821
782,-22.430123,-18.770518,-22.808062
783,-22.357512,-18.842541,-22.843082
784,-22.196559,-18.785484,-22.816797
785,-22.270953,-18.837322,-22.796421
786,-22.267048,-18.816219,-22.784111
787,-22.274039,-18.823365,-22.764818
788,-22.367180,-18.855039,-22.763847
789,-22.446600,-18.780775,-22.781187
790,-22.433926,-18.798380,-22.794833
791,-22.338081,-18.823584,-22.790349
792,-22.302615,-18.823027,-22.721131
793,-22.274280,-18.812525,-22.706915
794,-22.274381,-18.852704,-22.707857
795,-22.231559,-18.856798,-22.725535
796,-22.221098,-18.823272,-22.632023
797,-22.342624,-18.806700,-22.647949
798,-22.357028,-18.759099,-22.669964
799,-22.316168,-18.756870,-22.663005
800,-22.396963,-18.756263,-22.657596
801,-22.359266,-18.879273,-22.610827
802,-22.323396,-18.852963,-22.659176
803,-22.234624,-18.870985,-22.639275
804,-22.222703,-18.805815,-22.631599
805,-22.169516,-18.823638,-22.643734
806,-22.292945,-18.834909,-22.677545
807,-22.282734,-18.888061,-22.658515
808,-22.302791,-18.851192,-22.598748
809,-22.230868,-18.879598,-22.624924
810,-22.292307,-18.858627,-22.614105
811,-22.253704,-18.875729,-22.607855
812,-22.333578,-18.822658,-22.616228
813,-22.249957,-18.825030,-22.593148
814,-22.232790,-18.797435,-22.568073
815,-22.246981,-18.766308,-22.579564
816,-22.256057,-18.795530,-22.525026
817,-22.220057,-18.833983,-22.557891
818,-22.225495,-18.889673,-22.556441
819,-22.351122,-18.883786,-22.518137
820,-22.387142,-18.872711,-22.545295
821,-22.278552,-18.859845,-22.563674
822,-22.293654,-18.903194,-22.563020
823,-22.383305,-18.854486,-22.549508
824,-22.313993,-18.843522,-22.589669
825,-22.312609,-18.898665,-22.609331
826,-22.370645,-18.867443,-22.451063
827,-22.376532,-18.923051,-22.500684
828,-22.328894,-18.897350,-22.479807
829,-22.320832,-18.911695,-22.447347
830,-22.107410,-18.926998,-22.508312
831,-22.090908,-18.944268,-22.499790
832,-22.117040,-18.869092,-22.446694
833,-22.198702,-18.871452,-22.447809
834,-22.311453,-18.875159,-22.487726
835,-22.351090,-18.926635,-22.455571
836,-22.270003,-18.939264,-22.425662
837,-22.323491,-18.916128,-22.466552
838,-22.213679,-18.965268,-22.483866
839,-22.293966,-18.970547,-22.458399
840,-22.276604,-18.984946,-22.452514
841,-22.252782,-18.955486,-22.391535
842,-22.245010,-18.952512,-22.390361
843,-22.186573,-18.897560,-22.409132
844,-22.237897,-18.882404,-22.357150
845,-22.239572,-18.944901,-22.362781
846,-22.162089,-18.970762,-22.336669
847,-22.189091,-18.950747,-22.333059
848,-22.251401,-18.912277,-22.391933
849,-22.324841,-18.948539,-22.322225
850,-22.354440,-18.988475,-22.384149
851,-22.246728,-18.990548,-22.418004
852,-22.319725,-18.914892,-22.441016
853,-22.254134,-18.993895,-22.396684
854,-22.340301,-18.972429,-22.389461
855,-22.261195,-18.987286,-22.307468
856,-22.225056,-18.990607,-22.339836
857,-22.263994,-18.963629,-22.355774
858,-22.305384,-18.995058,-22.354673
859,-22.211307,-19.030190,-22.364724
860,-22.071138,-19.040154,-22.344561
861,-22.249571,-19.074605,-22.309766
862,-22.235026,-19.008756,-22.363048
863,-22.124114,-19.081877,-22.352077
864,-22.093184,-19.154582,-22.309473
865,-22.168736,-19.056074,-22.322580
866,-22.240508,-19.065221,-22.349307
867,-22.195369,-19.041548,-22.336497
868,-22.135355,-19.029114,-22.280524
869,-22.176509,-19.022824,-22.278766
870,-22.159909,-18.987718,-22.293163
871,-22.183624,-19.008858,-22.304994
872,-22.181824,-19.104928,-22.294189
873,-22.288203,-19.073528,-22.266122
874,-22.232780,-19.069469,-22.277347
875,-22.161833,-19.062646,-22.331122
876,-22.296264,-19.092240,-22.258539
877,-22.239673,-19.022725,-22.225438
878,-22.245462,-19.058685,-22.228589
879,-22.240876,-19.014255,-22.283644
880,-22.272604,-19.051055,-22.255553
881,-22.206441,-19.051575,-22.237042
882,-22.332277,-19.083558,-22.227766
883,-22.152125,-19.037712,-22.276074
884,-22.243498,-19.034524,-22.253838
885,-22.151364,-19.057181,-22.286606
886,-22.274872,-19.048846,-22.272227
887,-22.220747,-19.014498,-22.285262
888,-22.140841,-18.988443,-22.303939
889,-22.300475,-18.992601,-22.281227
890,-22.264130,-19.038791,-22.282817
891,-22.141473,-19.026761,-22.264020
892,-22.185039,-18.985730,-22.242372
893,-22.004579,-18.984182,-22.235324
894,-22.119837,-19.039902,-22.278209
895,-22.054213,-19.076028,-22.258435
896,-22.042987,-19.062364,-22.274209
897,-22.167601,-19.103122,-22.228983
898,-22.142950,-19.076239,-22.228172
899,-22.148651,-19.091384,-22.291178
900,-22.048674,-19.098169,-22.254108
901,-22.033519,-19.062427,-22.279922
902,-22.109670,-19.140217,-22.277800
903,-22.058291,-19.166796,-22.220885
904,-22.198469,-19.147650,-22.220918
905,-22.049716,-19.125529,-22.167897
906,-22.110492,-19.131505,-22.230415
907,-22.069476,-19.143223,-22.175854
908,-22.082674,-19.159828,-22.174223
909,-22.044117,-19.175799,-22.162593
910,-22.069028,-19.177800,-22.144420
911,-22.070083,-19.204596,-22.184027
912,-22.067757,-19.160160,-22.187089
913,-21.975787,-19.190381,-22.227698
914,-21.998228,-19.192576,-22.195197
915,-21.969597,-19.160175,-22.175662
916,-21.927230,-19.191564,-22.203705
917,-21.794397,-19.184609,-22.165752
918,-21.934813,-19.097731,-22.157047
919,-22.065741,-19.075536,-22.183964
920,-22.021399,-19.120297,-22.162644
921,-21.827125,-19.144251,-22.146001
922,-21.956663,-19.112419,-22.148466
923,-22.054347,-19.149382,-22.200183
924,-21.864225,-19.088890,-22.147766
925,-21.876193,-19.132024,-22.190087
926,-21.851284,-19.191402,-22.160138
927,-21.936064,-19.189750,-22.180318
928,-21.981973,-19.218739,-22.113348
929,-21.802216,-19.243420,-22.121717
930,-21.984725,-19.217920,-22.136223
931,-21.938541,-19.172023,-22.125413
932,-21.894561,-19.204347,-22.120501
933,-21.824949,-19.152586,-22.144567
934,-21.890028,-19.144534,-22.176531
935,-21.835063,-19.165348,-22.193384
936,-21.861159,-19.148225,-22.219030
937,-21.939094,-19.144543,-22.198468
938,-21.753755,-19.187631,-22.237818
939,-21.977745,-19.182521,-22.168095
940,-21.848544,-19.268339,-22.186371
941,-21.961949,-19.205122,-22.128431
942,-21.908273,-19.209345,-22.095343
943,-21.915812,-19.223138,-22.122887
944,-21.953824,-19.189177,-22.174624
945,-21.858228,-19.199816,-22.141084
946,-21.953032,-19.201225,-22.129508
947,-21.942108,-19.226088,-22.134453
948,-21.880480,-19.234689,-22.152281
949,-21.807777,-19.160396,-22.145774
950,-21.882708,-19.244497,-22.162844
951,-21.955770,-19.237620,-22.090210
952,-22.006250,-19.265425,-22.097169
953,-21.934736,-19.277736,-22.139464
954,-21.980283,-19.279968,-22.138499
955,-21.956552,-19.184389,-22.165634
956,-21.921055,-19.242801,-22.173672
957,-21.910913,-19.198163,-22.122702
958,-21.920181,-19.241098,-22.128487
959,-21.914269,-19.233117,-22.142086
960,-21.875408,-19.179283,-22.135680
961,-21.799281,-19.234771,-22.102125
962,-21.931896,-19.222301,-22.139625
963,-21.870309,-19.196075,-22.131852
964,-21.815839,-19.185617,-22.155905
965,-21.908170,-19.228999,-22.129418
966,-21.847127,-19.205932,-22.164834
967,-21.917748,-19.242793,-22.200198
968,-21.907643,-19.310771,-22.145006
969,-21.969341,-19.258390,-22.130563
970,-21.836743,-19.219911,-22.160164
971,-21.888918,-19.240284,-22.151333
972,-21.893518,-19.269147,-22.156580
973,-21.934403,-19.317182,-22.142933
974,-22.038546,-19.245466,-22.096614
975,-22.050967,-19.221483,-22.114797
976,-22.073775,-19.207195,-22.154951
977,-21.960939,-19.223474,-22.134585
978,-22.025545,-19.284957,-22.078319
979,-21.891895,-19.257177,-22.111124
980,-21.982172,-19.279804,-22.070786
981,-22.024246,-19.317949,-22.039086
982,-21.863914,-19.306215,-22.043516
983,-21.850324,-19.258600,-22.043067
984,-21.971386,-19.314801,-22.126247
985,-21.857569,-19.275057,-22.076080
986,-21.909108,-19.300714,-22.074487
987,-21.979374,-19.373842,-22.091989
988,-21.935508,-19.334715,-22.063264
989,-21.996064,-19.272890,-22.093943
990,-21.968702,-19.301152,-22.122570
991,-21.872465,-19.332420,-22.096854
992,-21.989880,-19.331484,-22.093135
993,-21.913996,-19.291335,-22.055436
994,-21.837006,-19.341814,-22.060249
995,-21.887466,-19.320529,-22.016282
996,-21.919252,-19.341070,-22.031633
997,-21.871214,-19.341558,-22.025383
998,-21.888187,-19.297512,-22.020299
999,-21.835059,-19.317319,-22.039277
1000,-21.908462,-19.379244,-22.028540
