Epoch,chi_Mean_0.235,chi_Mean_0.94,chi_Mean_3.76
1,-67.971947,-58.547693,-80.002120
2,-49.687678,-42.166766,-62.311783
3,-39.426439,-32.854918,-56.281364
4,-32.838110,-27.540283,-53.442832
5,-30.229332,-26.810370,-51.763689
6,-33.631873,-27.952820,-50.779691
7,-35.446162,-28.085794,-50.190030
8,-36.041918,-27.731459,-49.876722
9,-35.667840,-27.052162,-49.865536
10,-34.834372,-26.466275,-49.639150
11,-33.940904,-25.951608,-49.626021
12,-32.328433,-25.272557,-49.506432
13,-30.628605,-24.462670,-49.610469
14,-29.079922,-24.035745,-49.305258
15,-27.711698,-23.585151,-49.376024
16,-26.436865,-23.275242,-49.228322
17,-25.254735,-22.881451,-49.291919
18,-24.465695,-22.589503,-49.177451
19,-23.808752,-22.190534,-49.077207
20,-23.103964,-21.997047,-49.004322
21,-22.544369,-21.836243,-49.065720
22,-21.927572,-21.628449,-49.081601
23,-21.408409,-21.381103,-48.890175
24,-21.172961,-21.312687,-48.901365
25,-20.929583,-21.247090,-48.686786
26,-20.760874,-21.057455,-48.703788
27,-20.542858,-20.973628,-48.552868
28,-20.408238,-20.978166,-48.513686
29,-20.327761,-20.873536,-48.394389
30,-20.242775,-20.815220,-48.244770
31,-20.130153,-20.758270,-48.080513
32,-20.071358,-20.639311,-47.859012
33,-20.067071,-20.576340,-47.855625
34,-19.981371,-20.579112,-47.943251
35,-19.977710,-20.518986,-47.920971
36,-19.917449,-20.463201,-47.870015
37,-19.836388,-20.389176,-47.855548
38,-19.742343,-20.375624,-47.818646
39,-19.705649,-20.321325,-47.763707
40,-19.714857,-20.186138,-47.704400
41,-19.670589,-20.146413,-47.669442
42,-19.666549,-20.131424,-47.779876
43,-19.654932,-20.101446,-47.483865
44,-19.600475,-20.140072,-47.531334
45,-19.661275,-19.999784,-47.563102
46,-19.590334,-19.986801,-47.377106
47,-19.592216,-19.953481,-47.428765
48,-19.636512,-19.947401,-47.331198
49,-19.577180,-19.898617,-47.324931
50,-19.596024,-19.865815,-47.249857
51,-19.509792,-19.861265,-47.024935
52,-19.501123,-19.841069,-46.989093
53,-19.434992,-19.731974,-47.028617
54,-19.386311,-19.791996,-46.870905
55,-19.389137,-19.807760,-46.761121
56,-19.344380,-19.795065,-46.790560
57,-19.372454,-19.773036,-46.599145
58,-19.312294,-19.713055,-46.549512
59,-19.331870,-19.699109,-46.321238
60,-19.388270,-19.629292,-46.262707
61,-19.365399,-19.656591,-46.002238
62,-19.282014,-19.655228,-45.924966
63,-19.275153,-19.651058,-45.687856
64,-19.309791,-19.575164,-45.601167
65,-19.246249,-19.563570,-45.472119
66,-19.296590,-19.533501,-45.335747
67,-19.292282,-19.451373,-45.222213
68,-19.330933,-19.568691,-45.173367
69,-19.291884,-19.412821,-45.119863
70,-19.363248,-19.463889,-44.901998
71,-19.297208,-19.485942,-44.854556
72,-19.346458,-19.582534,-44.625231
73,-19.305828,-19.452734,-44.606942
74,-19.352834,-19.359837,-44.471520
75,-19.352561,-19.390486,-44.394905
76,-19.346318,-19.502241,-44.225250
77,-19.383901,-19.479948,-44.034422
78,-19.359876,-19.439433,-43.899346
79,-19.432520,-19.384348,-43.661489
80,-19.360375,-19.358926,-43.652196
81,-19.316897,-19.416701,-43.533663
82,-19.284025,-19.420881,-43.367066
83,-19.310337,-19.351521,-43.345413
84,-19.331561,-19.437440,-43.059560
85,-19.381988,-19.407687,-42.926298
86,-19.306523,-19.477625,-42.819363
87,-19.313104,-19.591799,-42.531324
88,-19.317566,-19.500343,-42.421530
89,-19.345637,-19.542503,-42.434671
90,-19.343147,-19.553171,-42.232229
91,-19.297130,-19.497379,-42.102058
92,-19.328866,-19.468827,-42.057970
93,-19.392200,-19.449100,-42.018229
94,-19.394925,-19.491643,-41.803342
95,-19.359433,-19.421292,-41.696662
96,-19.397371,-19.394540,-41.631835
97,-19.378062,-19.459087,-41.562517
98,-19.355784,-19.440687,-41.305568
99,-19.447425,-19.451012,-41.181667
100,-19.449490,-19.351748,-41.146834
101,-19.394812,-19.381140,-41.000809
102,-19.428183,-19.381493,-40.859088
103,-19.457539,-19.365512,-40.724058
104,-19.380839,-19.358828,-40.778460
105,-19.388691,-19.401597,-40.476939
106,-19.410703,-19.371129,-40.479850
107,-19.386128,-19.320167,-40.447406
108,-19.427006,-19.332298,-40.166020
109,-19.450495,-19.304865,-40.068525
110,-19.436270,-19.418053,-39.919101
111,-19.494102,-19.451507,-39.896186
112,-19.588206,-19.373613,-39.809629
113,-19.640162,-19.437047,-39.850569
114,-19.630097,-19.468067,-39.768418
115,-19.594679,-19.419783,-39.684957
116,-19.586290,-19.397515,-39.724350
117,-19.555079,-19.445420,-39.721436
118,-19.602229,-19.412885,-39.638130
119,-19.577914,-19.450854,-39.399560
120,-19.603749,-19.402998,-39.490785
121,-19.626592,-19.446468,-39.389527
122,-19.669797,-19.425323,-39.285315
123,-19.624628,-19.478270,-39.290148
124,-19.667253,-19.500437,-39.204726
125,-19.677889,-19.429549,-39.157579
126,-19.683312,-19.409223,-39.190600
127,-19.709668,-19.396229,-39.006259
128,-19.708969,-19.389670,-38.929658
129,-19.658310,-19.449148,-38.864688
130,-19.678650,-19.474713,-38.753046
131,-19.685134,-19.510809,-38.656852
132,-19.705092,-19.459861,-38.671083
133,-19.678965,-19.492631,-38.673174
134,-19.740166,-19.459435,-38.720413
135,-19.679529,-19.470547,-38.763923
136,-19.751403,-19.452818,-38.690818
137,-19.661749,-19.508203,-38.640125
138,-19.723083,-19.483801,-38.559408
139,-19.733797,-19.480070,-38.484160
140,-19.688972,-19.550329,-38.416087
141,-19.690387,-19.519693,-38.451276
142,-19.782778,-19.516788,-38.308572
143,-19.765146,-19.447090,-38.118226
144,-19.783741,-19.524700,-38.146232
145,-19.777772,-19.547796,-38.053170
146,-19.786787,-19.547964,-38.064821
147,-19.868467,-19.516366,-37.943933
148,-19.741725,-19.598168,-37.982902
149,-19.628996,-19.589322,-38.017805
150,-19.661012,-19.587766,-37.863965
151,-19.651987,-19.582337,-37.811567
152,-19.638902,-19.565237,-37.838620
153,-19.618546,-19.539866,-37.784060
154,-19.632454,-19.606570,-37.576878
155,-19.562061,-19.570283,-37.544250
156,-19.575149,-19.628432,-37.556179
157,-19.500911,-19.645806,-37.569353
158,-19.461922,-19.590569,-37.606012
159,-19.614624,-19.572896,-37.511003
160,-19.564764,-19.580964,-37.390277
161,-19.565799,-19.691116,-37.294024
162,-19.569041,-19.724891,-37.309881
163,-19.552923,-19.633839,-37.318184
164,-19.521049,-19.697383,-37.233279
165,-19.543660,-19.674712,-37.081321
166,-19.534150,-19.706208,-37.134282
167,-19.465095,-19.745751,-37.231337
168,-19.552955,-19.730766,-37.042085
169,-19.508100,-19.719305,-37.167836
170,-19.562505,-19.729233,-37.137738
171,-19.612452,-19.760004,-37.046889
172,-19.673257,-19.807897,-37.049839
173,-19.627006,-19.759012,-36.980214
174,-19.642958,-19.754933,-36.979159
175,-19.668996,-19.789373,-36.879614
176,-19.672014,-19.828484,-36.806721
177,-19.666633,-19.863389,-36.808496
178,-19.630680,-19.848343,-36.917773
179,-19.601786,-19.796618,-36.903648
180,-19.624252,-19.861952,-36.701324
181,-19.670935,-19.844611,-36.610011
182,-19.666130,-19.919067,-36.651326
183,-19.618716,-19.890387,-36.522798
184,-19.683794,-19.852446,-36.469525
185,-19.631760,-19.874260,-36.477738
186,-19.630285,-19.949207,-36.508741
187,-19.571152,-19.951606,-36.439258
188,-19.516318,-19.954823,-36.479514
189,-19.582976,-19.878067,-36.371141
190,-19.571683,-19.883216,-36.287915
191,-19.604431,-19.920171,-36.411763
192,-19.668187,-19.886541,-36.381568
193,-19.653072,-19.983703,-36.352446
194,-19.756288,-19.896705,-36.350845
195,-19.650352,-19.895486,-36.289755
196,-19.668498,-20.019223,-36.172677
197,-19.663225,-20.049291,-36.171622
198,-19.706614,-20.080970,-36.218819
199,-19.702911,-20.015191,-36.341605
200,-19.765634,-20.008225,-36.261315
201,-19.751383,-19.982993,-36.303641
202,-19.722997,-19.931588,-36.249764
203,-19.803139,-19.991514,-36.071140
204,-19.781547,-20.059495,-35.820797
205,-19.801696,-20.029941,-36.074700
206,-19.736491,-20.034503,-35.973145
207,-19.879746,-20.001673,-35.987155
208,-19.813908,-20.052621,-35.873181
209,-19.839221,-20.054803,-35.823512
210,-19.918840,-20.052943,-35.881156
211,-19.928248,-20.021646,-35.890349
212,-19.847205,-20.145896,-35.796781
213,-19.845803,-20.025626,-35.836461
214,-19.889283,-20.106879,-35.732158
215,-19.853555,-20.161799,-35.715334
216,-19.841253,-20.141542,-35.654045
217,-19.867259,-20.102554,-35.753771
218,-19.853750,-20.153344,-35.555742
219,-19.875594,-20.245172,-35.491347
220,-19.880339,-20.209894,-35.444637
221,-19.932227,-20.186934,-35.418511
222,-19.917780,-20.201556,-35.461904
223,-19.922375,-20.198597,-35.402915
224,-19.956547,-20.292578,-35.422180
225,-19.952474,-20.259477,-35.296511
226,-19.952777,-20.259544,-35.318286
227,-19.923373,-20.234281,-35.281267
228,-19.962439,-20.164065,-35.300126
229,-20.045614,-20.262587,-35.155410
230,-20.044231,-20.281468,-35.194357
231,-20.165069,-20.321828,-35.230377
232,-20.123422,-20.315832,-35.203187
233,-20.094113,-20.273512,-35.273652
234,-20.112839,-20.254138,-35.233496
235,-20.093194,-20.319183,-35.208874
236,-20.209394,-20.320165,-35.199632
237,-20.204366,-20.359681,-35.206178
238,-20.156008,-20.342604,-35.234237
239,-20.112924,-20.472809,-35.102224
240,-20.182808,-20.449417,-35.139629
241,-20.207182,-20.402480,-35.070777
242,-20.204701,-20.425784,-35.051115
243,-20.215516,-20.454547,-34.914123
244,-20.267726,-20.363916,-35.028570
245,-20.269858,-20.392830,-34.969741
246,-20.263400,-20.435239,-35.079524
247,-20.293047,-20.515463,-35.099552
248,-20.380486,-20.513167,-35.129864
249,-20.296976,-20.529744,-35.003636
250,-20.277074,-20.471094,-34.930969
251,-20.381345,-20.544729,-34.959802
252,-20.249822,-20.494967,-34.936046
253,-20.282241,-20.517291,-34.887555
254,-20.347098,-20.618310,-34.848041
255,-20.330108,-20.591137,-34.837635
256,-20.367076,-20.526251,-34.876425
257,-20.372311,-20.584811,-34.786863
258,-20.366097,-20.555822,-34.869296
259,-20.444606,-20.606576,-34.870970
260,-20.518602,-20.535642,-34.716754
261,-20.511131,-20.669484,-34.781376
262,-20.523105,-20.632330,-34.732018
263,-20.465880,-20.686404,-34.700064
264,-20.431497,-20.659596,-34.735142
265,-20.509897,-20.642835,-34.725847
266,-20.587863,-20.638042,-34.658035
267,-20.618327,-20.747088,-34.711007
268,-20.565593,-20.650839,-34.605578
269,-20.667045,-20.722768,-34.575296
270,-20.629365,-20.661075,-34.540118
271,-20.654431,-20.737344,-34.530804
272,-20.682111,-20.766853,-34.566024
273,-20.742441,-20.757364,-34.564360
274,-20.683839,-20.837074,-34.520994
275,-20.646341,-20.700629,-34.558208
276,-20.610300,-20.791682,-34.556423
277,-20.708161,-20.777998,-34.484104
278,-20.720564,-20.825964,-34.528329
279,-20.758672,-20.760388,-34.415475
280,-20.887495,-20.800137,-34.482802
281,-20.816469,-20.841662,-34.498872
282,-20.862573,-20.883812,-34.309254
283,-20.878151,-20.830837,-34.445006
284,-20.829003,-20.831341,-34.413736
285,-20.768923,-20.893791,-34.361821
286,-20.813026,-20.841568,-34.394937
287,-20.796141,-20.840538,-34.494747
288,-20.858367,-20.896548,-34.539942
289,-20.874730,-20.981534,-34.500892
290,-20.854820,-20.854564,-34.457384
291,-20.894609,-20.935611,-34.391823
292,-20.991203,-20.849642,-34.425959
293,-21.054475,-20.832660,-34.393491
294,-21.003614,-20.837602,-34.369496
295,-21.055722,-20.933798,-34.292635
296,-20.977832,-20.863771,-34.342493
297,-20.958450,-20.911437,-34.358266
298,-20.950092,-20.948643,-34.268357
299,-20.953199,-20.897248,-34.111791
300,-20.995249,-20.871824,-34.193615
301,-21.051970,-20.872768,-34.179332
302,-21.171861,-20.989194,-34.171302
303,-21.179654,-20.960969,-34.134490
304,-21.126557,-20.933226,-34.140705
305,-21.170937,-20.976622,-34.188659
306,-21.164520,-20.890199,-34.252170
307,-21.048492,-20.925835,-34.265748
308,-21.153652,-21.018429,-34.149600
309,-21.156364,-20.942760,-34.199747
310,-21.067535,-21.052214,-34.101214
311,-21.160456,-21.046537,-34.087449
312,-21.174722,-21.062930,-34.037594
313,-21.129266,-20.989430,-34.096324
314,-21.145003,-21.114891,-34.143330
315,-21.263161,-21.099375,-34.058040
316,-21.225349,-21.000940,-33.864370
317,-21.177860,-21.017844,-33.982296
318,-21.138882,-21.016646,-33.924029
319,-21.230145,-20.964484,-33.989956
320,-21.226889,-21.014169,-33.981818
321,-21.193632,-21.002807,-33.873900
322,-21.211140,-21.018975,-33.874631
323,-21.270292,-20.990050,-33.937655
324,-21.284059,-21.069981,-33.854182
325,-21.384334,-21.026499,-33.953591
326,-21.242808,-21.025402,-33.902892
327,-21.233756,-21.093895,-33.847496
328,-21.245172,-21.174460,-33.813020
329,-21.348332,-21.122388,-33.731813
330,-21.309785,-21.113549,-33.796913
331,-21.329691,-21.064243,-33.784021
332,-21.363965,-21.066331,-33.767130
333,-21.299437,-21.096398,-33.773225
334,-21.331683,-21.108174,-33.728887
335,-21.330245,-21.089045,-33.718038
336,-21.251853,-21.075335,-33.730905
337,-21.369417,-21.064803,-33.649036
338,-21.445360,-21.053102,-33.478692
339,-21.418195,-21.032425,-33.571631
340,-21.459230,-21.059128,-33.641173
341,-21.428409,-20.991787,-33.688813
342,-21.437077,-21.030861,-33.534395
343,-21.381554,-20.945019,-33.613679
344,-21.471360,-21.015335,-33.592935
345,-21.425038,-21.014050,-33.667756
346,-21.331524,-21.016875,-33.581368
347,-21.381421,-20.998359,-33.607616
348,-21.430430,-20.932858,-33.656766
349,-21.377196,-21.012416,-33.601859
350,-21.364582,-21.008917,-33.677992
351,-21.367018,-20.933804,-33.593612
352,-21.322504,-20.986376,-33.566025
353,-21.266038,-20.986694,-33.582514
354,-21.227205,-20.856690,-33.453511
355,-21.274472,-20.847034,-33.494268
356,-21.135114,-20.892146,-33.419451
357,-21.156739,-20.939703,-33.481175
358,-21.067897,-20.896122,-33.382353
359,-21.168879,-20.980430,-33.435640
360,-21.225207,-20.944729,-33.359408
361,-21.256514,-20.836883,-33.367369
362,-21.220280,-20.885906,-33.349529
363,-21.209610,-20.997072,-33.360269
364,-21.285950,-20.909116,-33.403885
365,-21.199736,-20.991455,-33.382909
366,-21.231453,-20.988293,-33.390470
367,-21.229725,-20.978896,-33.466399
368,-21.244999,-20.879750,-33.410354
369,-21.245625,-20.878792,-33.367467
370,-21.243666,-20.949282,-33.381852
371,-21.263486,-20.941003,-33.298561
372,-21.261812,-20.866767,-33.218095
373,-21.233065,-20.801546,-33.208220
374,-21.314988,-20.786577,-33.235299
375,-21.342506,-20.837959,-33.277604
376,-21.324446,-20.796340,-33.250039
377,-21.306785,-20.922353,-33.214160
378,-21.313223,-20.955816,-33.224872
379,-21.399463,-21.004592,-33.251592
380,-21.353900,-20.945420,-33.220833
381,-21.327012,-21.076699,-33.211975
382,-21.432512,-21.099230,-33.187101
383,-21.360745,-21.082161,-33.212338
384,-21.338552,-21.108297,-33.211175
385,-21.388179,-21.209063,-33.249214
386,-21.375438,-21.274371,-33.265434
387,-21.376649,-21.211596,-33.300172
388,-21.385082,-21.307360,-33.216014
389,-21.448907,-21.265108,-33.191224
390,-21.456338,-21.314040,-33.151645
391,-21.563956,-21.366980,-33.137462
392,-21.483852,-21.426028,-33.240962
393,-21.539752,-21.388929,-33.078035
394,-21.462990,-21.406119,-33.028744
395,-21.507282,-21.453192,-33.096418
396,-21.460184,-21.489875,-33.082878
397,-21.533145,-21.500549,-33.084758
398,-21.530088,-21.604360,-33.178123
399,-21.501133,-21.489303,-33.161762
400,-21.304996,-21.561212,-33.122372
401,-21.376164,-21.487829,-33.215203
402,-21.408360,-21.586969,-33.134451
403,-21.436255,-21.631837,-33.106620
404,-21.396194,-21.570503,-33.035441
405,-21.413317,-21.626930,-33.019567
406,-21.397750,-21.703722,-33.067309
407,-21.439919,-21.731829,-33.101934
408,-21.310440,-21.675252,-33.051936
409,-21.408773,-21.647037,-33.134661
410,-21.348494,-21.716754,-33.068796
411,-21.397602,-21.645721,-33.091799
412,-21.424006,-21.750598,-33.145121
413,-21.422277,-21.754786,-33.176236
414,-21.449196,-21.832976,-33.111475
415,-21.516385,-21.862529,-33.152612
416,-21.432010,-21.832764,-32.952248
417,-21.446004,-21.877593,-32.968206
418,-21.360165,-21.920223,-32.971856
419,-21.339308,-21.899814,-33.035999
420,-21.382265,-21.690587,-33.016579
421,-21.384320,-21.736350,-33.057133
422,-21.442307,-21.835520,-33.005567
423,-21.393755,-21.849879,-33.102013
424,-21.411205,-21.842601,-32.987102
425,-21.478259,-21.868731,-33.016272
426,-21.443420,-21.930346,-32.981085
427,-21.429830,-21.914144,-33.065619
428,-21.483599,-21.917876,-33.057643
429,-21.440412,-21.881379,-33.009103
430,-21.437211,-21.876159,-32.996567
431,-21.348548,-21.844866,-33.060876
432,-21.387857,-21.871258,-32.955328
433,-21.409290,-21.932935,-32.910840
434,-21.459920,-21.957535,-32.989357
435,-21.515138,-21.962721,-32.989774
436,-21.463818,-22.017383,-32.981640
437,-21.379729,-21.951508,-32.987722
438,-21.409623,-22.024614,-32.867742
439,-21.479449,-21.892460,-33.002493
440,-21.454815,-21.954038,-32.931650
441,-21.413469,-21.954909,-32.946687
442,-21.433057,-22.043693,-32.841906
443,-21.381699,-22.073603,-32.861942
444,-21.423285,-21.957709,-32.882462
445,-21.357167,-21.944026,-32.881478
446,-21.403393,-22.064468,-32.890870
447,-21.375886,-22.023525,-32.893679
448,-21.443948,-21.978860,-32.969969
449,-21.454015,-21.984600,-32.846658
450,-21.566825,-21.921047,-32.846171
451,-21.541810,-22.059838,-32.796458
452,-21.543048,-22.051433,-32.817205
453,-21.557319,-22.105865,-32.796606
454,-21.583678,-22.124616,-32.740154
455,-21.512486,-22.040432,-32.696371
456,-21.544337,-22.122701,-32.682179
457,-21.423712,-22.051492,-32.641162
458,-21.466045,-22.055978,-32.711221
459,-21.508890,-22.025253,-32.701218
460,-21.477953,-22.044070,-32.694904
461,-21.363759,-22.083027,-32.672128
462,-21.468616,-22.014540,-32.761547
463,-21.444555,-22.105320,-32.703731
464,-21.489871,-22.078117,-32.789162
465,-21.458225,-22.067327,-32.627207
466,-21.435308,-22.048157,-32.606604
467,-21.426519,-22.134427,-32.553989
468,-21.466583,-22.230954,-32.546308
469,-21.477630,-22.161966,-32.555529
470,-21.523213,-22.057903,-32.539012
471,-21.463758,-22.071130,-32.441920
472,-21.550781,-22.123738,-32.421013
473,-21.554263,-22.178797,-32.429252
474,-21.462192,-22.139808,-32.440980
475,-21.505200,-22.252040,-32.492277
476,-21.415945,-22.130073,-32.401395
477,-21.425160,-22.091465,-32.423228
478,-21.458280,-22.124579,-32.298995
479,-21.492935,-22.103965,-32.414111
480,-21.521340,-22.172110,-32.384115
481,-21.473447,-22.196212,-32.277494
482,-21.436709,-22.250928,-32.248686
483,-21.444168,-22.280126,-32.164108
484,-21.453953,-22.170131,-32.167082
485,-21.389301,-22.206248,-32.265016
486,-21.479982,-22.247412,-32.253338
487,-21.554293,-22.301415,-32.285379
488,-21.508107,-22.313822,-32.348347
489,-21.461047,-22.353760,-32.298550
490,-21.528333,-22.330608,-32.311037
491,-21.552571,-22.313047,-32.353632
492,-21.641490,-22.341275,-32.187758
493,-21.552957,-22.286171,-32.351029
494,-21.601217,-22.268842,-32.384264
495,-21.594288,-22.271648,-32.287524
496,-21.530840,-22.300534,-32.289824
497,-21.544808,-22.401110,-32.208453
498,-21.524460,-22.356185,-32.266843
499,-21.567990,-22.345652,-32.226257
500,-21.551340,-22.361936,-32.140211
501,-21.566202,-22.407243,-32.078165
502,-21.620816,-22.407958,-32.045776
503,-21.551697,-22.479196,-32.027040
504,-21.546892,-22.443633,-31.973337
505,-21.555804,-22.414555,-31.950865
506,-21.648063,-22.477476,-31.987998
507,-21.612738,-22.429912,-32.013588
508,-21.580234,-22.546687,-31.981361
509,-21.541655,-22.640574,-31.875013
510,-21.505993,-22.628547,-31.946401
511,-21.540857,-22.645137,-31.882750
512,-21.532855,-22.591556,-31.805230
513,-21.577045,-22.514408,-31.914785
514,-21.536944,-22.558635,-31.820490
515,-21.524794,-22.524103,-31.834477
516,-21.493126,-22.529313,-31.762944
517,-21.491391,-22.588936,-31.725561
518,-21.517482,-22.602622,-31.783328
519,-21.577489,-22.528095,-31.835545
520,-21.642348,-22.469628,-31.837673
521,-21.571569,-22.565146,-31.826560
522,-21.612926,-22.627509,-31.854439
523,-21.675292,-22.626642,-31.885600
524,-21.569224,-22.575156,-31.830799
525,-21.657933,-22.536419,-31.781843
526,-21.675836,-22.552251,-31.700974
527,-21.650112,-22.544516,-31.637861
528,-21.574376,-22.552216,-31.691247
529,-21.505221,-22.620299,-31.728762
530,-21.579505,-22.525704,-31.696449
531,-21.593738,-22.557342,-31.705301
532,-21.624629,-22.621040,-31.676580
533,-21.611932,-22.632287,-31.655596
534,-21.569765,-22.639119,-31.668844
535,-21.559957,-22.728292,-31.639970
536,-21.642369,-22.804665,-31.613037
537,-21.609969,-22.878642,-31.654483
538,-21.631287,-22.808473,-31.584254
539,-21.670885,-22.740099,-31.565447
540,-21.670991,-22.662082,-31.628265
541,-21.640689,-22.722821,-31.538261
542,-21.696967,-22.626424,-31.635712
543,-21.672216,-22.726389,-31.632826
544,-21.759068,-22.817389,-31.557683
545,-21.705141,-22.838114,-31.401365
546,-21.724971,-22.751491,-31.505250
547,-21.712605,-22.717230,-31.373496
548,-21.716604,-22.725725,-31.459195
549,-21.754700,-22.778603,-31.485654
550,-21.836850,-22.784317,-31.390794
551,-21.778341,-22.828189,-31.470068
552,-21.768537,-22.882409,-31.366995
553,-21.696279,-22.920320,-31.286544
554,-21.755588,-22.813542,-31.314252
555,-21.635793,-22.824731,-31.180462
556,-21.662244,-22.855382,-31.319532
557,-21.668155,-22.874375,-31.368209
558,-21.725913,-22.917939,-31.310791
559,-21.706132,-22.918581,-31.312076
560,-21.637154,-22.938678,-31.284341
561,-21.689451,-22.985625,-31.392847
562,-21.691606,-22.969640,-31.240852
563,-21.719230,-22.944028,-31.296136
564,-21.589830,-22.972157,-31.183481
565,-21.672620,-23.037952,-31.227747
566,-21.665166,-22.968845,-31.272494
567,-21.606703,-22.969552,-31.266483
568,-21.716204,-22.989259,-31.199728
569,-21.689654,-22.872309,-31.384521
570,-21.787240,-22.994269,-31.372297
571,-21.837815,-22.940831,-31.217650
572,-21.832826,-22.911888,-31.247666
573,-21.794704,-22.966451,-31.152181
574,-21.838007,-23.043839,-31.193829
575,-21.764687,-23.039128,-31.167426
576,-21.843716,-22.919505,-31.277724
577,-21.807707,-23.005874,-31.211330
578,-21.742686,-22.958278,-31.135700
579,-21.778319,-22.927398,-31.121020
580,-21.819406,-22.917430,-31.139573
581,-21.862242,-22.932077,-31.062682
582,-21.704973,-22.987212,-31.039222
583,-21.848888,-23.009784,-31.108406
584,-21.908754,-23.017475,-31.103156
585,-21.907096,-23.109431,-31.140231
586,-21.968064,-23.026049,-31.076937
587,-21.928941,-23.159223,-31.105993
588,-21.919358,-23.103276,-31.102851
589,-21.946210,-23.102837,-31.100852
590,-22.024661,-23.043142,-31.139412
591,-21.992397,-23.142210,-31.178386
592,-21.980033,-23.142091,-31.097990
593,-21.930326,-23.185930,-31.076600
594,-21.889422,-23.222340,-31.072065
595,-21.924947,-23.191206,-31.102385
596,-22.007585,-23.175778,-31.092854
597,-21.906670,-23.118551,-31.136036
598,-21.920357,-23.086921,-31.067864
599,-21.946599,-23.056346,-31.102962
600,-21.994447,-23.109924,-31.136200
601,-21.971133,-23.113417,-31.050513
602,-21.901871,-23.224534,-31.067965
603,-21.818320,-23.144904,-30.932308
604,-21.897727,-23.194677,-31.078467
605,-21.913463,-23.234497,-31.028579
606,-21.894647,-23.330809,-31.105706
607,-21.872814,-23.388307,-31.034744
608,-21.861605,-23.352538,-31.075740
609,-21.880012,-23.376257,-30.896872
610,-21.900257,-23.376916,-30.861755
611,-21.866252,-23.385950,-30.881042
612,-21.892712,-23.259782,-30.925747
613,-21.898441,-23.302744,-30.880468
614,-21.919055,-23.268655,-30.858205
615,-21.993140,-23.223201,-30.956007
616,-21.900710,-23.267952,-30.890693
617,-21.946094,-23.406266,-30.935451
618,-21.960064,-23.504043,-30.921625
619,-21.930953,-23.341204,-30.894270
620,-21.947679,-23.369537,-30.828730
621,-21.936892,-23.324625,-30.766298
622,-21.951317,-23.448333,-30.723074
623,-21.902339,-23.487004,-30.822390
624,-21.860498,-23.562212,-30.903257
625,-21.969117,-23.532414,-30.976142
626,-22.073715,-23.495294,-30.978796
627,-21.962149,-23.517417,-30.881499
628,-21.987643,-23.522650,-30.823847
629,-21.963839,-23.571993,-30.792014
630,-22.005483,-23.565115,-30.829028
631,-21.960021,-23.563627,-30.751637
632,-22.046691,-23.578756,-30.778823
633,-22.029158,-23.476116,-30.831858
634,-21.992041,-23.452764,-30.824662
635,-21.993722,-23.480844,-30.773211
636,-22.007569,-23.482101,-30.779285
637,-22.042811,-23.557520,-30.743147
638,-21.945972,-23.566624,-30.805396
639,-22.028263,-23.498792,-30.801008
640,-22.065918,-23.491003,-30.898726
641,-21.986515,-23.432745,-30.848244
642,-22.005763,-23.544898,-30.775966
643,-21.959560,-23.443482,-30.763010
644,-21.931527,-23.496345,-30.835522
645,-21.978932,-23.500061,-30.860761
646,-21.949218,-23.510242,-30.817273
647,-22.001563,-23.500600,-30.779439
648,-21.893362,-23.424087,-30.836354
649,-21.915979,-23.449341,-30.748665
650,-21.924130,-23.519148,-30.840011
651,-21.970041,-23.495302,-30.883909
652,-21.922748,-23.405651,-30.831367
653,-21.907752,-23.568605,-30.677530
654,-21.890692,-23.401651,-30.730167
655,-21.963630,-23.477984,-30.719143
656,-21.915569,-23.471024,-30.791675
657,-21.959869,-23.503748,-30.835061
658,-21.921488,-23.505563,-30.785904
659,-22.017025,-23.533498,-30.706993
660,-21.981676,-23.430455,-30.621224
661,-22.021022,-23.493026,-30.667394
662,-21.945335,-23.480346,-30.665351
663,-21.964811,-23.448804,-30.690665
664,-21.923677,-23.504843,-30.756684
665,-21.848863,-23.460357,-30.725382
666,-21.991631,-23.430136,-30.739405
667,-21.882952,-23.390588,-30.695964
668,-21.988650,-23.362865,-30.705109
669,-21.936602,-23.443499,-30.680845
670,-21.948057,-23.548615,-30.634122
671,-21.833249,-23.580562,-30.700914
672,-21.981858,-23.567836,-30.738818
673,-21.881839,-23.505647,-30.694124
674,-21.873483,-23.604273,-30.752572
675,-22.040622,-23.559918,-30.645085
676,-21.953578,-23.593992,-30.660991
677,-22.077530,-23.492193,-30.631362
678,-21.952933,-23.554260,-30.528033
679,-21.964293,-23.665903,-30.550260
680,-21.967579,-23.704674,-30.555051
681,-21.963263,-23.720632,-30.536248
682,-21.970671,-23.702600,-30.602892
683,-21.878658,-23.753262,-30.612249
684,-21.938887,-23.750938,-30.654276
685,-21.904060,-23.718883,-30.610844
686,-22.000496,-23.620884,-30.604513
687,-22.061660,-23.696601,-30.635682
688,-22.006049,-23.661422,-30.715947
689,-21.999144,-23.538035,-30.619674
690,-22.063045,-23.637678,-30.650389
691,-21.964034,-23.714173,-30.642196
692,-21.969298,-23.628146,-30.653745
693,-21.942070,-23.618987,-30.629624
694,-21.980807,-23.593923,-30.647210
695,-22.010577,-23.696906,-30.556870
696,-22.055599,-23.701723,-30.604002
697,-21.971302,-23.826814,-30.643223
698,-21.945984,-23.766744,-30.643036
699,-22.060622,-23.837260,-30.593676
700,-21.978109,-23.794623,-30.556524
701,-22.028584,-23.847601,-30.635190
702,-22.007585,-23.916195,-30.598662
703,-22.017781,-23.891514,-30.563750
704,-22.034150,-23.832320,-30.524288
705,-22.142283,-23.933409,-30.422943
706,-22.064305,-23.964211,-30.455205
707,-22.018947,-23.903149,-30.447776
708,-22.112354,-23.921294,-30.519657
709,-22.221076,-23.949612,-30.430085
710,-22.176066,-23.887832,-30.444297
711,-22.182579,-23.960341,-30.462562
712,-22.146676,-23.873475,-30.420079
713,-22.160657,-23.926884,-30.425702
714,-22.135886,-24.053448,-30.378096
715,-22.161751,-23.956845,-30.488120
716,-22.071038,-23.892866,-30.453019
717,-22.182248,-23.893529,-30.498588
718,-22.130975,-23.917763,-30.490359
719,-22.192799,-23.995831,-30.419485
720,-22.243690,-23.994704,-30.450687
721,-22.256063,-24.055490,-30.353023
722,-22.224485,-23.949831,-30.486322
723,-22.227802,-23.942650,-30.456476
724,-22.213155,-23.882518,-30.414165
725,-22.144306,-23.945484,-30.490615
726,-22.176812,-24.033765,-30.465464
727,-22.198137,-23.948048,-30.469845
728,-22.205913,-24.031840,-30.436398
729,-22.169021,-24.101717,-30.393828
730,-22.295823,-23.993673,-30.395879
731,-22.254159,-24.132065,-30.367225
732,-22.210688,-24.119260,-30.535984
733,-22.297895,-23.994839,-30.360105
734,-22.222319,-24.015659,-30.227655
735,-22.270307,-24.126317,-30.200704
736,-22.348397,-24.114349,-30.264654
737,-22.282213,-24.201431,-30.212760
738,-22.342591,-24.140124,-30.177470
739,-22.315795,-24.111742,-30.186720
740,-22.308518,-24.076045,-30.194445
741,-22.319814,-24.108156,-30.209394
742,-22.488948,-24.170105,-30.203721
743,-22.505806,-24.205750,-30.197964
744,-22.475207,-24.092236,-30.253269
745,-22.529905,-24.217201,-30.214862
746,-22.426547,-24.269704,-30.111406
747,-22.458177,-24.314404,-30.253211
748,-22.456513,-24.367643,-30.252839
749,-22.509802,-24.412562,-30.285250
750,-22.440969,-24.269380,-30.222387
751,-22.525480,-24.366627,-30.113672
752,-22.494709,-24.424140,-30.144522
753,-22.480459,-24.509363,-30.219262
754,-22.411764,-24.468039,-30.183826
755,-22.544997,-24.419369,-30.115832
756,-22.542396,-24.467297,-30.119907
757,-22.468631,-24.517868,-30.241751
758,-22.575884,-24.461915,-30.086470
759,-22.669575,-24.422168,-30.027061
760,-22.515767,-24.513118,-29.992589
761,-22.600167,-24.455220,-30.025853
762,-22.701584,-24.390756,-29.961099
763,-22.651636,-24.415928,-30.004881
764,-22.573497,-24.478763,-29.958041
765,-22.552851,-24.363225,-30.044390
766,-22.619883,-24.364387,-30.042621
767,-22.552720,-24.355481,-30.017695
768,-22.564674,-24.350852,-29.915756
769,-22.670057,-24.372838,-29.945213
770,-22.670375,-24.384890,-29.878793
771,-22.759051,-24.478511,-29.985150
772,-22.768787,-24.360178,-29.931697
773,-22.811076,-24.367355,-29.876858
774,-22.762289,-24.369908,-29.925394
775,-22.747753,-24.339384,-30.014474
776,-22.690856,-24.443319,-29.983266
777,-22.766197,-24.448530,-29.911510
778,-22.773923,-24.526663,-30.042656
779,-22.726724,-24.482148,-30.010845
780,-22.635582,-24.538092,-29.956097
781,-22.777022,-24.519192,-29.800748
782,-22.679519,-24.494634,-29.925575
783,-22.818703,-24.590689,-29.831282
784,-22.697072,-24.516962,-29.788385
785,-22.683622,-24.571064,-29.893972
786,-22.742380,-24.601076,-29.917434
787,-22.719930,-24.626758,-29.945686
788,-22.645994,-24.617711,-29.851684
789,-22.730757,-24.704924,-29.795182
790,-22.708748,-24.630756,-29.822580
791,-22.801145,-24.609389,-29.770359
792,-22.740900,-24.629797,-29.774263
793,-22.651819,-24.647748,-29.658007
794,-22.745452,-24.608621,-29.749168
795,-22.801829,-24.643565,-29.678753
796,-22.812754,-24.739575,-29.618914
797,-22.884812,-24.667355,-29.670309
798,-22.771112,-24.662795,-29.592930
799,-22.820383,-24.667868,-29.496217
800,-22.811880,-24.778221,-29.531626
801,-22.861166,-24.862138,-29.599857
802,-22.786564,-24.859926,-29.445762
803,-22.833511,-24.765070,-29.478906
804,-22.916495,-24.683711,-29.530046
805,-22.966388,-24.709356,-29.518624
806,-22.906379,-24.690893,-29.530207
807,-22.973617,-24.759419,-29.531160
808,-22.995020,-24.774433,-29.423313
809,-22.948392,-24.768567,-29.455599
810,-22.899764,-24.936819,-29.519417
811,-22.981257,-24.809431,-29.486134
812,-22.944207,-24.753658,-29.357686
813,-22.936010,-24.753751,-29.351815
814,-22.946982,-24.762394,-29.379587
815,-22.925231,-24.834313,-29.271420
816,-22.872324,-24.812325,-29.185460
817,-22.964910,-24.830254,-29.199980
818,-22.943245,-24.970377,-29.266604
819,-23.013065,-24.976505,-29.135477
820,-22.991969,-24.772834,-29.085438
821,-22.978168,-24.878587,-29.126943
822,-23.014471,-24.986293,-29.101995
823,-23.081655,-24.835931,-29.102491
824,-23.023138,-24.952836,-29.165848
825,-23.024270,-24.991893,-29.124771
826,-23.058098,-24.843967,-29.107532
827,-23.151816,-24.806738,-29.137178
828,-23.193001,-24.827047,-29.102311
829,-23.105866,-24.881069,-29.138468
830,-23.044015,-24.751897,-29.116318
831,-23.084852,-24.826916,-29.080702
832,-23.071145,-24.902218,-28.993937
833,-23.089485,-24.909142,-29.029250
834,-23.109347,-24.959216,-29.006993
835,-23.166792,-24.889258,-28.949081
836,-23.104234,-24.869617,-28.971709
837,-23.094923,-24.892808,-28.953741
838,-23.022094,-24.874641,-28.905972
839,-22.918394,-24.828393,-28.975863
840,-23.123638,-24.888123,-29.062989
841,-23.126491,-24.799857,-28.985657
842,-23.063684,-24.921253,-28.895511
843,-23.063212,-24.967877,-28.880800
844,-23.098510,-25.017545,-28.803354
845,-23.222143,-24.927162,-28.852175
846,-23.171567,-24.892412,-28.830664
847,-23.162657,-24.939969,-28.782358
848,-23.160456,-25.034477,-28.789714
849,-23.176020,-24.996431,-28.789866
850,-23.242518,-25.139898,-28.780033
851,-23.257739,-25.074813,-28.830960
852,-23.174135,-25.089088,-28.883678
853,-23.203153,-25.077455,-28.807205
854,-23.097165,-25.031532,-28.802155
855,-23.233883,-25.072981,-28.893428
856,-23.184535,-25.093963,-28.968139
857,-23.259232,-25.090603,-28.853715
858,-23.254219,-25.169944,-28.864958
859,-23.261415,-25.130011,-28.913557
860,-23.315369,-25.079559,-28.859375
861,-23.344410,-25.093170,-28.931376
862,-23.311785,-25.175676,-28.873495
863,-23.366328,-25.146500,-28.892028
864,-23.280509,-25.201620,-28.879006
865,-23.337326,-25.225308,-28.806185
866,-23.302140,-25.270268,-28.917012
867,-23.351233,-25.203360,-28.814224
868,-23.254597,-25.146783,-28.879650
869,-23.289143,-25.172603,-28.858440
870,-23.276851,-25.087425,-28.819706
871,-23.284719,-25.119655,-28.858295
872,-23.314086,-25.263270,-29.003585
873,-23.199414,-25.287358,-28.813344
874,-23.289405,-25.202214,-28.754411
875,-23.272298,-25.270028,-28.840409
876,-23.278589,-25.217505,-28.732764
877,-23.296756,-25.223630,-28.755611
878,-23.358807,-25.270336,-28.676508
879,-23.373661,-25.275463,-28.752746
880,-23.333483,-25.298631,-28.747456
881,-23.445811,-25.246388,-28.766468
882,-23.375539,-25.207289,-28.926885
883,-23.434261,-25.161646,-28.758670
884,-23.362893,-25.249635,-28.747522
885,-23.327584,-25.211310,-28.796039
886,-23.510538,-25.199636,-28.782666
887,-23.452766,-25.246736,-28.847971
888,-23.477480,-25.348491,-28.752882
889,-23.604731,-25.204604,-28.783419
890,-23.679125,-25.249274,-28.783729
891,-23.608900,-25.266516,-28.820456
892,-23.602553,-25.364358,-28.806730
893,-23.538457,-25.190298,-28.799823
894,-23.552574,-25.228952,-28.838701
895,-23.564926,-25.152116,-28.866084
896,-23.604089,-25.293752,-28.838362
897,-23.520364,-25.180371,-28.830729
898,-23.617063,-25.301990,-28.736627
899,-23.631545,-25.345541,-28.794328
900,-23.587651,-25.253081,-28.792792
901,-23.648551,-25.346410,-28.745338
902,-23.701169,-25.420235,-28.658982
903,-23.719025,-25.365386,-28.680823
904,-23.679799,-25.321376,-28.704080
905,-23.658606,-25.314703,-28.653314
906,-23.717591,-25.219022,-28.743573
907,-23.703200,-25.327144,-28.645936
908,-23.796888,-25.317190,-28.656360
909,-23.721584,-25.319217,-28.680990
910,-23.823037,-25.362236,-28.691684
911,-23.830490,-25.204326,-28.707042
912,-23.737404,-25.315307,-28.616645
913,-23.727379,-25.281891,-28.623501
914,-23.843927,-25.336917,-28.611796
915,-23.774092,-25.383145,-28.751878
916,-23.728892,-25.292757,-28.802448
917,-23.891338,-25.327086,-28.834013
918,-23.908406,-25.383569,-28.687298
919,-23.810053,-25.441788,-28.628797
920,-23.982877,-25.486862,-28.561704
921,-23.942415,-25.532457,-28.714905
922,-23.942542,-25.537179,-28.694641
923,-23.955610,-25.561269,-28.731261
924,-24.002714,-25.521143,-28.691028
925,-23.962719,-25.500614,-28.656737
926,-23.907163,-25.442324,-28.686150
927,-23.906368,-25.447230,-28.669215
928,-23.908247,-25.539409,-28.668302
929,-23.830781,-25.579230,-28.754234
930,-23.822144,-25.615757,-28.702006
931,-23.922343,-25.586813,-28.680711
932,-23.849168,-25.563797,-28.684484
933,-24.045307,-25.585619,-28.576602
934,-23.935985,-25.552149,-28.529660
935,-23.891060,-25.648635,-28.560762
936,-24.053778,-25.568192,-28.620535
937,-24.004997,-25.504709,-28.657194
938,-23.977966,-25.623348,-28.684973
939,-23.975031,-25.504845,-28.707189
940,-24.050469,-25.590979,-28.669455
941,-23.920388,-25.562036,-28.646387
942,-23.841964,-25.552516,-28.658455
943,-23.821690,-25.620046,-28.621680
944,-23.984997,-25.664260,-28.656277
945,-23.953113,-25.652467,-28.695338
946,-24.060087,-25.686078,-28.714190
947,-23.997227,-25.726681,-28.832629
948,-24.029214,-25.580696,-28.761222
949,-23.887898,-25.624492,-28.763289
950,-23.910767,-25.708112,-28.661934
951,-23.938614,-25.582206,-28.702775
952,-24.031937,-25.603033,-28.631581
953,-23.976031,-25.649267,-28.657101
954,-23.979980,-25.676688,-28.623103
955,-24.017144,-25.671581,-28.604510
956,-23.964919,-25.615742,-28.584164
957,-23.946555,-25.665018,-28.604098
958,-23.939954,-25.672500,-28.544575
959,-24.047309,-25.701283,-28.617308
960,-24.038911,-25.780082,-28.656565
961,-23.996706,-25.805316,-28.622571
962,-24.062467,-25.773467,-28.615400
963,-24.064333,-25.759399,-28.622122
964,-24.058904,-25.783920,-28.590926
965,-24.048400,-25.768075,-28.627144
966,-24.093288,-25.737804,-28.629829
967,-24.070937,-25.665495,-28.586852
968,-24.139569,-25.698200,-28.630202
969,-24.078938,-25.734896,-28.573814
970,-24.087877,-25.694338,-28.504836
971,-24.103496,-25.806490,-28.577752
972,-24.156853,-25.762123,-28.517643
973,-24.040962,-25.814317,-28.349451
974,-24.086185,-25.801675,-28.384799
975,-24.069795,-25.793648,-28.520297
976,-24.107477,-25.779793,-28.498803
977,-24.117256,-25.788231,-28.480724
978,-24.169242,-25.809317,-28.491536
979,-24.141634,-25.691674,-28.545168
980,-24.174536,-25.717984,-28.474580
981,-24.264415,-25.860078,-28.549523
982,-24.135759,-25.985907,-28.584776
983,-24.152269,-25.883708,-28.534631
984,-24.242629,-25.881821,-28.557154
985,-24.155036,-25.869988,-28.589487
986,-24.227455,-25.868934,-28.597216
987,-24.192266,-25.812229,-28.579808
988,-24.255253,-25.820795,-28.567215
989,-24.259568,-25.894095,-28.491719
990,-24.256631,-25.879548,-28.501540
991,-24.160695,-25.857839,-28.492467
992,-24.249632,-25.848218,-28.396521
993,-24.372347,-25.842592,-28.431258
994,-24.325558,-25.916738,-28.381259
995,-24.286742,-25.913976,-28.427797
996,-24.228725,-25.921516,-28.451215
997,-24.275886,-25.870146,-28.390254
998,-24.374778,-25.874400,-28.601832
999,-24.320855,-25.881226,-28.461711
1000,-24.312629,-25.875022,-28.404282
