Epoch,chi_Mean_0.235,chi_Mean_0.94,chi_Mean_3.76
1,-37.476272,-36.757905,-43.552545
2,-33.121449,-33.008085,-36.988200
3,-32.655572,-32.536859,-36.582403
4,-32.282292,-32.169171,-36.830131
5,-31.948630,-31.828890,-36.960686
6,-31.634948,-31.494332,-37.049170
7,-31.361382,-31.177292,-37.201456
8,-31.107130,-30.812157,-37.254869
9,-30.872746,-30.552417,-37.408678
10,-30.651133,-30.319673,-37.610015
11,-30.449577,-30.114000,-38.487209
12,-30.273725,-29.915498,-39.061459
13,-30.102283,-29.723353,-39.696073
14,-29.929804,-29.552888,-40.339826
15,-29.769206,-29.399892,-40.857438
16,-29.608269,-29.255320,-41.363388
17,-29.480797,-29.115752,-42.137364
18,-29.350228,-28.991443,-43.011253
19,-29.221732,-28.876814,-43.980627
20,-29.110531,-28.772071,-44.645772
21,-28.994141,-28.656449,-45.291590
22,-28.884813,-28.544859,-45.914887
23,-28.767822,-28.432829,-46.580416
24,-28.672865,-28.341932,-47.168625
25,-28.564610,-28.254723,-47.714113
26,-28.469327,-28.156722,-48.234674
27,-28.368386,-28.055868,-48.801025
28,-28.298413,-27.927907,-49.100416
29,-28.205190,-27.814926,-49.562246
30,-28.110099,-27.740862,-50.187874
31,-28.040075,-27.665326,-50.430850
32,-27.959731,-27.575534,-50.689291
33,-27.876006,-27.494815,-51.162237
34,-27.801551,-27.387735,-51.527544
35,-27.722318,-27.297545,-51.815170
36,-27.639125,-27.208999,-51.932616
37,-27.580289,-27.129587,-52.012210
38,-27.514979,-27.065108,-52.143297
39,-27.460377,-26.998053,-52.343821
40,-27.385267,-26.919711,-52.519268
41,-27.334632,-26.863726,-52.674423
42,-27.259397,-26.800910,-52.846254
43,-27.200973,-26.744426,-52.998606
44,-27.162107,-26.685679,-53.140026
45,-27.089728,-26.636632,-53.395424
46,-27.031055,-26.589677,-53.554041
47,-26.992774,-26.523757,-53.562415
48,-26.940556,-26.483878,-53.733121
49,-26.881941,-26.422637,-53.798310
50,-26.827578,-26.356599,-54.006481
51,-26.791819,-26.333971,-54.129322
52,-26.733219,-26.301286,-54.191086
53,-26.691403,-26.230599,-53.998526
54,-26.637580,-26.167785,-54.124544
55,-26.610368,-26.183405,-54.234913
56,-26.546394,-26.130508,-54.384208
57,-26.519410,-26.074300,-54.431354
58,-26.473939,-26.045350,-54.518566
59,-26.428668,-26.001793,-54.424775
60,-26.386529,-25.949651,-54.305467
61,-26.346984,-25.918736,-54.220801
62,-26.309338,-25.886747,-54.403006
63,-26.268010,-25.838218,-54.160546
64,-26.236688,-25.810594,-54.169341
65,-26.207033,-25.740422,-54.124428
66,-26.157595,-25.638506,-54.141259
67,-26.137050,-25.564455,-53.939253
68,-26.108813,-25.429465,-54.010081
69,-26.079904,-25.377940,-53.829419
70,-26.036118,-25.295844,-53.801657
71,-26.013863,-25.202554,-53.829344
72,-25.963517,-25.139718,-53.830649
73,-25.957134,-25.065771,-53.784677
74,-25.904953,-25.051752,-53.631755
75,-25.892241,-24.974788,-53.581662
76,-25.845641,-24.954375,-53.515926
77,-25.820375,-24.892515,-53.531031
78,-25.781946,-24.841927,-53.619789
79,-25.760926,-24.798965,-53.576207
80,-25.745328,-24.724455,-53.710354
81,-25.698899,-24.643420,-53.669848
82,-25.681798,-24.579927,-53.693401
83,-25.660434,-24.492043,-53.952365
84,-25.657692,-24.464225,-54.005107
85,-25.618854,-24.402080,-53.928663
86,-25.576447,-24.398723,-54.061285
87,-25.565141,-24.320171,-54.055044
88,-25.540439,-24.268468,-54.146574
89,-25.532816,-24.265132,-54.108763
90,-25.491159,-24.228235,-54.401158
91,-25.476183,-24.189653,-54.377393
92,-25.472892,-24.129793,-54.341172
93,-25.424447,-24.128906,-54.236679
94,-25.401890,-24.048235,-54.416306
95,-25.406436,-24.017177,-54.362405
96,-25.376342,-23.973863,-54.526251
97,-25.353154,-23.950426,-54.672881
98,-25.317125,-23.936149,-54.824996
99,-25.308819,-23.912846,-54.819583
100,-25.295490,-23.874868,-54.870088
101,-25.265640,-23.830636,-54.802558
102,-25.265000,-23.802672,-54.911642
103,-25.233204,-23.775901,-54.849276
104,-25.223135,-23.751709,-55.016922
105,-25.192665,-23.713059,-55.021771
106,-25.177824,-23.687230,-55.004085
107,-25.164756,-23.665240,-55.079317
108,-25.139204,-23.644109,-55.131891
109,-25.122488,-23.622221,-55.176161
110,-25.116601,-23.603875,-55.345112
111,-25.074807,-23.577295,-55.179099
112,-25.057221,-23.568322,-55.035974
113,-25.052451,-23.544559,-55.460569
114,-25.035397,-23.525758,-55.245991
115,-25.020258,-23.538167,-55.379676
116,-25.011589,-23.498090,-55.480289
117,-24.990449,-23.492564,-55.624612
118,-24.981042,-23.448885,-55.812441
119,-24.959569,-23.450592,-55.796640
120,-24.952680,-23.428807,-55.623064
121,-24.931531,-23.432249,-55.885917
122,-24.910841,-23.422839,-55.815390
123,-24.909478,-23.388609,-55.677651
124,-24.879290,-23.418432,-55.562373
125,-24.871876,-23.368680,-55.728338
126,-24.853213,-23.372299,-55.779381
127,-24.838937,-23.352222,-56.035689
128,-24.823482,-23.337556,-55.560112
129,-24.830154,-23.316715,-55.828426
130,-24.808417,-23.328459,-55.803026
131,-24.786898,-23.234791,-55.804051
132,-24.775275,-23.170771,-56.024996
133,-24.748921,-23.138737,-56.069066
134,-24.756288,-23.120754,-55.985157
135,-24.729676,-23.125153,-56.055736
136,-24.727975,-23.120155,-56.060706
137,-24.713346,-23.098179,-56.101740
138,-24.693608,-23.089391,-55.860329
139,-24.694101,-23.066634,-55.940872
140,-24.666832,-23.059666,-56.077781
141,-24.677531,-23.044356,-56.015174
142,-24.669618,-23.050306,-55.943051
143,-24.648738,-23.055317,-56.107411
144,-24.641939,-23.026611,-55.872621
145,-24.623690,-23.031185,-56.074835
146,-24.620160,-22.968573,-56.053552
147,-24.595538,-23.001042,-56.208473
148,-24.607752,-23.003369,-56.134781
149,-24.592857,-22.990659,-56.131152
150,-24.575156,-23.000761,-56.051702
151,-24.560006,-22.962065,-56.082429
152,-24.538207,-22.960438,-56.006024
153,-24.549594,-22.976632,-55.984733
154,-24.538106,-23.002824,-56.202459
155,-24.517922,-22.960662,-56.141558
156,-24.508616,-22.981092,-56.142681
157,-24.502013,-22.951491,-56.217879
158,-24.487752,-22.999730,-56.214623
159,-24.482654,-22.952353,-56.305317
160,-24.484501,-22.925146,-56.489859
161,-24.455446,-22.942337,-56.270869
162,-24.441992,-22.923721,-56.408996
163,-24.448045,-22.997220,-56.467931
164,-24.424537,-22.899907,-56.349141
165,-24.405598,-22.925597,-56.283661
166,-24.413056,-22.818701,-56.365882
167,-24.396054,-22.766084,-56.423928
168,-24.383673,-22.783779,-56.399877
169,-24.387867,-22.651407,-56.416164
170,-24.368951,-22.696761,-56.371953
171,-24.365589,-22.716752,-56.527877
172,-24.365903,-22.618033,-56.670677
173,-24.356625,-22.657121,-56.744219
174,-24.333428,-22.663252,-56.624617
175,-24.338348,-22.679952,-56.838935
176,-24.326193,-22.673974,-56.960911
177,-24.321080,-22.592795,-56.815152
178,-24.280396,-22.569618,-56.905693
179,-24.281273,-22.573396,-56.948008
180,-24.297385,-22.613824,-57.093938
181,-24.276580,-22.522947,-57.035499
182,-24.267408,-22.583516,-57.002870
183,-24.252012,-22.503637,-57.232182
184,-24.259882,-22.480226,-57.071648
185,-24.232293,-22.560991,-57.097587
186,-24.233588,-22.442579,-57.084667
187,-24.222606,-22.518645,-57.188704
188,-24.219157,-22.505812,-57.191982
189,-24.216835,-22.472754,-57.205205
190,-24.193303,-22.421097,-57.362979
191,-24.182006,-22.381004,-57.201934
192,-24.176215,-22.370058,-57.137891
193,-24.166926,-22.349631,-57.299161
194,-24.138199,-22.393429,-57.264869
195,-24.155919,-22.313158,-57.382479
196,-24.143242,-22.352686,-57.253307
197,-24.138787,-22.254515,-57.478126
198,-24.149628,-22.225935,-57.473554
199,-24.136126,-22.251853,-57.396669
200,-24.100189,-22.243231,-57.346015
201,-24.066630,-22.188647,-57.371078
202,-24.053919,-22.175679,-57.553843
203,-24.006015,-22.211843,-57.545430
204,-23.990517,-22.159740,-57.627677
205,-23.973623,-22.101491,-57.556106
206,-23.922929,-22.068422,-57.666307
207,-23.920594,-22.085991,-57.683554
208,-23.884192,-22.054455,-57.709142
209,-23.869174,-22.062462,-57.636373
210,-23.869328,-22.068862,-57.615904
211,-23.851265,-21.990642,-57.501388
212,-23.837101,-21.973454,-57.698996
213,-23.835969,-21.966042,-57.714740
214,-23.827014,-21.956523,-57.661262
215,-23.809815,-21.972198,-57.756049
216,-23.779655,-21.947698,-57.845843
217,-23.799155,-21.935931,-57.799543
218,-23.793612,-21.929276,-57.711505
219,-23.771171,-21.925652,-57.862283
220,-23.767011,-21.910581,-57.878619
221,-23.785918,-21.930319,-57.745713
222,-23.760695,-21.926900,-57.758498
223,-23.745149,-21.896092,-57.943380
224,-23.725724,-21.901028,-57.925202
225,-23.752218,-21.907559,-57.882731
226,-23.744208,-21.875367,-57.911759
227,-23.736852,-21.891210,-57.833988
228,-23.722527,-21.861245,-57.960078
229,-23.717646,-21.844374,-57.836060
230,-23.640286,-21.818091,-58.017607
231,-23.584869,-21.825229,-58.027920
232,-23.539854,-21.790332,-57.992670
233,-23.501060,-21.808466,-58.061712
234,-23.446071,-21.785486,-58.135090
235,-23.414158,-21.742649,-58.120944
236,-23.390305,-21.768728,-58.137038
237,-23.351847,-21.749072,-58.057492
238,-23.348726,-21.729132,-58.179295
239,-23.322767,-21.718076,-57.922825
240,-23.319597,-21.669115,-58.083429
241,-23.296490,-21.678057,-58.167486
242,-23.273936,-21.683026,-58.074332
243,-23.291518,-21.662236,-57.978807
244,-23.251034,-21.646500,-57.977444
245,-23.283179,-21.617381,-57.999959
246,-23.244149,-21.622636,-58.086526
247,-23.241090,-21.559278,-58.069955
248,-23.221619,-21.556455,-58.113888
249,-23.226173,-21.530436,-58.025874
250,-23.198563,-21.502469,-58.031504
251,-23.216463,-21.522716,-58.047941
252,-23.208767,-21.461453,-57.994632
253,-23.198678,-21.466896,-57.991211
254,-23.195175,-21.440626,-58.109490
255,-23.187184,-21.450775,-58.042918
256,-23.174740,-21.450169,-58.097277
257,-23.171864,-21.449811,-58.183102
258,-23.174803,-21.412456,-58.059818
259,-23.158390,-21.398834,-58.258338
260,-23.148139,-21.411558,-58.150812
261,-23.140913,-21.364342,-58.224993
262,-23.132655,-21.396514,-58.104324
263,-23.148523,-21.390629,-57.981328
264,-23.131353,-21.364655,-58.184417
265,-23.126198,-21.332115,-58.159297
266,-23.131931,-21.360073,-58.322745
267,-23.133309,-21.349906,-58.292130
268,-23.116950,-21.296317,-58.243591
269,-23.125506,-21.274176,-58.292876
270,-23.104782,-21.274879,-58.321453
271,-23.097604,-21.278014,-58.131145
272,-23.098482,-21.304495,-58.233412
273,-23.093936,-21.286228,-58.159356
274,-23.093565,-21.265025,-58.285494
275,-23.087135,-21.268779,-58.239524
276,-23.102176,-21.241694,-58.324641
277,-23.089051,-21.238315,-58.299608
278,-23.066078,-21.223563,-58.093173
279,-23.061232,-21.223077,-58.326358
280,-23.055469,-21.192023,-58.333066
281,-23.080014,-21.189714,-58.344377
282,-23.080413,-21.183781,-58.463609
283,-23.075931,-21.185918,-58.269140
284,-23.057299,-21.138210,-58.274644
285,-23.049095,-21.152727,-58.234880
286,-23.064425,-21.145636,-58.282405
287,-23.035802,-21.149859,-58.080874
288,-23.038384,-21.131377,-58.268548
289,-23.033504,-21.130386,-58.350780
290,-23.038808,-21.100230,-58.141577
291,-23.020089,-21.137634,-58.311430
292,-23.045843,-21.147132,-58.239497
293,-23.026005,-21.109299,-58.293126
294,-23.042886,-21.126213,-58.216734
295,-23.030515,-21.092633,-58.231065
296,-23.040467,-21.119566,-58.230383
297,-23.028917,-21.102256,-58.323088
298,-23.007354,-21.098901,-58.286090
299,-23.016098,-21.073319,-58.264343
300,-23.008185,-21.113482,-58.203835
301,-23.013489,-21.070850,-58.391681
302,-23.013067,-21.082950,-58.062110
303,-22.994665,-21.073033,-58.327493
304,-23.004307,-21.068958,-58.376124
305,-22.994239,-21.088073,-58.242147
306,-23.003046,-21.078143,-58.343158
307,-22.987783,-21.072259,-58.237426
308,-22.973604,-21.066449,-58.035322
309,-22.928115,-21.078093,-58.294509
310,-22.908271,-21.077053,-58.373955
311,-22.895981,-21.055560,-58.116881
312,-22.861329,-21.051311,-58.206634
313,-22.870694,-21.073178,-58.279697
314,-22.866960,-21.080405,-58.188576
315,-22.823772,-21.096303,-58.121155
316,-22.793537,-21.084026,-58.205488
317,-22.799081,-21.094380,-58.166291
318,-22.794035,-21.105877,-58.204134
319,-22.761305,-21.126392,-58.134019
320,-22.776751,-21.169723,-57.967393
321,-22.768114,-21.184604,-58.079007
322,-22.770616,-21.206472,-58.101429
323,-22.763405,-21.134327,-58.128642
324,-22.796094,-21.139080,-58.294895
325,-22.762825,-21.178147,-58.094402
326,-22.768664,-21.176645,-58.175910
327,-22.769505,-21.172320,-57.966580
328,-22.760960,-21.111570,-58.127247
329,-22.729141,-21.166181,-57.967756
330,-22.755932,-21.165372,-58.169598
331,-22.723938,-21.149962,-58.011686
332,-22.716650,-21.154020,-58.166364
333,-22.730038,-21.138995,-58.067849
334,-22.741832,-21.141408,-58.059382
335,-22.721814,-21.138059,-58.181178
336,-22.690356,-21.204925,-57.964525
337,-22.649040,-21.225129,-57.948571
338,-22.612691,-21.270134,-57.994187
339,-22.597623,-21.209996,-58.049681
340,-22.599636,-21.192468,-57.956154
341,-22.548877,-21.191063,-57.853195
342,-22.552695,-21.228788,-57.885482
343,-22.542868,-21.186783,-57.764584
344,-22.540540,-21.221675,-57.841518
345,-22.545279,-21.230221,-57.832887
346,-22.514818,-21.224370,-57.892534
347,-22.517086,-21.216020,-57.901441
348,-22.502721,-21.189766,-57.794318
349,-22.503046,-21.223450,-57.802126
350,-22.471334,-21.186638,-57.849452
351,-22.496949,-21.163260,-57.789668
352,-22.477085,-21.144019,-57.654055
353,-22.478424,-21.122557,-57.804593
354,-22.463698,-21.146077,-57.645335
355,-22.457187,-21.162676,-57.633106
356,-22.465161,-21.171751,-57.522405
357,-22.480646,-21.128448,-57.600693
358,-22.452136,-21.141251,-57.433551
359,-22.465531,-21.100791,-57.302643
360,-22.453450,-21.097773,-57.453355
361,-22.467518,-21.069038,-57.090343
362,-22.469103,-21.076468,-57.156146
363,-22.459231,-21.059934,-57.053092
364,-22.462756,-21.046221,-56.940607
365,-22.462688,-21.062229,-57.106160
366,-22.474184,-21.016908,-56.920284
367,-22.444378,-21.021466,-56.941643
368,-22.446277,-21.064569,-56.822495
369,-22.433913,-21.018070,-56.876009
370,-22.471994,-21.044237,-56.857628
371,-22.448508,-21.037990,-56.869590
372,-22.440708,-21.037345,-56.535993
373,-22.429398,-21.007624,-56.690921
374,-22.441297,-21.007005,-56.560338
375,-22.448827,-20.995899,-56.552533
376,-22.448418,-21.007630,-56.695141
377,-22.409686,-20.981822,-56.428643
378,-22.436312,-20.991857,-56.453258
379,-22.419933,-20.999299,-56.560715
380,-22.425443,-20.951329,-56.477866
381,-22.414051,-20.968367,-56.432642
382,-22.408812,-20.989097,-56.507044
383,-22.399032,-20.971904,-56.569729
384,-22.410480,-20.956606,-56.528932
385,-22.406741,-20.995128,-56.524733
386,-22.404774,-20.979949,-56.674331
387,-22.397708,-20.966382,-56.569655
388,-22.398109,-20.969980,-56.381998
389,-22.398085,-21.013896,-56.405721
390,-22.399527,-20.995555,-56.604354
391,-22.405408,-20.946413,-56.471005
392,-22.404146,-20.980457,-56.520467
393,-22.395448,-20.938088,-56.335365
394,-22.399469,-20.952740,-56.265493
395,-22.397557,-20.940625,-56.257575
396,-22.394030,-20.987122,-56.455722
397,-22.373072,-20.975819,-56.400542
398,-22.379539,-20.994594,-56.470941
399,-22.374980,-20.965989,-56.472401
400,-22.364220,-20.955698,-56.386215
401,-22.382312,-20.966855,-56.424516
402,-22.392765,-20.979261,-56.249320
403,-22.387423,-20.978235,-56.352878
404,-22.373514,-20.980184,-56.447897
405,-22.391349,-20.973668,-56.224285
406,-22.390992,-20.964453,-56.163527
407,-22.359390,-20.963345,-56.241304
408,-22.385490,-20.961099,-56.246444
409,-22.387622,-20.968773,-56.247483
410,-22.373647,-20.964610,-56.271477
411,-22.352183,-20.940656,-56.092708
412,-22.369136,-20.929322,-56.285951
413,-22.355872,-20.956961,-56.235743
414,-22.365229,-20.963684,-56.199125
415,-22.362421,-20.942428,-56.341860
416,-22.353340,-20.943902,-56.268123
417,-22.360285,-20.982346,-56.303150
418,-22.364054,-20.921057,-56.279731
419,-22.352423,-20.867488,-56.281350
420,-22.353590,-20.915374,-56.240091
421,-22.368642,-20.876810,-56.358333
422,-22.348961,-20.863305,-56.366290
423,-22.357770,-20.852295,-56.278498
424,-22.352677,-20.815867,-56.180732
425,-22.357620,-20.826774,-56.235220
426,-22.364462,-20.808789,-56.196217
427,-22.358475,-20.825641,-56.138947
428,-22.357609,-20.823861,-56.258543
429,-22.342392,-20.802725,-56.253543
430,-22.329474,-20.798202,-56.283643
431,-22.353019,-20.795794,-56.239534
432,-22.349956,-20.787556,-56.071622
433,-22.348204,-20.771109,-56.234025
434,-22.353939,-20.729251,-56.149641
435,-22.337772,-20.757218,-56.361585
436,-22.323798,-20.767551,-56.172456
437,-22.340533,-20.769039,-56.114781
438,-22.328377,-20.745061,-56.259019
439,-22.333898,-20.755939,-56.054165
440,-22.328656,-20.740877,-56.110211
441,-22.312604,-20.744023,-56.082867
442,-22.280020,-20.759357,-56.182240
443,-22.245625,-20.761631,-56.281644
444,-22.237005,-20.776232,-56.015816
445,-22.200096,-20.760326,-55.966732
446,-22.197552,-20.751022,-56.127029
447,-22.181092,-20.758297,-56.008994
448,-22.192475,-20.718055,-55.996798
449,-22.191141,-20.744978,-56.092601
450,-22.180858,-20.773648,-55.819847
451,-22.180841,-20.765013,-56.078440
452,-22.186068,-20.762099,-55.997706
453,-22.164603,-20.750392,-56.032165
454,-22.142201,-20.724390,-56.080838
455,-22.161410,-20.734399,-55.960076
456,-22.165660,-20.727189,-55.944449
457,-22.144691,-20.719612,-56.014870
458,-22.121445,-20.746810,-55.916322
459,-22.143550,-20.759596,-55.938038
460,-22.136400,-20.751606,-55.934681
461,-22.148645,-20.745451,-55.975276
462,-22.128643,-20.772239,-55.904695
463,-22.133033,-20.777371,-55.809357
464,-22.120618,-20.763314,-55.879769
465,-22.127482,-20.757028,-56.041657
466,-22.117430,-20.743125,-55.832486
467,-22.114340,-20.763077,-55.971063
468,-22.126237,-20.742275,-55.844188
469,-22.124054,-20.741518,-55.833782
470,-22.140459,-20.718035,-55.823659
471,-22.129122,-20.718433,-55.879389
472,-22.108615,-20.727859,-55.918641
473,-22.104877,-20.736034,-55.903884
474,-22.115491,-20.749660,-55.640862
475,-22.106693,-20.728150,-55.639181
476,-22.104508,-20.745880,-55.873918
477,-22.099358,-20.736304,-55.738607
478,-22.118976,-20.711340,-55.847135
479,-22.114452,-20.740683,-55.703311
480,-22.104284,-20.728604,-55.738045
481,-22.107955,-20.723947,-55.713010
482,-22.110122,-20.733630,-55.899592
483,-22.116129,-20.720004,-55.850510
484,-22.103848,-20.717963,-55.755034
485,-22.096000,-20.684724,-55.872841
486,-22.099886,-20.721995,-55.748463
487,-22.086205,-20.691058,-55.816053
488,-22.100864,-20.738446,-55.673786
489,-22.075165,-20.714027,-55.753011
490,-22.096691,-20.697225,-55.713132
491,-22.089323,-20.697751,-55.891209
492,-22.101541,-20.688750,-55.720650
493,-22.091978,-20.692466,-55.766691
494,-22.095257,-20.687525,-55.697321
495,-22.087981,-20.697734,-55.653626
496,-22.063746,-20.676936,-55.626216
497,-22.089462,-20.678821,-55.711559
498,-22.078390,-20.699585,-55.778252
499,-22.074671,-20.679346,-55.811827
500,-22.070409,-20.674225,-55.632848
501,-22.072102,-20.693746,-55.446124
502,-22.106900,-20.720953,-55.384719
503,-22.085425,-20.696493,-55.494322
504,-22.068656,-20.686603,-55.541651
505,-22.092023,-20.702808,-55.489315
506,-22.096359,-20.700440,-55.640253
507,-22.051975,-20.671847,-55.538691
508,-22.031923,-20.678442,-55.565032
509,-22.021771,-20.668497,-55.635930
510,-22.001571,-20.689616,-55.645017
511,-21.991850,-20.687682,-55.574107
512,-21.954349,-20.678749,-55.561408
513,-21.954487,-20.709020,-55.378942
514,-21.910826,-20.689757,-55.472737
515,-21.933841,-20.686410,-55.478086
516,-21.913789,-20.668202,-55.371418
517,-21.922865,-20.649053,-55.400480
518,-21.909260,-20.646237,-55.659231
519,-21.911337,-20.675336,-55.354805
520,-21.896131,-20.685113,-55.508234
521,-21.899934,-20.696736,-55.314903
522,-21.898744,-20.693859,-55.480411
523,-21.923607,-20.687255,-55.333337
524,-21.921041,-20.683424,-55.523099
525,-21.900068,-20.677326,-55.441954
526,-21.881782,-20.684908,-55.335931
527,-21.885347,-20.690329,-55.482783
528,-21.884224,-20.697449,-55.368479
529,-21.902580,-20.705967,-55.262150
530,-21.890061,-20.720915,-55.394422
531,-21.878521,-20.690381,-55.323796
532,-21.878543,-20.687140,-55.312748
533,-21.879539,-20.690073,-55.290432
534,-21.918517,-20.652966,-55.357645
535,-21.892405,-20.636233,-55.333840
536,-21.896399,-20.659644,-55.161878
537,-21.875165,-20.641775,-55.335796
538,-21.871060,-20.616533,-55.301707
539,-21.866779,-20.608343,-55.299725
540,-21.868133,-20.600699,-55.138248
541,-21.882405,-20.612580,-55.215468
542,-21.872745,-20.612274,-55.163085
543,-21.871181,-20.587895,-55.211129
544,-21.892195,-20.596588,-55.219800
545,-21.880957,-20.571005,-55.189369
546,-21.865730,-20.572844,-55.134945
547,-21.874709,-20.550170,-55.142835
548,-21.870568,-20.533755,-55.241448
549,-21.863769,-20.536792,-55.201466
550,-21.882474,-20.534264,-55.169368
551,-21.893831,-20.527327,-55.293393
552,-21.856408,-20.527005,-55.198407
553,-21.877815,-20.507329,-55.265381
554,-21.862701,-20.507002,-55.225450
555,-21.859288,-20.496820,-55.266149
556,-21.858041,-20.504889,-55.170407
557,-21.853320,-20.478354,-55.068064
558,-21.889931,-20.477005,-55.331452
559,-21.877044,-20.471778,-55.224717
560,-21.877992,-20.441312,-55.299601
561,-21.864137,-20.446454,-55.200321
562,-21.871339,-20.444673,-55.151630
563,-21.873918,-20.442313,-55.183662
564,-21.861130,-20.443708,-55.041123
565,-21.861763,-20.465872,-55.182847
566,-21.863263,-20.453941,-55.208240
567,-21.843888,-20.444086,-54.999529
568,-21.851557,-20.447234,-55.068799
569,-21.852430,-20.442312,-55.227013
570,-21.849928,-20.446700,-55.117933
571,-21.859062,-20.449662,-55.091073
572,-21.863730,-20.441972,-55.117134
573,-21.853315,-20.425893,-55.048702
574,-21.853589,-20.424458,-54.975130
575,-21.867352,-20.433052,-55.095487
576,-21.861373,-20.402405,-55.069558
577,-21.840924,-20.399242,-55.017092
578,-21.865871,-20.414673,-55.000988
579,-21.856005,-20.385475,-55.004727
580,-21.858407,-20.385593,-55.162529
581,-21.866689,-20.385167,-54.896132
582,-21.845858,-20.375240,-54.847103
583,-21.829634,-20.381125,-54.878427
584,-21.886340,-20.379585,-55.013882
585,-21.840335,-20.382937,-54.949013
586,-21.857841,-20.385242,-55.068354
587,-21.837893,-20.374455,-54.885457
588,-21.840838,-20.367560,-54.966529
589,-21.846778,-20.364433,-55.057509
590,-21.843843,-20.398941,-55.088713
591,-21.841071,-20.349327,-54.893362
592,-21.848360,-20.379742,-54.954223
593,-21.839332,-20.349614,-54.854608
594,-21.843552,-20.342662,-54.835136
595,-21.844551,-20.365160,-54.768037
596,-21.833246,-20.344036,-54.741063
597,-21.829610,-20.380198,-54.772318
598,-21.837209,-20.351522,-54.851530
599,-21.836799,-20.361000,-54.833150
600,-21.838899,-20.341829,-54.652220
601,-21.831313,-20.323601,-54.789671
602,-21.846991,-20.322448,-54.955934
603,-21.859188,-20.311855,-54.894401
604,-21.842911,-20.314894,-54.839398
605,-21.861732,-20.308168,-54.884391
606,-21.843264,-20.285886,-54.768555
607,-21.843548,-20.290930,-54.694406
608,-21.842710,-20.304105,-54.616837
609,-21.835112,-20.291822,-54.645428
610,-21.817979,-20.318335,-54.734623
611,-21.830453,-20.328487,-54.767937
612,-21.839524,-20.298371,-54.796782
613,-21.837556,-20.292250,-54.664760
614,-21.834771,-20.301492,-54.481640
615,-21.850668,-20.289281,-54.590989
616,-21.835686,-20.326550,-54.607243
617,-21.839292,-20.305243,-54.580604
618,-21.841791,-20.313229,-54.574716
619,-21.840221,-20.330969,-54.648957
620,-21.838949,-20.309160,-54.578540
621,-21.833603,-20.305012,-54.653776
622,-21.859176,-20.296216,-54.665114
623,-21.824214,-20.294373,-54.563531
624,-21.839255,-20.316810,-54.515503
625,-21.822796,-20.275569,-54.640372
626,-21.798166,-20.288329,-54.639002
627,-21.767269,-20.285929,-54.446828
628,-21.734856,-20.277790,-54.420943
629,-21.740656,-20.266137,-54.371595
630,-21.732075,-20.268773,-54.674908
631,-21.704925,-20.278094,-54.611940
632,-21.701000,-20.293142,-54.606680
633,-21.687641,-20.237436,-54.518887
634,-21.682889,-20.280120,-54.503559
635,-21.679829,-20.286776,-54.568738
636,-21.665063,-20.303610,-54.350341
637,-21.682679,-20.285265,-54.514708
638,-21.660514,-20.273606,-54.328222
639,-21.669087,-20.278015,-54.677391
640,-21.664921,-20.278656,-54.445767
641,-21.657912,-20.282104,-54.448981
642,-21.672147,-20.259300,-54.377037
643,-21.671798,-20.280873,-54.346146
644,-21.662315,-20.284959,-54.427267
645,-21.646180,-20.255803,-54.398561
646,-21.674688,-20.249204,-54.324677
647,-21.658565,-20.266948,-54.236246
648,-21.653746,-20.275871,-54.236942
649,-21.657582,-20.255681,-54.312036
650,-21.647413,-20.257192,-54.093049
651,-21.665565,-20.247609,-54.379647
652,-21.654687,-20.254918,-54.257476
653,-21.646343,-20.255450,-54.336360
654,-21.649666,-20.267846,-54.149485
655,-21.645266,-20.261358,-54.256719
656,-21.653071,-20.258572,-54.201039
657,-21.628551,-20.258617,-54.203763
658,-21.638313,-20.247243,-54.157433
659,-21.632899,-20.236195,-54.104103
660,-21.645222,-20.237834,-54.097807
661,-21.637569,-20.254231,-54.005107
662,-21.631256,-20.246230,-54.029017
663,-21.629104,-20.214886,-54.109673
664,-21.646249,-20.237516,-54.068923
665,-21.640909,-20.215280,-53.966773
666,-21.632051,-20.213351,-54.086404
667,-21.649990,-20.219417,-53.994318
668,-21.632229,-20.230146,-53.930699
669,-21.645565,-20.270203,-54.014165
670,-21.639487,-20.261788,-53.884176
671,-21.654841,-20.250921,-54.064426
672,-21.619190,-20.219055,-53.946728
673,-21.637535,-20.242334,-54.064479
674,-21.639688,-20.211108,-53.966194
675,-21.630982,-20.234271,-54.048197
676,-21.648113,-20.228109,-53.989737
677,-21.634527,-20.236115,-53.875275
678,-21.643245,-20.252632,-53.953290
679,-21.639865,-20.241004,-53.980414
680,-21.621448,-20.228096,-54.035331
681,-21.643570,-20.276959,-53.926116
682,-21.644217,-20.258324,-53.824726
683,-21.633155,-20.214882,-53.816927
684,-21.637972,-20.246492,-53.812148
685,-21.641248,-20.241711,-53.885273
686,-21.634659,-20.245938,-53.774690
687,-21.627242,-20.201758,-53.790881
688,-21.627440,-20.215126,-53.821751
689,-21.637211,-20.194375,-53.896803
690,-21.640285,-20.252626,-53.934785
691,-21.628684,-20.224042,-53.822067
692,-21.650905,-20.224727,-53.733692
693,-21.635893,-20.225758,-53.830035
694,-21.647245,-20.209810,-53.842367
695,-21.631485,-20.202975,-53.823000
696,-21.632562,-20.209553,-53.782751
697,-21.625917,-20.245660,-53.915068
698,-21.641287,-20.232963,-53.665721
699,-21.633461,-20.212472,-53.853349
700,-21.625425,-20.217203,-53.750081
701,-21.636447,-20.229262,-53.817567
702,-21.631838,-20.219741,-53.741270
703,-21.618624,-20.226640,-53.791063
704,-21.660073,-20.234917,-53.703264
705,-21.622878,-20.241691,-53.725206
706,-21.632957,-20.227537,-53.701742
707,-21.624797,-20.230695,-53.717148
708,-21.626843,-20.245828,-53.686498
709,-21.650254,-20.201797,-53.757906
710,-21.634547,-20.185665,-53.702190
711,-21.643225,-20.206699,-53.691488
712,-21.627746,-20.201385,-53.550110
713,-21.622070,-20.209615,-53.652263
714,-21.630172,-20.234738,-53.561717
715,-21.623819,-20.218668,-53.676839
716,-21.635040,-20.203766,-53.525991
717,-21.640192,-20.213952,-53.509481
718,-21.618110,-20.203988,-53.586892
719,-21.628585,-20.189265,-53.769861
720,-21.629896,-20.199819,-53.701605
721,-21.616822,-20.208769,-53.684573
722,-21.612677,-20.213943,-53.574873
723,-21.620362,-20.258492,-53.646932
724,-21.622157,-20.230877,-53.581950
725,-21.625066,-20.208593,-53.548337
726,-21.632744,-20.227572,-53.413278
727,-21.621085,-20.228293,-53.604274
728,-21.644335,-20.199172,-53.701725
729,-21.629272,-20.194244,-53.594304
730,-21.639734,-20.197815,-53.674745
731,-21.625428,-20.194862,-53.624839
732,-21.605418,-20.202618,-53.486090
733,-21.617834,-20.224229,-53.562370
734,-21.626559,-20.214830,-53.634442
735,-21.623192,-20.198423,-53.626212
736,-21.626349,-20.214036,-53.583057
737,-21.626186,-20.206114,-53.470369
738,-21.627660,-20.207927,-53.534226
739,-21.628398,-20.209659,-53.633517
740,-21.629519,-20.206953,-53.586399
741,-21.619233,-20.208218,-53.380459
742,-21.619912,-20.175304,-53.376166
743,-21.639233,-20.193251,-53.247436
744,-21.630466,-20.185121,-53.554450
745,-21.619940,-20.185923,-53.487289
746,-21.627984,-20.188920,-53.503826
747,-21.623962,-20.176391,-53.521580
748,-21.614414,-20.179098,-53.506662
749,-21.634288,-20.183756,-53.360727
750,-21.616851,-20.188138,-53.465026
751,-21.626825,-20.210443,-53.553167
752,-21.638040,-20.198067,-53.415406
753,-21.630410,-20.166611,-53.374909
754,-21.623664,-20.205139,-53.289978
755,-21.625294,-20.191627,-53.364380
756,-21.617183,-20.187810,-53.297640
757,-21.632885,-20.190907,-53.327041
758,-21.613080,-20.210799,-53.373535
759,-21.612243,-20.181603,-53.488996
760,-21.605383,-20.190117,-53.479070
761,-21.605952,-20.216696,-53.291027
762,-21.613786,-20.217480,-53.447549
763,-21.620427,-20.176096,-53.314266
764,-21.627673,-20.198117,-53.343345
765,-21.629825,-20.204977,-53.215141
766,-21.630523,-20.195092,-53.303511
767,-21.615421,-20.198606,-53.354073
768,-21.613888,-20.205782,-53.218798
769,-21.609662,-20.194456,-53.114498
770,-21.607292,-20.180820,-53.211829
771,-21.612075,-20.162911,-53.081326
772,-21.629370,-20.183657,-53.190617
773,-21.613706,-20.174215,-53.123752
774,-21.614642,-20.191606,-53.252937
775,-21.622043,-20.185399,-53.152582
776,-21.616114,-20.170409,-53.334846
777,-21.606774,-20.184087,-53.253616
778,-21.615380,-20.178490,-53.067883
779,-21.607572,-20.185546,-53.164731
780,-21.599346,-20.195098,-52.990340
781,-21.609156,-20.185490,-53.125185
782,-21.616662,-20.216371,-53.069463
783,-21.615972,-20.215832,-53.116525
784,-21.607955,-20.189964,-53.297265
785,-21.623001,-20.199921,-53.175194
786,-21.615416,-20.199387,-53.077580
787,-21.609060,-20.192182,-52.965934
788,-21.612217,-20.156281,-53.085394
789,-21.616341,-20.173959,-52.951754
790,-21.604343,-20.170204,-52.859240
791,-21.602774,-20.190511,-53.069602
792,-21.625949,-20.165319,-52.998766
793,-21.617053,-20.180645,-52.835996
794,-21.606804,-20.168018,-53.064248
795,-21.587448,-20.186136,-53.022950
796,-21.614747,-20.185379,-53.076034
797,-21.607694,-20.169099,-52.865844
798,-21.625921,-20.162726,-53.012683
799,-21.622887,-20.184638,-52.903588
800,-21.616192,-20.177001,-52.910871
801,-21.627957,-20.174794,-52.949926
802,-21.627983,-20.172639,-52.916110
803,-21.602088,-20.170854,-52.917702
804,-21.601722,-20.200583,-52.746707
805,-21.605048,-20.175770,-52.934744
806,-21.601764,-20.188683,-52.986436
807,-21.602356,-20.172602,-52.856393
808,-21.590751,-20.176176,-52.900122
809,-21.601710,-20.175749,-52.929743
810,-21.612341,-20.176932,-53.125502
811,-21.602540,-20.180349,-52.857982
812,-21.602776,-20.172121,-52.935493
813,-21.599631,-20.178231,-52.917655
814,-21.600272,-20.172194,-52.926683
815,-21.587707,-20.187363,-52.900239
816,-21.610843,-20.183951,-52.789855
817,-21.627045,-20.196428,-52.737185
818,-21.594510,-20.150931,-52.703075
819,-21.600804,-20.171871,-52.790748
820,-21.605504,-20.188393,-52.808799
821,-21.603830,-20.218238,-52.709560
822,-21.620356,-20.186613,-52.723464
823,-21.627495,-20.189010,-52.782239
824,-21.608320,-20.173568,-52.584764
825,-21.603222,-20.202338,-52.750939
826,-21.618494,-20.196516,-52.624881
827,-21.605628,-20.172492,-52.856810
828,-21.597888,-20.189197,-52.673159
829,-21.608939,-20.160556,-52.724837
830,-21.591496,-20.178846,-52.640053
831,-21.616313,-20.160164,-52.526411
832,-21.593217,-20.179184,-52.706985
833,-21.591377,-20.181328,-52.686419
834,-21.599375,-20.168750,-52.540877
835,-21.610903,-20.176852,-52.557553
836,-21.589708,-20.149425,-52.525879
837,-21.599088,-20.178523,-52.672220
838,-21.605900,-20.176859,-52.525503
839,-21.596087,-20.186656,-52.639427
840,-21.616398,-20.192548,-52.688084
841,-21.599141,-20.196046,-52.497020
842,-21.593034,-20.178506,-52.577201
843,-21.592429,-20.194750,-52.522394
844,-21.597628,-20.206254,-52.534800
845,-21.598493,-20.185554,-52.479075
846,-21.591069,-20.179361,-52.482098
847,-21.597693,-20.166072,-52.411530
848,-21.597211,-20.169435,-52.415256
849,-21.582555,-20.160591,-52.418280
850,-21.593124,-20.170074,-52.427862
851,-21.601868,-20.177336,-52.347905
852,-21.592142,-20.164402,-52.311616
853,-21.589695,-20.194290,-52.487393
854,-21.587690,-20.205088,-52.197064
855,-21.585133,-20.189880,-52.298831
856,-21.570950,-20.199843,-52.221220
857,-21.586467,-20.190540,-52.305223
858,-21.588406,-20.180879,-52.379133
859,-21.576454,-20.175363,-52.325712
860,-21.599660,-20.174194,-52.362956
861,-21.586501,-20.156625,-52.258420
862,-21.576185,-20.163166,-52.318916
863,-21.583492,-20.179839,-52.207864
864,-21.586298,-20.150610,-52.126397
865,-21.587827,-20.166960,-52.295058
866,-21.596815,-20.172269,-52.128152
867,-21.585610,-20.176345,-52.004659
868,-21.613692,-20.184430,-52.083016
869,-21.581973,-20.179743,-52.176275
870,-21.592057,-20.182202,-52.028095
871,-21.601634,-20.179863,-51.716587
872,-21.593687,-20.173632,-51.873603
873,-21.604474,-20.194974,-51.681338
874,-21.607017,-20.167745,-51.601380
875,-21.594941,-20.171317,-51.435154
876,-21.609094,-20.158733,-51.426803
877,-21.596794,-20.153714,-51.535601
878,-21.587148,-20.150963,-51.503776
879,-21.600942,-20.151770,-51.305086
880,-21.595630,-20.162014,-51.288741
881,-21.589133,-20.142245,-51.319991
882,-21.585444,-20.160098,-51.235354
883,-21.604963,-20.148317,-51.114233
884,-21.586142,-20.152013,-51.106510
885,-21.581152,-20.161415,-51.134072
886,-21.600810,-20.134828,-51.110411
887,-21.575325,-20.145447,-51.149777
888,-21.584140,-20.140302,-51.056583
889,-21.582310,-20.156669,-50.993296
890,-21.600039,-20.145114,-50.998498
891,-21.588957,-20.150519,-50.842921
892,-21.579269,-20.145797,-50.964181
893,-21.572600,-20.139244,-50.995577
894,-21.569723,-20.160905,-51.104080
895,-21.575133,-20.162647,-51.066263
896,-21.575303,-20.156544,-51.022723
897,-21.575600,-20.161112,-51.033962
898,-21.560550,-20.159378,-50.830008
899,-21.569636,-20.161278,-50.946326
900,-21.554254,-20.163502,-50.927704
901,-21.564435,-20.161111,-50.801541
902,-21.565509,-20.158497,-50.832125
903,-21.568692,-20.153787,-50.714505
904,-21.563986,-20.164418,-50.746352
905,-21.579083,-20.140923,-50.812033
906,-21.573945,-20.147174,-50.783982
907,-21.579373,-20.132644,-50.701690
908,-21.570924,-20.134817,-50.798777
909,-21.579512,-20.141685,-50.618072
910,-21.578190,-20.142808,-50.579563
911,-21.588728,-20.144627,-50.628936
912,-21.579962,-20.162928,-50.527393
913,-21.584424,-20.163153,-50.506008
914,-21.583084,-20.156398,-50.591574
915,-21.590370,-20.129775,-50.501059
916,-21.593081,-20.146907,-50.660242
917,-21.557607,-20.143634,-50.421615
918,-21.575787,-20.161197,-50.528065
919,-21.586741,-20.157537,-50.609365
920,-21.585726,-20.135968,-50.434852
921,-21.574773,-20.142332,-50.236741
922,-21.573687,-20.148151,-50.409190
923,-21.573080,-20.171043,-50.382305
924,-21.580175,-20.180871,-50.414345
925,-21.588727,-20.195115,-50.376894
926,-21.583494,-20.151092,-50.308463
927,-21.581211,-20.167259,-50.194596
928,-21.584294,-20.176525,-50.334873
929,-21.561862,-20.160832,-50.408589
930,-21.572200,-20.183594,-50.311475
931,-21.561019,-20.166192,-50.289442
932,-21.581183,-20.178428,-50.313090
933,-21.577860,-20.177160,-50.236631
934,-21.565649,-20.190792,-50.240059
935,-21.563508,-20.171694,-50.199160
936,-21.571853,-20.174628,-50.204946
937,-21.575053,-20.185171,-50.294590
938,-21.577596,-20.177880,-50.209905
939,-21.575802,-20.185614,-50.009556
940,-21.565939,-20.187119,-50.117714
941,-21.570778,-20.180490,-50.080974
942,-21.565757,-20.160202,-50.217676
943,-21.581335,-20.169001,-50.046345
944,-21.574167,-20.182484,-50.108226
945,-21.572116,-20.178183,-49.991848
946,-21.551010,-20.160897,-50.173336
947,-21.542284,-20.158728,-50.103699
948,-21.534000,-20.168041,-50.083264
949,-21.519150,-20.148038,-50.059200
950,-21.489873,-20.161771,-49.987357
951,-21.506112,-20.140728,-49.844627
952,-21.464723,-20.140698,-50.001552
953,-21.487579,-20.142589,-49.914449
954,-21.456873,-20.175768,-50.028073
955,-21.449487,-20.172683,-49.870609
956,-21.454276,-20.177923,-49.760388
957,-21.443402,-20.173549,-49.701980
958,-21.444576,-20.173473,-49.760236
959,-21.457581,-20.161901,-49.691556
960,-21.450667,-20.177095,-49.675748
961,-21.455257,-20.175138,-49.643956
962,-21.459748,-20.146777,-49.610520
963,-21.459739,-20.163970,-49.612374
964,-21.451298,-20.153458,-49.647209
965,-21.452114,-20.163250,-49.640695
966,-21.437161,-20.168336,-49.612832
967,-21.434084,-20.134391,-49.479965
968,-21.441202,-20.169012,-49.420766
969,-21.442952,-20.153780,-49.509438
970,-21.450407,-20.176133,-49.497783
971,-21.449176,-20.166226,-49.505628
972,-21.437422,-20.153735,-49.335057
973,-21.416424,-20.178314,-49.457899
974,-21.421257,-20.159863,-49.441900
975,-21.436490,-20.160032,-49.386381
976,-21.438665,-20.141545,-49.274805
977,-21.429023,-20.155586,-49.417117
978,-21.439696,-20.153216,-49.277476
979,-21.442292,-20.136131,-49.308399
980,-21.422736,-20.134396,-49.222264
981,-21.432726,-20.157604,-49.457883
982,-21.441646,-20.144018,-49.366292
983,-21.429230,-20.160827,-49.374882
984,-21.437667,-20.145839,-49.248951
985,-21.450509,-20.154265,-49.347054
986,-21.429275,-20.132634,-49.230816
987,-21.437984,-20.137709,-49.202505
988,-21.440894,-20.136705,-49.350589
989,-21.428781,-20.139581,-49.293725
990,-21.440684,-20.119481,-49.245272
991,-21.449986,-20.128136,-49.155656
992,-21.458073,-20.142854,-49.189757
993,-21.434942,-20.145849,-49.188158
994,-21.437106,-20.148333,-49.148017
995,-21.441407,-20.152893,-48.885606
996,-21.435180,-20.152421,-49.029001
997,-21.442055,-20.130154,-49.207601
998,-21.435092,-20.145835,-49.005684
999,-21.417084,-20.126650,-49.055135
1000,-21.433771,-20.153180,-49.012879
