Epoch,chi_Mean_0.235,chi_Mean_0.94,chi_Mean_3.76
1,-22.631722,-22.113563,-23.996324
2,-19.031306,-18.881555,-18.808311
3,-18.856983,-18.714927,-18.469569
4,-18.847265,-18.715555,-18.450708
5,-18.851407,-18.716948,-18.457690
6,-18.851788,-18.723865,-18.468548
7,-18.851866,-18.728644,-18.477099
8,-18.857463,-18.732655,-18.488986
9,-18.856757,-18.741677,-18.495726
10,-18.858706,-18.743651,-18.506157
11,-18.861391,-18.748432,-18.516546
12,-18.865047,-18.756160,-18.527069
13,-18.864263,-18.761242,-18.538655
14,-18.866065,-18.766870,-18.548397
15,-18.869350,-18.773319,-18.562784
16,-18.873721,-18.779327,-18.572369
17,-18.875996,-18.783399,-18.583320
18,-18.877486,-18.790164,-18.595218
19,-18.879148,-18.796774,-18.607608
20,-18.884750,-18.802248,-18.617777
21,-18.886725,-18.808888,-18.631452
22,-18.888947,-18.811542,-18.643046
23,-18.893250,-18.817895,-18.655202
24,-18.896969,-18.823865,-18.665984
25,-18.902655,-18.829386,-18.676561
26,-18.903450,-18.834978,-18.688053
27,-18.905899,-18.841749,-18.699103
28,-18.909557,-18.847581,-18.709560
29,-18.914309,-18.852956,-18.721026
30,-18.914013,-18.860840,-18.736393
31,-18.918390,-18.863823,-18.744593
32,-18.923126,-18.870604,-18.753489
33,-18.928886,-18.873402,-18.766091
34,-18.929630,-18.880177,-18.776714
35,-18.930007,-18.885549,-18.784536
36,-18.934918,-18.887961,-18.801107
37,-18.934981,-18.896161,-18.810109
38,-18.937161,-18.900638,-18.822287
39,-18.941892,-18.904096,-18.830172
40,-18.943618,-18.908092,-18.840686
41,-18.944500,-18.914863,-18.846687
42,-18.950040,-18.917914,-18.857175
43,-18.953681,-18.922918,-18.860963
44,-18.954984,-18.926841,-18.867605
45,-18.955721,-18.930266,-18.875569
46,-18.958969,-18.935930,-18.885588
47,-18.960496,-18.938799,-18.892936
48,-18.966476,-18.944353,-18.900544
49,-18.966562,-18.948854,-18.909388
50,-18.970509,-18.952450,-18.916883
51,-18.968607,-18.957133,-18.929345
52,-18.972655,-18.960649,-18.931348
53,-18.972697,-18.961030,-18.940083
54,-18.977932,-18.964593,-18.952175
55,-18.977711,-18.970228,-18.954848
56,-18.981617,-18.974128,-18.962799
57,-18.979109,-18.978511,-18.974025
58,-18.983916,-18.979090,-18.975373
59,-18.983062,-18.981652,-18.986331
60,-18.985038,-18.983703,-18.992725
61,-18.987121,-18.990534,-18.999784
62,-18.989723,-18.991311,-19.007068
63,-18.987248,-18.991672,-19.014427
64,-18.991446,-18.996482,-19.020026
65,-18.992683,-18.998138,-19.026222
66,-18.996005,-18.999900,-19.038198
67,-18.997112,-19.002582,-19.041203
68,-18.993058,-19.005857,-19.048063
69,-18.997207,-19.007607,-19.055755
70,-18.999625,-19.010937,-19.061956
71,-18.998609,-19.014400,-19.066672
72,-19.004362,-19.017835,-19.068970
73,-19.003593,-19.020235,-19.075903
74,-19.003570,-19.024284,-19.083269
75,-19.002546,-19.022480,-19.088841
76,-19.004873,-19.023344,-19.096647
77,-19.007521,-19.027624,-19.105167
78,-19.009588,-19.031139,-19.105896
79,-19.009400,-19.029785,-19.116466
80,-19.006361,-19.031213,-19.123040
81,-19.010308,-19.035586,-19.126967
82,-19.010036,-19.036923,-19.143067
83,-19.013038,-19.039456,-19.143509
84,-19.009145,-19.039932,-19.155038
85,-19.013113,-19.040160,-19.172872
86,-19.015065,-19.044050,-19.171862
87,-19.011647,-19.043343,-19.194583
88,-19.012699,-19.046014,-19.192529
89,-19.012838,-19.047194,-19.200699
90,-19.013689,-19.047499,-19.205905
91,-19.014231,-19.048063,-19.194953
92,-19.015305,-19.050489,-19.231058
93,-19.013822,-19.050052,-19.251601
94,-19.013805,-19.053371,-19.329502
95,-19.014103,-19.053143,-19.309957
96,-19.017002,-19.051830,-19.358773
97,-19.018045,-19.053750,-19.399591
98,-19.017575,-19.058061,-19.389093
99,-19.020692,-19.055585,-19.433844
100,-19.020173,-19.056681,-19.471895
101,-19.015621,-19.058557,-19.495973
102,-19.018967,-19.057695,-19.534415
103,-19.015735,-19.058313,-19.678654
104,-19.019495,-19.057465,-19.749684
105,-19.019185,-19.061272,-19.743244
106,-19.021090,-19.061242,-19.843521
107,-19.020901,-19.059888,-19.803225
108,-19.021033,-19.061143,-19.941853
109,-19.017236,-19.061007,-20.119245
110,-19.019484,-19.061432,-20.297973
111,-19.017047,-19.062175,-20.216343
112,-19.016714,-19.063359,-20.338042
113,-19.021263,-19.066150,-20.528284
114,-19.019935,-19.066213,-20.645881
115,-19.016082,-19.064538,-20.765945
116,-19.019523,-19.067772,-21.004719
117,-19.016929,-19.067128,-20.948343
118,-19.016465,-19.063751,-21.133345
119,-19.017667,-19.069025,-21.299141
120,-19.017466,-19.065264,-21.273385
121,-19.018391,-19.069145,-21.336825
122,-19.016049,-19.067901,-21.651415
123,-19.015662,-19.066456,-21.470582
124,-19.013477,-19.066436,-21.623511
125,-19.016407,-19.064593,-21.950138
126,-19.014481,-19.067217,-21.975970
127,-19.017606,-19.069080,-22.127279
128,-19.015435,-19.065530,-22.231916
129,-19.018161,-19.065330,-22.298934
130,-19.014638,-19.065918,-22.581420
131,-19.014816,-19.068260,-22.503332
132,-19.013265,-19.062656,-22.743209
133,-19.010525,-19.065868,-22.920757
134,-19.012609,-19.066522,-23.002571
135,-19.013599,-19.068489,-22.987480
136,-19.013243,-19.069375,-23.110938
137,-19.011154,-19.064584,-23.305390
138,-19.012209,-19.065248,-23.426074
139,-19.015829,-19.065048,-23.441900
140,-19.013176,-19.064206,-23.630533
141,-19.010258,-19.062216,-23.908012
142,-19.010064,-19.062062,-23.855076
143,-19.009006,-19.064434,-24.044743
144,-19.007761,-19.061028,-24.191442
145,-19.006467,-19.065147,-24.430801
146,-19.005263,-19.062630,-24.433841
147,-19.006540,-19.059976,-24.601696
148,-19.003042,-19.061511,-24.678260
149,-19.000878,-19.059766,-24.932424
150,-19.001718,-19.063443,-24.963551
151,-19.003599,-19.060332,-25.298589
152,-18.999696,-19.060575,-25.184589
153,-18.999641,-19.059366,-25.461079
154,-18.999283,-19.058223,-25.578453
155,-18.998029,-19.058146,-25.651922
156,-18.999010,-19.058605,-25.759111
157,-18.998486,-19.059213,-25.915122
158,-18.997766,-19.058051,-26.090232
159,-18.997163,-19.054720,-26.033981
160,-18.998006,-19.055512,-26.047975
161,-19.000021,-19.055301,-26.361951
162,-18.994371,-19.058655,-26.618458
163,-18.996872,-19.054703,-26.547915
164,-18.999743,-19.054012,-26.839410
165,-18.990243,-19.055775,-26.818231
166,-18.992776,-19.051720,-26.953801
167,-18.991147,-19.054995,-27.188559
168,-18.992340,-19.053189,-27.209668
169,-18.988592,-19.052075,-27.557950
170,-18.987452,-19.050928,-27.554995
171,-18.988811,-19.052782,-27.552335
172,-18.990244,-19.048044,-27.707011
173,-18.987101,-19.049761,-27.695181
174,-18.987700,-19.047671,-27.921372
175,-18.987994,-19.051545,-27.903958
176,-18.985341,-19.045901,-27.934564
177,-18.985022,-19.045654,-28.066314
178,-18.985298,-19.046656,-28.151885
179,-18.981484,-19.050831,-28.346424
180,-18.982795,-19.047255,-28.453002
181,-18.981538,-19.046087,-28.490174
182,-18.981954,-19.044950,-28.519513
183,-18.981051,-19.047327,-28.684380
184,-18.979892,-19.042240,-28.560533
185,-18.977029,-19.045395,-28.835039
186,-18.976937,-19.042857,-29.045237
187,-18.977316,-19.044014,-28.962457
188,-18.976952,-19.044110,-29.151114
189,-18.978439,-19.042431,-29.063283
190,-18.976074,-19.041873,-29.119607
191,-18.975442,-19.042830,-29.220509
192,-18.977902,-19.038468,-29.384482
193,-18.973973,-19.038685,-29.530443
194,-18.971583,-19.037107,-29.561501
195,-18.968692,-19.037276,-29.524074
196,-18.971112,-19.036192,-29.633683
197,-18.969659,-19.036008,-29.724454
198,-18.972117,-19.033686,-29.994875
199,-18.968331,-19.035022,-29.817521
200,-18.968714,-19.033974,-29.934231
201,-18.968729,-19.033263,-29.977373
202,-18.965389,-19.034204,-30.072432
203,-18.964824,-19.029953,-30.012792
204,-18.965030,-19.033161,-30.426417
205,-18.966440,-19.030698,-30.328382
206,-18.964665,-19.034878,-30.384169
207,-18.963491,-19.026935,-30.479994
208,-18.964455,-19.029118,-30.352109
209,-18.963694,-19.030139,-30.654915
210,-18.962596,-19.029625,-30.741135
211,-18.960718,-19.030755,-30.576197
212,-18.959595,-19.026858,-30.540723
213,-18.959652,-19.022047,-30.778691
214,-18.959169,-19.023608,-30.751338
215,-18.956489,-19.025885,-30.913917
216,-18.958037,-19.023027,-30.844664
217,-18.955644,-19.024041,-30.811578
218,-18.957096,-19.024313,-31.017835
219,-18.957272,-19.021198,-31.120521
220,-18.955930,-19.018800,-31.234778
221,-18.955610,-19.022225,-31.221315
222,-18.953862,-19.016840,-31.183660
223,-18.953230,-19.019005,-31.241931
224,-18.950831,-19.022702,-31.573872
225,-18.955435,-19.015997,-31.486030
226,-18.948930,-19.019665,-31.479707
227,-18.947479,-19.014953,-31.454461
228,-18.947192,-19.015942,-31.532588
229,-18.948739,-19.014846,-31.507669
230,-18.946948,-19.012643,-31.526914
231,-18.946563,-19.013313,-31.648960
232,-18.947781,-19.013612,-31.655559
233,-18.947946,-19.012218,-31.747878
234,-18.942928,-19.015079,-31.936465
235,-18.945598,-19.011435,-31.740499
236,-18.943498,-19.008611,-31.958612
237,-18.942629,-19.008320,-31.992131
238,-18.943387,-19.008569,-32.202282
239,-18.942299,-19.010157,-31.902073
240,-18.943270,-19.004553,-32.065526
241,-18.942839,-19.006437,-31.950130
242,-18.940428,-19.007023,-32.105548
243,-18.940461,-19.009228,-31.979134
244,-18.938204,-19.004798,-32.151785
245,-18.938819,-19.005612,-32.094278
246,-18.939706,-19.003637,-32.167639
247,-18.937574,-18.999247,-32.097321
248,-18.937749,-19.004000,-32.287481
249,-18.935728,-19.004312,-32.179719
250,-18.933370,-18.999185,-32.371800
251,-18.934729,-18.998936,-32.216472
252,-18.933741,-18.999978,-32.231863
253,-18.931717,-18.997811,-32.337173
254,-18.931415,-18.998425,-32.262149
255,-18.933356,-18.998235,-32.279560
256,-18.931802,-18.993936,-32.346387
257,-18.933394,-18.997587,-32.353392
258,-18.931897,-18.992253,-32.470426
259,-18.931393,-18.997412,-32.394483
260,-18.930143,-18.994542,-32.408514
261,-18.930206,-18.990973,-32.447844
262,-18.927738,-18.989996,-32.442318
263,-18.928993,-18.990133,-32.469569
264,-18.928749,-18.992483,-32.379573
265,-18.923755,-18.993095,-32.588809
266,-18.924448,-18.991810,-32.493248
267,-18.927093,-18.990022,-32.421392
268,-18.923723,-18.985299,-32.545881
269,-18.925464,-18.987239,-32.633364
270,-18.923753,-18.986754,-32.484876
271,-18.923001,-18.984432,-32.514847
272,-18.924160,-18.984018,-32.665271
273,-18.922301,-18.984481,-32.513861
274,-18.922012,-18.983842,-32.620390
275,-18.918887,-18.982092,-32.509384
276,-18.920742,-18.980861,-32.613515
277,-18.917897,-18.983780,-32.606954
278,-18.917648,-18.980408,-32.657312
279,-18.916586,-18.982013,-32.631168
280,-18.919680,-18.980937,-32.477081
281,-18.916409,-18.982924,-32.501891
282,-18.915708,-18.980132,-32.580518
283,-18.913920,-18.979124,-32.647222
284,-18.914811,-18.982013,-32.553725
285,-18.913954,-18.977727,-32.597303
286,-18.913832,-18.980021,-32.483688
287,-18.911785,-18.977614,-32.695304
288,-18.911805,-18.976824,-32.674787
289,-18.911217,-18.976931,-32.622430
290,-18.909400,-18.974699,-32.580260
291,-18.911974,-18.973989,-32.476772
292,-18.910715,-18.976006,-32.565642
293,-18.908683,-18.977837,-32.747502
294,-18.908732,-18.973982,-32.494864
295,-18.907850,-18.973807,-32.550217
296,-18.907025,-18.971626,-32.591386
297,-18.912225,-18.973332,-32.627075
298,-18.907468,-18.973520,-32.525546
299,-18.909212,-18.969189,-32.741298
300,-18.907775,-18.971099,-32.531655
301,-18.909226,-18.969904,-32.650373
302,-18.907105,-18.969848,-32.565591
303,-18.901906,-18.971777,-32.450108
304,-18.905768,-18.968480,-32.443375
305,-18.902809,-18.965920,-32.484582
306,-18.903458,-18.968475,-32.625879
307,-18.901823,-18.966822,-32.566759
308,-18.903143,-18.963938,-32.740200
309,-18.903043,-18.964315,-32.349866
310,-18.902477,-18.964930,-32.403241
311,-18.900889,-18.965858,-32.185651
312,-18.897907,-18.963452,-32.380623
313,-18.899401,-18.965479,-32.562113
314,-18.900426,-18.960214,-32.395388
315,-18.899764,-18.958443,-32.418229
316,-18.898759,-18.958779,-32.500940
317,-18.896063,-18.959046,-32.387905
318,-18.900075,-18.959507,-32.293223
319,-18.900210,-18.959610,-32.242978
320,-18.896526,-18.963343,-32.191311
321,-18.897993,-18.960295,-32.466124
322,-18.895948,-18.957832,-32.295028
323,-18.894051,-18.959805,-32.267401
324,-18.893171,-18.956719,-32.251193
325,-18.890356,-18.956925,-32.246256
326,-18.895124,-18.956396,-32.352029
327,-18.890093,-18.956235,-32.204149
328,-18.892083,-18.956024,-32.260872
329,-18.891808,-18.953024,-32.187474
330,-18.887087,-18.956399,-32.071091
331,-18.892334,-18.955093,-32.173665
332,-18.889929,-18.954587,-32.052562
333,-18.888292,-18.952907,-31.981442
334,-18.888971,-18.952311,-31.837209
335,-18.890491,-18.951593,-32.104161
336,-18.886511,-18.951136,-31.957858
337,-18.885529,-18.950943,-32.089348
338,-18.881791,-18.951992,-32.108428
339,-18.886824,-18.947967,-31.925036
340,-18.885291,-18.949786,-31.966830
341,-18.885652,-18.948311,-32.161507
342,-18.882218,-18.946680,-32.145302
343,-18.882130,-18.948578,-32.002280
344,-18.883801,-18.947413,-32.067701
345,-18.883429,-18.946761,-31.984175
346,-18.883241,-18.943009,-31.952901
347,-18.882850,-18.944324,-31.869070
348,-18.881813,-18.942668,-31.989896
349,-18.881253,-18.944476,-31.883941
350,-18.881042,-18.941557,-32.002140
351,-18.879866,-18.942164,-31.947184
352,-18.880446,-18.942917,-31.904931
353,-18.880045,-18.943635,-32.070785
354,-18.877473,-18.943977,-32.096078
355,-18.879138,-18.941649,-31.906472
356,-18.879195,-18.943092,-31.863050
357,-18.878293,-18.942122,-31.835295
358,-18.878823,-18.939365,-31.941805
359,-18.879868,-18.941837,-31.857663
360,-18.875665,-18.939375,-32.008498
361,-18.873196,-18.939186,-31.902179
362,-18.875141,-18.937906,-31.666734
363,-18.877635,-18.937738,-31.869023
364,-18.872132,-18.935428,-31.635302
365,-18.871477,-18.933477,-31.925530
366,-18.874617,-18.935808,-31.934432
367,-18.876695,-18.933595,-31.694749
368,-18.873758,-18.931215,-31.589227
369,-18.870023,-18.932870,-31.897896
370,-18.871601,-18.935226,-31.630550
371,-18.870648,-18.932908,-31.859426
372,-18.871862,-18.931276,-31.671578
373,-18.872928,-18.931430,-31.947550
374,-18.870801,-18.930310,-31.797067
375,-18.870534,-18.933691,-31.999151
376,-18.868689,-18.930898,-31.863013
377,-18.871150,-18.931100,-31.839702
378,-18.867982,-18.929177,-31.900364
379,-18.873568,-18.925984,-31.887245
380,-18.870271,-18.928375,-31.816345
381,-18.868700,-18.927572,-31.852129
382,-18.869704,-18.926019,-31.781550
383,-18.868192,-18.925257,-31.759155
384,-18.871331,-18.926608,-31.746385
385,-18.868616,-18.924690,-31.780811
386,-18.868143,-18.922591,-31.560541
387,-18.868796,-18.921529,-31.762341
388,-18.869531,-18.923160,-31.599885
389,-18.869255,-18.922559,-31.798283
390,-18.865539,-18.923372,-31.787402
391,-18.867798,-18.923318,-31.667443
392,-18.867703,-18.922525,-31.769143
393,-18.867411,-18.917599,-31.631212
394,-18.870305,-18.922433,-31.610363
395,-18.867770,-18.921530,-31.507184
396,-18.865656,-18.921982,-31.588002
397,-18.862842,-18.922314,-31.716806
398,-18.866207,-18.921170,-31.716506
399,-18.867064,-18.920869,-31.655370
400,-18.861989,-18.918334,-31.648078
401,-18.864167,-18.920119,-31.590658
402,-18.867264,-18.917441,-31.680418
403,-18.859406,-18.921939,-31.684042
404,-18.862729,-18.919688,-31.635766
405,-18.862220,-18.916538,-31.600307
406,-18.862655,-18.919225,-31.649327
407,-18.864188,-18.916693,-31.704470
408,-18.862895,-18.915783,-31.586489
409,-18.860065,-18.917887,-31.696543
410,-18.861366,-18.916402,-31.339030
411,-18.860739,-18.913835,-31.554545
412,-18.859985,-18.914355,-31.392932
413,-18.857526,-18.916706,-31.458644
414,-18.865411,-18.914396,-31.426917
415,-18.859499,-18.913265,-31.398506
416,-18.859970,-18.915540,-31.573131
417,-18.860684,-18.913277,-31.429998
418,-18.857443,-18.913810,-31.566561
419,-18.857628,-18.911815,-31.311009
420,-18.858939,-18.912874,-31.381083
421,-18.859095,-18.913984,-31.362819
422,-18.858065,-18.912741,-31.538163
423,-18.858739,-18.911598,-31.727447
424,-18.856520,-18.909549,-31.344509
425,-18.857681,-18.910080,-31.593298
426,-18.857789,-18.909652,-31.302213
427,-18.855199,-18.907278,-31.548258
428,-18.856008,-18.910630,-31.577900
429,-18.854641,-18.908406,-31.476482
430,-18.858463,-18.909852,-31.473615
431,-18.853404,-18.908094,-31.465136
432,-18.853495,-18.905459,-31.482535
433,-18.852355,-18.909232,-31.709373
434,-18.850874,-18.903771,-31.567379
435,-18.854199,-18.904319,-31.582221
436,-18.853738,-18.907038,-31.470090
437,-18.850625,-18.904138,-31.328300
438,-18.852377,-18.906519,-31.520132
439,-18.849024,-18.907336,-31.386532
440,-18.850417,-18.907851,-31.591254
441,-18.849511,-18.902972,-31.316066
442,-18.848049,-18.904932,-31.384070
443,-18.846170,-18.906180,-31.572220
444,-18.849835,-18.904453,-31.343783
445,-18.849033,-18.905026,-31.201546
446,-18.846940,-18.905041,-31.494853
447,-18.846102,-18.901535,-31.481316
448,-18.847818,-18.902348,-31.563395
449,-18.843703,-18.899335,-31.393132
450,-18.851475,-18.900128,-31.375420
451,-18.848138,-18.904134,-31.242290
452,-18.848737,-18.901276,-31.244675
453,-18.846940,-18.898301,-31.366889
454,-18.848356,-18.900621,-31.197416
455,-18.843808,-18.900388,-31.275320
456,-18.845869,-18.899214,-31.241584
457,-18.843122,-18.897665,-31.331967
458,-18.844595,-18.899561,-31.473663
459,-18.845470,-18.900479,-31.560411
460,-18.842088,-18.899166,-31.391960
461,-18.845603,-18.899440,-31.398819
462,-18.842652,-18.897664,-31.376043
463,-18.842309,-18.896594,-31.247431
464,-18.840436,-18.898772,-31.213388
465,-18.843935,-18.897881,-31.220595
466,-18.845414,-18.895684,-31.267949
467,-18.844825,-18.895320,-31.416183
468,-18.842013,-18.894509,-31.243360
469,-18.843575,-18.897314,-31.187397
470,-18.844001,-18.892381,-31.273428
471,-18.843896,-18.894794,-31.231700
472,-18.842011,-18.898086,-31.319139
473,-18.843449,-18.895734,-31.252444
474,-18.838973,-18.892468,-31.288202
475,-18.842340,-18.895792,-31.220625
476,-18.845158,-18.892866,-31.119821
477,-18.840945,-18.890703,-31.142554
478,-18.840859,-18.891958,-31.187382
479,-18.839737,-18.890323,-31.210549
480,-18.839395,-18.892190,-31.150007
481,-18.840358,-18.892688,-31.136348
482,-18.840262,-18.893700,-31.037312
483,-18.840029,-18.891341,-31.193735
484,-18.841147,-18.892053,-31.131297
485,-18.837559,-18.892181,-31.107631
486,-18.839035,-18.890854,-31.167959
487,-18.840330,-18.888161,-31.207524
488,-18.839397,-18.889117,-31.230274
489,-18.837941,-18.890498,-31.136403
490,-18.837076,-18.885909,-31.147801
491,-18.839846,-18.885475,-31.311167
492,-18.837673,-18.885123,-31.087614
493,-18.839842,-18.882965,-31.272021
494,-18.837934,-18.886162,-31.221758
495,-18.837664,-18.885667,-31.111778
496,-18.836577,-18.886243,-31.201653
497,-18.835799,-18.887394,-31.214663
498,-18.835118,-18.884879,-31.230147
499,-18.834508,-18.884110,-31.108703
500,-18.837193,-18.884953,-31.291212
501,-18.837579,-18.884401,-31.097686
502,-18.837319,-18.882209,-31.188438
503,-18.837607,-18.885379,-31.333419
504,-18.836053,-18.883772,-31.160963
505,-18.836547,-18.884761,-31.196740
506,-18.836116,-18.881699,-31.244434
507,-18.833743,-18.881834,-31.172736
508,-18.837607,-18.883919,-31.189902
509,-18.833326,-18.882054,-30.917569
510,-18.834560,-18.885259,-31.303082
511,-18.833103,-18.880386,-31.093174
512,-18.830402,-18.882944,-31.098168
513,-18.832185,-18.881729,-31.098353
514,-18.829112,-18.880955,-31.231720
515,-18.831263,-18.883830,-31.138036
516,-18.832123,-18.880637,-31.135163
517,-18.831075,-18.879764,-31.168097
518,-18.832652,-18.881209,-31.078381
519,-18.828586,-18.880603,-31.107692
520,-18.825999,-18.878288,-31.168426
521,-18.829836,-18.877418,-31.192109
522,-18.829297,-18.876531,-31.025835
523,-18.828492,-18.877191,-31.087480
524,-18.829266,-18.877027,-31.213059
525,-18.830679,-18.874821,-31.008520
526,-18.829851,-18.874002,-31.120545
527,-18.827389,-18.875774,-31.123361
528,-18.828921,-18.874141,-31.050360
529,-18.827089,-18.874925,-30.967967
530,-18.830125,-18.872600,-30.957454
531,-18.826763,-18.874109,-30.847611
532,-18.829597,-18.871707,-30.904482
533,-18.829255,-18.874173,-31.059678
534,-18.829247,-18.876242,-31.044619
535,-18.825677,-18.872028,-31.098418
536,-18.825644,-18.873881,-30.849813
537,-18.826672,-18.872391,-31.125926
538,-18.824902,-18.871160,-31.069941
539,-18.826299,-18.872306,-30.870180
540,-18.825024,-18.869384,-31.017453
541,-18.824568,-18.868610,-30.960870
542,-18.826018,-18.869175,-31.018670
543,-18.824708,-18.870070,-31.145893
544,-18.824520,-18.869880,-30.755656
545,-18.822095,-18.868566,-31.064759
546,-18.821263,-18.866178,-30.745114
547,-18.823312,-18.866085,-30.977631
548,-18.820861,-18.869969,-30.899243
549,-18.823441,-18.867785,-31.120410
550,-18.821442,-18.867895,-30.846636
551,-18.822832,-18.868537,-30.920878
552,-18.820375,-18.865119,-30.943565
553,-18.823501,-18.867568,-30.798420
554,-18.820712,-18.865288,-30.902802
555,-18.821603,-18.868506,-30.781583
556,-18.824190,-18.868452,-30.757844
557,-18.821292,-18.868194,-31.019201
558,-18.822723,-18.862985,-30.645467
559,-18.821746,-18.865765,-30.849544
560,-18.819423,-18.862946,-30.881113
561,-18.822340,-18.867005,-30.841585
562,-18.820645,-18.864595,-30.824759
563,-18.820215,-18.866273,-30.929956
564,-18.821332,-18.864924,-30.817280
565,-18.821442,-18.864081,-30.931432
566,-18.820829,-18.863771,-30.912739
567,-18.821406,-18.860113,-30.726141
568,-18.822520,-18.861856,-30.655620
569,-18.823186,-18.862562,-30.760184
570,-18.819413,-18.862426,-30.827381
571,-18.822061,-18.861783,-30.701533
572,-18.821833,-18.859055,-30.893607
573,-18.821909,-18.861594,-30.794737
574,-18.820382,-18.858911,-30.900267
575,-18.820006,-18.860600,-30.911939
576,-18.822749,-18.858803,-30.757277
577,-18.822615,-18.860857,-30.784425
578,-18.820046,-18.858854,-31.032396
579,-18.822697,-18.857061,-30.738745
580,-18.819306,-18.859802,-30.892501
581,-18.821355,-18.856335,-31.039109
582,-18.821062,-18.857756,-30.752319
583,-18.820674,-18.859226,-30.742757
584,-18.820423,-18.858108,-30.750155
585,-18.820007,-18.861036,-30.775753
586,-18.819989,-18.860025,-30.760628
587,-18.817077,-18.857004,-30.560029
588,-18.816343,-18.857367,-30.748780
589,-18.821075,-18.860672,-30.903712
590,-18.818393,-18.861006,-30.871416
591,-18.816072,-18.855100,-30.584911
592,-18.816956,-18.856421,-30.677258
593,-18.816617,-18.856880,-30.762388
594,-18.815296,-18.856407,-30.836101
595,-18.816593,-18.855017,-30.639662
596,-18.815938,-18.855838,-30.757681
597,-18.816787,-18.855564,-30.822567
598,-18.814024,-18.853886,-30.557061
599,-18.815436,-18.856189,-30.628145
600,-18.815011,-18.857254,-30.641644
601,-18.817948,-18.854326,-30.752252
602,-18.816541,-18.855836,-30.708691
603,-18.813822,-18.853558,-30.573711
604,-18.815697,-18.851600,-30.587711
605,-18.814988,-18.853894,-30.807195
606,-18.817423,-18.853172,-30.700117
607,-18.815085,-18.852695,-30.523145
608,-18.813780,-18.854196,-30.542062
609,-18.812375,-18.851441,-30.656458
610,-18.814339,-18.853572,-30.776086
611,-18.817064,-18.852416,-30.693844
612,-18.817502,-18.851223,-30.805023
613,-18.816826,-18.850522,-30.613766
614,-18.817264,-18.852057,-30.638114
615,-18.817748,-18.849073,-30.552891
616,-18.817321,-18.850395,-30.498813
617,-18.812772,-18.852155,-30.439318
618,-18.815162,-18.850783,-30.484451
619,-18.816253,-18.850751,-30.505010
620,-18.814695,-18.855131,-30.664157
621,-18.814715,-18.849991,-30.463665
622,-18.814851,-18.852733,-30.566633
623,-18.812481,-18.851155,-30.562617
624,-18.815815,-18.850238,-30.546809
625,-18.815719,-18.852404,-30.211244
626,-18.814709,-18.848237,-30.369837
627,-18.810668,-18.852383,-30.377132
628,-18.812605,-18.850146,-30.510588
629,-18.814002,-18.848645,-30.653508
630,-18.811417,-18.850180,-30.441809
631,-18.815123,-18.847416,-30.496402
632,-18.812552,-18.847951,-30.402753
633,-18.812068,-18.849231,-30.633616
634,-18.813560,-18.851409,-30.421108
635,-18.810970,-18.848336,-30.563900
636,-18.809591,-18.847246,-30.432323
637,-18.814007,-18.849928,-30.443903
638,-18.812698,-18.851830,-30.475653
639,-18.813407,-18.850069,-30.566238
640,-18.813538,-18.847760,-30.502282
641,-18.815168,-18.845325,-30.439370
642,-18.815615,-18.847325,-30.466079
643,-18.809327,-18.846932,-30.526978
644,-18.811219,-18.844267,-30.523530
645,-18.811622,-18.844780,-30.666796
646,-18.811956,-18.844802,-30.463745
647,-18.812586,-18.841190,-30.455152
648,-18.812433,-18.840560,-30.335288
649,-18.812266,-18.842624,-30.381586
650,-18.810716,-18.840163,-30.419792
651,-18.810738,-18.841437,-30.267089
652,-18.812482,-18.840943,-30.300947
653,-18.811214,-18.842744,-30.326320
654,-18.811388,-18.840392,-30.318799
655,-18.811225,-18.841128,-30.518075
656,-18.812095,-18.840652,-30.307140
657,-18.810317,-18.839814,-30.275260
658,-18.810624,-18.841751,-30.357903
659,-18.811881,-18.842546,-30.340292
660,-18.812078,-18.841640,-30.388568
661,-18.813791,-18.841687,-30.329741
662,-18.813459,-18.843106,-30.439844
663,-18.808334,-18.841422,-30.573392
664,-18.810404,-18.841645,-30.360301
665,-18.810080,-18.841240,-30.250994
666,-18.810000,-18.837393,-30.451542
667,-18.807759,-18.839407,-30.301565
668,-18.812180,-18.840658,-30.421693
669,-18.806105,-18.841261,-30.262958
670,-18.810001,-18.838539,-30.345670
671,-18.806401,-18.838871,-30.534136
672,-18.808507,-18.842333,-30.421722
673,-18.811410,-18.835828,-30.393959
674,-18.808223,-18.838574,-30.423465
675,-18.808484,-18.835540,-30.362980
676,-18.809801,-18.836447,-30.295126
677,-18.806344,-18.833822,-30.301522
678,-18.806996,-18.838164,-30.292048
679,-18.807109,-18.833992,-30.406573
680,-18.806439,-18.837083,-30.458710
681,-18.806092,-18.836646,-30.290178
682,-18.805966,-18.833486,-30.369762
683,-18.806758,-18.835176,-30.136908
684,-18.804275,-18.835128,-30.215517
685,-18.807454,-18.836526,-30.380608
686,-18.802901,-18.837933,-30.221683
687,-18.805623,-18.836949,-30.302248
688,-18.802963,-18.836575,-29.989357
689,-18.804902,-18.838843,-30.214503
690,-18.803431,-18.836765,-30.060588
691,-18.805914,-18.836805,-30.062605
692,-18.803807,-18.837227,-30.257596
693,-18.805332,-18.836518,-30.373830
694,-18.805052,-18.835981,-30.150943
695,-18.804391,-18.834069,-30.240284
696,-18.806438,-18.836180,-30.079370
697,-18.802979,-18.834169,-30.112427
698,-18.802083,-18.833308,-30.170717
699,-18.804624,-18.835392,-29.840552
700,-18.802860,-18.831480,-30.109574
701,-18.802233,-18.836299,-30.185863
702,-18.801906,-18.833861,-30.107586
703,-18.802001,-18.831004,-30.133842
704,-18.802941,-18.832177,-29.994148
705,-18.802452,-18.835553,-30.021226
706,-18.798656,-18.832372,-30.098519
707,-18.803670,-18.829435,-30.338558
708,-18.799072,-18.833717,-29.837859
709,-18.799104,-18.829290,-30.020076
710,-18.801379,-18.831991,-30.067247
711,-18.800433,-18.829552,-30.191656
712,-18.800761,-18.830209,-30.102759
713,-18.798201,-18.832194,-29.975324
714,-18.800575,-18.829272,-30.118146
715,-18.800847,-18.828317,-29.896483
716,-18.797304,-18.825558,-30.089589
717,-18.797540,-18.831333,-30.194384
718,-18.800509,-18.828814,-30.050926
719,-18.797632,-18.827854,-30.017427
720,-18.800770,-18.826641,-29.964422
721,-18.797399,-18.828120,-29.805199
722,-18.798670,-18.828742,-30.078723
723,-18.796460,-18.831229,-29.900286
724,-18.796870,-18.828214,-29.871476
725,-18.800670,-18.829714,-29.994597
726,-18.800178,-18.827969,-30.008545
727,-18.799274,-18.824776,-29.942438
728,-18.795869,-18.829165,-29.836041
729,-18.795484,-18.827341,-29.969547
730,-18.795292,-18.827083,-30.013018
731,-18.794977,-18.827782,-29.887917
732,-18.797463,-18.825790,-29.879567
733,-18.798042,-18.824189,-29.857300
734,-18.797538,-18.828708,-29.935643
735,-18.796275,-18.824218,-29.948590
736,-18.793717,-18.827443,-29.936413
737,-18.796679,-18.829490,-29.891598
738,-18.795476,-18.827062,-29.846844
739,-18.794540,-18.824834,-29.832557
740,-18.799403,-18.824455,-30.054464
741,-18.797455,-18.827712,-29.973317
742,-18.795160,-18.828990,-29.759438
743,-18.797831,-18.824962,-29.931375
744,-18.797148,-18.824254,-29.819681
745,-18.797598,-18.825521,-29.925342
746,-18.797925,-18.825245,-29.928445
747,-18.800555,-18.822441,-29.923471
748,-18.794032,-18.825596,-29.818172
749,-18.797261,-18.824290,-29.925900
750,-18.798382,-18.825694,-29.784821
751,-18.796611,-18.824398,-30.003318
752,-18.794467,-18.823346,-29.707798
753,-18.793620,-18.824410,-29.939002
754,-18.795597,-18.827167,-30.102282
755,-18.791599,-18.823475,-29.822646
756,-18.796105,-18.824756,-29.760483
757,-18.794183,-18.823446,-29.843859
758,-18.793250,-18.823447,-29.730917
759,-18.794506,-18.822511,-29.844668
760,-18.795668,-18.823875,-29.970049
761,-18.794577,-18.822613,-29.620441
762,-18.793987,-18.822470,-30.021083
763,-18.793479,-18.827552,-29.979218
764,-18.794104,-18.824534,-29.872698
765,-18.793733,-18.825113,-29.777881
766,-18.795586,-18.821145,-29.944498
767,-18.791655,-18.821489,-29.744619
768,-18.790415,-18.823755,-30.023616
769,-18.791304,-18.822009,-29.894756
770,-18.791895,-18.819736,-29.747355
771,-18.792395,-18.820276,-29.956638
772,-18.792290,-18.821693,-29.903397
773,-18.789562,-18.822772,-29.878049
774,-18.793521,-18.821121,-29.741796
775,-18.792111,-18.817854,-29.625116
776,-18.790138,-18.820990,-29.596872
777,-18.787954,-18.819764,-29.770125
778,-18.792733,-18.817827,-29.724413
779,-18.793244,-18.820439,-29.711197
780,-18.789651,-18.818446,-29.829817
781,-18.791371,-18.820224,-29.682893
782,-18.791741,-18.820320,-29.610587
783,-18.791001,-18.820339,-29.725796
784,-18.789699,-18.822342,-29.808474
785,-18.789151,-18.816255,-29.498171
786,-18.791831,-18.820270,-29.615391
787,-18.788478,-18.820679,-29.617213
788,-18.788728,-18.820258,-29.509439
789,-18.786542,-18.818116,-29.465795
790,-18.787732,-18.820248,-29.612886
791,-18.787863,-18.820937,-29.598936
792,-18.787331,-18.816812,-29.631424
793,-18.788263,-18.817636,-29.656582
794,-18.790839,-18.818580,-29.710417
795,-18.787567,-18.815945,-29.445061
796,-18.783560,-18.817446,-29.553322
797,-18.788644,-18.819393,-29.660848
798,-18.789862,-18.818866,-29.710720
799,-18.788336,-18.818042,-29.701643
800,-18.788606,-18.820096,-29.706826
801,-18.788127,-18.818248,-29.378333
802,-18.789862,-18.820805,-29.386410
803,-18.786470,-18.815144,-29.529728
804,-18.787346,-18.819322,-29.663286
805,-18.785890,-18.820983,-29.522364
806,-18.789362,-18.813053,-29.701661
807,-18.785817,-18.814268,-29.675377
808,-18.786764,-18.816724,-29.529032
809,-18.784223,-18.816969,-29.425327
810,-18.785643,-18.817745,-29.666091
811,-18.788659,-18.822177,-29.419820
812,-18.785307,-18.816615,-29.521472
813,-18.786812,-18.816134,-29.511453
814,-18.784569,-18.815825,-29.436158
815,-18.787661,-18.815401,-29.523874
816,-18.784598,-18.818947,-29.506695
817,-18.786631,-18.815393,-29.393933
818,-18.784166,-18.813039,-29.332503
819,-18.785515,-18.815439,-29.518451
820,-18.785151,-18.813127,-29.616579
821,-18.787067,-18.810722,-29.407717
822,-18.787580,-18.813377,-29.585068
823,-18.784287,-18.813261,-29.358710
824,-18.783258,-18.814713,-29.431332
825,-18.790034,-18.810860,-29.542053
826,-18.785803,-18.814549,-29.487373
827,-18.785575,-18.813676,-29.295744
828,-18.786020,-18.815546,-29.320660
829,-18.781241,-18.815579,-29.453583
830,-18.787476,-18.812769,-29.348834
831,-18.785165,-18.813491,-29.564828
832,-18.783660,-18.813673,-29.346716
833,-18.785115,-18.813886,-29.479816
834,-18.784913,-18.813765,-29.176247
835,-18.784118,-18.813741,-29.226253
836,-18.783139,-18.815006,-29.327113
837,-18.782705,-18.812078,-29.295585
838,-18.781357,-18.813098,-29.077193
839,-18.781015,-18.814112,-29.043353
840,-18.785541,-18.812980,-29.199826
841,-18.782122,-18.809959,-29.215454
842,-18.784042,-18.813568,-29.140399
843,-18.782179,-18.811830,-29.372537
844,-18.781540,-18.809949,-29.272033
845,-18.785487,-18.810663,-29.091516
846,-18.780842,-18.809404,-29.231259
847,-18.783265,-18.811690,-29.324155
848,-18.782326,-18.809152,-29.279942
849,-18.781966,-18.813063,-29.224372
850,-18.783656,-18.808078,-29.244029
851,-18.781160,-18.810813,-29.164856
852,-18.782997,-18.809581,-29.185898
853,-18.784270,-18.809971,-29.259356
854,-18.783973,-18.811723,-29.112465
855,-18.781202,-18.809684,-29.121567
856,-18.780516,-18.810760,-29.198714
857,-18.781141,-18.807774,-29.230420
858,-18.781770,-18.810551,-29.157936
859,-18.780144,-18.806513,-29.267914
860,-18.781984,-18.809655,-29.093004
861,-18.784460,-18.810093,-29.253545
862,-18.784169,-18.809328,-29.108844
863,-18.781677,-18.808648,-29.180085
864,-18.785725,-18.810584,-28.977160
865,-18.780797,-18.811000,-29.146175
866,-18.783580,-18.810153,-29.173370
867,-18.785012,-18.808844,-29.216912
868,-18.780353,-18.808279,-29.177083
869,-18.777497,-18.808470,-29.058906
870,-18.781947,-18.807591,-29.094678
871,-18.782647,-18.807471,-29.045258
872,-18.781826,-18.805942,-29.197131
873,-18.780936,-18.805877,-29.276553
874,-18.781783,-18.806706,-29.136896
875,-18.781989,-18.808111,-29.151384
876,-18.781280,-18.804079,-29.193462
877,-18.779938,-18.809080,-29.152145
878,-18.776995,-18.805339,-29.025865
879,-18.779548,-18.806868,-29.214416
880,-18.780973,-18.805577,-29.357882
881,-18.779956,-18.807965,-29.198956
882,-18.777959,-18.808275,-29.153880
883,-18.779464,-18.804664,-29.111129
884,-18.778295,-18.806559,-29.179254
885,-18.778831,-18.806686,-29.106415
886,-18.778104,-18.805950,-28.867023
887,-18.775889,-18.805714,-28.864859
888,-18.778437,-18.804414,-28.930612
889,-18.779004,-18.802971,-28.988911
890,-18.779388,-18.802194,-29.053639
891,-18.781733,-18.804434,-29.158800
892,-18.777724,-18.803030,-29.067203
893,-18.778030,-18.803368,-29.028266
894,-18.778908,-18.802285,-29.103557
895,-18.780947,-18.802205,-29.153494
896,-18.780272,-18.799154,-29.013200
897,-18.781290,-18.801020,-29.059218
898,-18.778681,-18.802222,-29.161348
899,-18.784170,-18.803791,-29.136995
900,-18.777135,-18.801657,-29.280669
901,-18.780790,-18.799317,-29.215239
902,-18.779703,-18.802552,-29.018787
903,-18.779845,-18.803271,-28.978416
904,-18.778086,-18.802028,-29.128562
905,-18.778499,-18.797128,-29.107593
906,-18.780139,-18.799455,-28.853719
907,-18.778904,-18.800920,-29.008999
908,-18.780424,-18.800998,-28.936233
909,-18.782165,-18.799325,-28.966571
910,-18.778657,-18.799653,-29.041754
911,-18.778943,-18.800294,-28.873926
912,-18.778171,-18.798018,-28.930584
913,-18.778699,-18.800443,-28.867015
914,-18.780786,-18.802643,-29.081989
915,-18.779036,-18.803672,-28.916136
916,-18.777831,-18.798912,-29.037414
917,-18.779126,-18.800292,-28.921721
918,-18.779372,-18.803090,-28.936896
919,-18.776509,-18.798881,-28.839562
920,-18.777837,-18.802615,-28.733043
921,-18.776617,-18.797444,-28.678304
922,-18.778897,-18.797811,-28.921504
923,-18.776789,-18.798349,-28.772894
924,-18.776970,-18.799484,-28.744853
925,-18.777836,-18.798480,-28.712653
926,-18.778572,-18.799201,-28.795115
927,-18.777502,-18.798682,-28.786713
928,-18.776346,-18.796872,-28.999994
929,-18.778250,-18.798352,-28.801854
930,-18.776478,-18.798742,-28.690468
931,-18.777883,-18.798323,-28.905693
932,-18.775882,-18.797092,-28.832051
933,-18.777154,-18.798097,-28.663181
934,-18.773971,-18.797772,-28.625550
935,-18.776276,-18.798325,-28.635373
936,-18.774029,-18.800467,-28.435110
937,-18.775099,-18.796205,-28.504338
938,-18.772154,-18.796405,-28.621976
939,-18.777379,-18.796735,-28.585224
940,-18.775243,-18.799418,-28.682482
941,-18.773135,-18.797880,-28.585547
942,-18.773845,-18.797378,-28.489414
943,-18.774507,-18.795727,-28.450293
944,-18.772243,-18.799571,-28.567354
945,-18.772966,-18.796014,-28.343506
946,-18.773942,-18.797506,-28.533464
947,-18.774380,-18.796227,-28.445890
948,-18.773172,-18.797574,-28.442100
949,-18.771874,-18.797939,-28.522901
950,-18.774349,-18.796009,-28.555855
951,-18.771377,-18.794917,-28.514931
952,-18.775584,-18.796536,-28.391778
953,-18.772223,-18.795825,-28.371687
954,-18.771270,-18.795728,-28.259517
955,-18.772990,-18.797061,-28.229400
956,-18.772564,-18.798445,-28.200891
957,-18.773569,-18.796747,-28.398474
958,-18.775124,-18.797204,-28.286225
959,-18.772669,-18.796295,-28.344309
960,-18.771061,-18.797518,-28.289047
961,-18.772425,-18.799515,-28.236024
962,-18.771277,-18.794296,-28.275850
963,-18.771786,-18.797764,-28.201136
964,-18.772808,-18.796646,-28.255640
965,-18.772725,-18.795667,-28.237586
966,-18.769145,-18.796547,-28.297627
967,-18.770132,-18.797685,-28.349666
968,-18.768473,-18.795877,-28.163313
969,-18.771498,-18.796745,-28.146246
970,-18.771735,-18.795364,-28.051600
971,-18.771586,-18.796598,-27.966305
972,-18.770272,-18.795828,-28.113874
973,-18.773171,-18.795336,-27.954433
974,-18.769676,-18.794087,-27.947811
975,-18.772849,-18.792936,-27.908758
976,-18.768468,-18.794073,-28.153295
977,-18.769382,-18.794662,-28.011637
978,-18.770275,-18.796065,-27.984440
979,-18.773202,-18.791347,-28.081377
980,-18.768667,-18.790783,-28.041446
981,-18.770780,-18.790722,-28.038768
982,-18.772857,-18.791637,-28.024485
983,-18.770089,-18.792344,-28.134090
984,-18.771429,-18.790879,-28.025466
985,-18.771322,-18.795354,-27.905628
986,-18.769185,-18.791776,-27.991758
987,-18.771923,-18.789026,-27.950237
988,-18.772471,-18.790932,-27.857037
989,-18.771685,-18.788988,-27.809190
990,-18.770618,-18.792861,-28.041143
991,-18.770263,-18.789437,-27.883487
992,-18.770414,-18.789457,-27.947793
993,-18.768796,-18.790228,-27.738827
994,-18.770249,-18.789495,-28.005694
995,-18.768935,-18.790980,-27.918897
996,-18.774579,-18.790398,-27.852282
997,-18.772904,-18.793451,-27.967973
998,-18.771898,-18.791566,-27.893243
999,-18.770004,-18.792284,-28.006049
1000,-18.770505,-18.789708,-27.898821
