Epoch,chi_Mean_0.235,chi_Mean_0.94,chi_Mean_3.76
1,-21.636006,-21.038110,-23.862881
2,-18.671001,-18.398331,-19.351931
3,-18.606102,-18.338626,-19.152855
4,-18.629576,-18.368554,-19.188067
5,-18.649608,-18.402513,-19.272509
6,-18.668341,-18.430899,-19.359480
7,-18.686196,-18.461042,-19.445565
8,-18.707558,-18.485658,-19.492663
9,-18.724336,-18.511239,-19.527748
10,-18.741636,-18.540331,-19.613577
11,-18.760229,-18.564603,-19.684863
12,-18.777542,-18.584528,-19.697910
13,-18.791291,-18.613871,-19.753240
14,-18.804681,-18.633103,-19.833460
15,-18.817377,-18.652224,-19.901020
16,-18.831548,-18.674262,-19.930505
17,-18.839835,-18.693631,-20.013753
18,-18.853296,-18.709810,-20.077466
19,-18.866308,-18.734583,-20.132519
20,-18.876508,-18.750006,-20.190839
21,-18.884920,-18.768924,-20.233358
22,-18.894554,-18.787945,-20.364711
23,-18.905202,-18.798588,-20.422115
24,-18.913904,-18.815965,-20.505673
25,-18.920845,-18.830093,-20.619059
26,-18.928524,-18.845101,-20.693139
27,-18.939851,-18.856587,-20.795211
28,-18.942011,-18.869553,-20.858211
29,-18.951619,-18.883170,-21.039258
30,-18.955770,-18.893580,-21.084410
31,-18.960094,-18.905994,-21.210150
32,-18.968499,-18.917391,-21.286036
33,-18.972856,-18.925984,-21.420000
34,-18.972292,-18.940554,-21.569831
35,-18.982681,-18.947605,-21.576292
36,-18.991492,-18.956809,-21.669977
37,-18.991723,-18.963129,-21.771035
38,-18.996765,-18.968004,-21.891005
39,-18.998793,-18.979445,-21.906287
40,-19.006060,-18.985205,-21.994542
41,-19.005976,-18.995782,-22.168294
42,-19.012621,-18.997521,-22.238554
43,-19.013660,-19.005609,-22.401943
44,-19.019248,-19.009238,-22.347863
45,-19.015919,-19.018356,-22.494066
46,-19.019204,-19.019341,-22.591749
47,-19.020973,-19.028931,-22.683485
48,-19.026434,-19.032409,-22.723522
49,-19.029888,-19.039136,-22.835245
50,-19.029939,-19.040976,-22.971731
51,-19.030049,-19.043728,-23.126377
52,-19.033355,-19.050443,-23.262061
53,-19.036925,-19.053833,-23.547532
54,-19.034639,-19.056479,-23.683970
55,-19.033782,-19.059336,-23.896619
56,-19.034210,-19.066225,-23.891205
57,-19.033306,-19.066788,-24.180548
58,-19.031088,-19.070192,-24.362260
59,-19.037432,-19.074220,-24.649338
60,-19.032774,-19.078136,-24.884940
61,-19.031921,-19.080027,-24.984227
62,-19.030884,-19.085225,-25.272516
63,-19.034073,-19.088457,-25.509663
64,-19.036448,-19.092609,-25.552313
65,-19.033013,-19.090212,-25.769684
66,-19.034039,-19.092300,-26.025993
67,-19.032927,-19.094961,-26.124577
68,-19.035074,-19.092652,-26.249121
69,-19.030265,-19.094380,-26.548173
70,-19.032299,-19.099193,-26.586473
71,-19.029699,-19.098961,-26.795726
72,-19.030357,-19.099941,-26.829887
73,-19.029645,-19.104355,-27.212138
74,-19.029063,-19.103091,-27.297565
75,-19.030177,-19.106565,-27.292932
76,-19.029818,-19.102315,-27.577525
77,-19.027673,-19.101169,-27.717175
78,-19.025187,-19.104085,-27.873577
79,-19.025756,-19.111487,-27.935131
80,-19.026597,-19.106644,-28.110116
81,-19.025595,-19.105508,-28.296729
82,-19.022660,-19.108299,-28.333445
83,-19.025504,-19.105921,-28.476582
84,-19.021193,-19.109735,-28.619913
85,-19.019341,-19.109784,-28.862416
86,-19.015066,-19.103628,-28.956747
87,-19.013827,-19.106211,-29.083200
88,-19.012151,-19.104614,-29.278988
89,-19.010535,-19.108113,-29.269701
90,-19.013979,-19.105184,-29.370367
91,-19.009133,-19.106991,-29.519972
92,-19.006665,-19.103742,-29.889895
93,-19.009854,-19.105925,-29.876577
94,-19.003671,-19.100873,-29.919860
95,-19.007496,-19.103781,-29.977098
96,-19.000929,-19.105514,-30.237226
97,-19.003258,-19.099113,-30.207474
98,-18.999995,-19.101621,-30.365303
99,-19.000788,-19.107136,-30.425053
100,-19.000695,-19.105339,-30.600690
101,-19.001886,-19.100111,-30.692635
102,-19.001122,-19.101448,-30.970752
103,-19.000526,-19.103947,-30.866899
104,-18.997569,-19.104067,-31.010090
105,-18.993061,-19.101940,-31.245071
106,-18.995977,-19.100061,-31.314407
107,-18.998561,-19.103151,-31.373844
108,-18.997602,-19.098334,-31.351780
109,-18.993125,-19.098416,-31.687505
110,-18.996248,-19.103945,-31.581222
111,-18.988886,-19.098944,-31.696380
112,-18.993112,-19.101419,-31.773952
113,-18.991565,-19.100630,-31.865614
114,-18.989995,-19.100333,-31.843484
115,-18.990875,-19.097301,-31.996980
116,-18.990443,-19.098103,-32.241311
117,-18.985157,-19.103491,-32.071397
118,-18.984512,-19.098239,-32.237598
119,-18.983317,-19.095445,-32.204357
120,-18.985067,-19.094793,-32.349963
121,-18.983414,-19.096706,-32.451306
122,-18.984701,-19.097035,-32.589888
123,-18.981671,-19.092827,-32.602303
124,-18.980192,-19.094813,-32.687180
125,-18.976877,-19.091474,-32.715827
126,-18.978387,-19.094255,-32.921465
127,-18.978802,-19.091478,-32.957958
128,-18.978324,-19.093754,-33.076788
129,-18.976943,-19.093599,-33.206027
130,-18.974623,-19.092680,-33.274203
131,-18.975684,-19.092273,-33.279546
132,-18.975830,-19.090324,-33.288382
133,-18.970481,-19.092811,-33.481679
134,-18.974019,-19.092965,-33.418982
135,-18.976155,-19.088980,-33.472951
136,-18.969449,-19.090303,-33.549650
137,-18.968755,-19.091741,-33.615793
138,-18.968210,-19.088117,-33.706939
139,-18.970987,-19.089077,-33.756083
140,-18.973466,-19.087423,-33.870892
141,-18.969112,-19.086435,-33.979755
142,-18.973756,-19.089103,-33.873616
143,-18.972271,-19.089216,-34.061374
144,-18.966328,-19.086258,-34.010485
145,-18.969897,-19.081882,-34.185451
146,-18.967424,-19.085328,-34.329837
147,-18.968879,-19.087380,-34.276743
148,-18.966609,-19.085383,-34.202534
149,-18.965456,-19.086776,-34.293410
150,-18.965604,-19.081695,-34.438470
151,-18.963950,-19.080852,-34.598862
152,-18.962262,-19.084118,-34.670441
153,-18.967790,-19.082771,-34.692776
154,-18.965577,-19.084301,-34.702335
155,-18.964529,-19.081285,-34.643888
156,-18.964349,-19.083794,-34.680709
157,-18.964201,-19.080603,-34.906572
158,-18.961073,-19.081654,-34.746438
159,-18.962795,-19.081453,-35.099828
160,-18.964243,-19.084016,-35.105324
161,-18.964318,-19.080486,-35.139377
162,-18.962125,-19.083953,-35.225117
163,-18.961369,-19.089162,-35.111661
164,-18.961112,-19.085640,-35.207568
165,-18.961152,-19.083380,-35.272186
166,-18.958920,-19.081396,-35.263276
167,-18.958994,-19.079612,-35.347327
168,-18.961969,-19.085500,-35.587429
169,-18.959993,-19.086675,-35.738000
170,-18.963574,-19.082581,-35.781786
171,-18.958260,-19.083721,-35.813395
172,-18.960491,-19.080356,-35.855552
173,-18.957765,-19.084203,-35.965421
174,-18.961853,-19.082788,-35.939932
175,-18.962997,-19.082339,-35.933987
176,-18.961411,-19.085814,-36.177195
177,-18.966919,-19.082770,-36.251889
178,-18.960972,-19.079034,-36.364622
179,-18.959263,-19.079966,-36.451827
180,-18.961523,-19.081199,-36.450169
181,-18.963798,-19.082799,-36.466541
182,-18.963478,-19.079371,-36.858689
183,-18.958928,-19.081091,-36.668358
184,-18.964679,-19.078152,-36.876882
185,-18.959405,-19.080262,-36.761614
186,-18.960186,-19.084801,-36.748248
187,-18.955983,-19.083252,-36.870703
188,-18.963281,-19.081659,-37.012461
189,-18.962159,-19.082689,-36.913568
190,-18.961980,-19.086969,-37.171833
191,-18.959945,-19.082388,-37.013555
192,-18.959644,-19.082530,-36.908030
193,-18.966059,-19.086197,-37.228942
194,-18.962150,-19.085509,-37.528102
195,-18.962532,-19.089180,-37.238799
196,-18.963759,-19.086525,-37.417195
197,-18.964269,-19.085833,-37.521995
198,-18.963401,-19.086175,-37.463630
199,-18.967286,-19.090582,-37.656401
200,-18.965496,-19.084736,-37.774453
201,-18.961932,-19.085429,-37.951129
202,-18.963492,-19.087599,-37.901683
203,-18.965047,-19.087413,-37.951006
204,-18.961620,-19.083904,-37.951561
205,-18.967410,-19.087633,-37.971368
206,-18.964891,-19.086933,-37.954085
207,-18.962602,-19.082974,-38.221593
208,-18.963350,-19.090185,-38.242109
209,-18.966268,-19.085767,-37.992611
210,-18.964748,-19.086068,-38.205833
211,-18.963789,-19.090009,-38.260507
212,-18.959931,-19.087183,-38.312550
213,-18.967018,-19.090080,-38.327735
214,-18.966828,-19.088821,-38.436731
215,-18.965677,-19.088217,-38.506295
216,-18.965899,-19.089153,-38.585401
217,-18.971912,-19.087581,-38.614430
218,-18.969280,-19.092612,-38.505964
219,-18.975316,-19.093282,-38.744145
220,-18.973016,-19.086835,-38.695500
221,-18.970414,-19.084011,-38.872780
222,-18.973072,-19.092836,-38.815405
223,-18.974641,-19.089895,-38.961343
224,-18.972358,-19.089709,-38.699717
225,-18.970905,-19.093421,-38.891085
226,-18.973159,-19.089527,-39.033621
227,-18.970430,-19.088306,-38.902837
228,-18.968917,-19.090747,-39.143179
229,-18.969850,-19.087372,-39.243855
230,-18.972403,-19.089637,-39.192902
231,-18.973364,-19.091949,-39.187937
232,-18.971460,-19.093560,-39.083575
233,-18.973464,-19.090203,-39.413971
234,-18.975377,-19.089835,-39.331939
235,-18.977349,-19.093563,-39.212177
236,-18.971576,-19.092983,-39.310194
237,-18.976493,-19.091601,-39.495909
238,-18.975825,-19.093245,-39.443710
239,-18.972550,-19.090403,-39.495098
240,-18.977660,-19.092268,-39.368306
241,-18.974096,-19.093249,-39.479807
242,-18.979187,-19.089088,-39.685822
243,-18.977166,-19.092748,-39.593351
244,-18.979043,-19.092674,-39.698601
245,-18.983651,-19.094396,-39.517826
246,-18.983622,-19.100776,-39.570020
247,-18.979406,-19.100745,-39.575447
248,-18.979760,-19.099346,-39.755296
249,-18.981467,-19.095947,-39.713623
250,-18.985883,-19.095305,-39.595570
251,-18.985090,-19.099109,-39.705418
252,-18.983706,-19.100446,-39.946373
253,-18.980755,-19.101863,-39.877438
254,-18.983400,-19.105665,-39.927363
255,-18.980972,-19.102571,-39.925545
256,-18.983707,-19.106922,-40.085011
257,-18.987404,-19.101049,-40.152455
258,-18.987712,-19.100116,-40.052889
259,-18.989605,-19.106578,-40.201633
260,-18.986006,-19.103555,-40.154511
261,-18.990674,-19.107640,-39.962689
262,-18.989062,-19.103817,-40.126172
263,-18.986200,-19.105908,-40.107195
264,-18.987582,-19.105155,-40.263141
265,-18.990332,-19.105157,-40.245270
266,-18.991803,-19.108092,-40.166050
267,-18.993501,-19.108928,-40.118900
268,-18.996906,-19.108963,-40.051983
269,-18.996487,-19.105391,-40.308888
270,-18.989928,-19.102409,-40.125178
271,-18.994293,-19.106297,-40.078236
272,-18.991957,-19.103901,-40.429923
273,-18.993585,-19.108826,-40.387821
274,-18.997395,-19.111087,-40.382109
275,-18.993292,-19.108733,-40.238604
276,-18.997551,-19.110483,-40.476951
277,-18.996061,-19.111485,-40.254097
278,-18.989853,-19.113039,-40.447043
279,-18.994567,-19.109182,-40.612047
280,-18.996381,-19.114849,-40.503599
281,-18.996348,-19.116113,-40.544925
282,-19.000731,-19.112416,-40.559441
283,-18.998265,-19.110966,-40.589761
284,-19.000191,-19.111297,-40.651976
285,-19.002357,-19.113041,-40.691050
286,-19.003022,-19.115857,-40.636794
287,-19.005036,-19.112412,-40.571884
288,-18.997922,-19.112009,-40.590160
289,-19.002777,-19.114887,-40.594046
290,-19.001471,-19.116143,-40.738208
291,-19.010374,-19.123092,-40.653498
292,-19.003890,-19.113458,-40.427614
293,-19.008783,-19.119740,-40.693461
294,-19.006057,-19.118923,-40.696584
295,-19.008549,-19.117288,-40.563719
296,-19.005578,-19.118044,-40.833633
297,-19.009839,-19.119815,-40.953578
298,-19.009778,-19.117212,-40.924328
299,-19.014262,-19.114321,-40.739180
300,-19.009960,-19.116736,-40.961533
301,-19.008191,-19.114914,-40.980757
302,-19.010414,-19.116458,-41.044892
303,-19.013418,-19.115499,-41.029958
304,-19.013789,-19.119656,-40.838564
305,-19.013043,-19.117056,-40.686679
306,-19.013017,-19.120387,-41.174597
307,-19.010387,-19.117034,-40.858362
308,-19.008375,-19.124258,-40.863215
309,-19.016098,-19.119478,-40.870784
310,-19.011892,-19.122358,-40.965314
311,-19.013325,-19.122364,-41.084554
312,-19.017497,-19.122117,-40.850536
313,-19.019154,-19.120738,-40.892000
314,-19.018266,-19.123308,-40.942207
315,-19.020064,-19.115619,-40.893440
316,-19.020547,-19.121703,-41.016230
317,-19.017974,-19.125455,-41.076884
318,-19.025183,-19.123065,-40.901331
319,-19.026042,-19.120178,-40.968757
320,-19.024387,-19.124991,-41.058479
321,-19.023515,-19.124080,-41.144715
322,-19.021131,-19.124219,-41.099840
323,-19.025323,-19.122305,-41.101387
324,-19.024080,-19.125775,-41.083062
325,-19.027550,-19.126838,-41.093534
326,-19.026489,-19.125156,-41.073823
327,-19.029587,-19.123266,-40.919803
328,-19.029058,-19.134078,-41.304026
329,-19.029927,-19.125354,-41.056087
330,-19.028988,-19.129884,-41.102040
331,-19.032013,-19.125940,-40.951003
332,-19.026808,-19.128169,-40.938953
333,-19.030711,-19.132515,-41.055708
334,-19.033518,-19.127903,-41.135431
335,-19.032611,-19.137893,-41.116066
336,-19.037967,-19.132116,-41.169400
337,-19.036895,-19.133661,-41.226327
338,-19.035358,-19.137540,-41.377656
339,-19.036318,-19.135998,-41.166907
340,-19.041059,-19.139886,-41.172404
341,-19.034922,-19.138858,-41.299548
342,-19.037235,-19.140229,-41.152771
343,-19.038660,-19.138090,-41.017037
344,-19.039484,-19.143216,-41.255259
345,-19.038176,-19.140436,-41.308995
346,-19.040210,-19.136904,-41.367750
347,-19.040690,-19.141472,-41.383796
348,-19.039662,-19.142542,-41.266031
349,-19.038481,-19.141012,-41.083604
350,-19.045159,-19.142228,-41.180179
351,-19.049628,-19.145786,-41.166501
352,-19.043814,-19.144774,-41.261248
353,-19.045460,-19.146963,-41.374770
354,-19.047437,-19.144276,-41.153091
355,-19.050932,-19.141600,-41.406876
356,-19.050536,-19.145880,-41.403142
357,-19.048287,-19.148035,-41.293993
358,-19.046298,-19.145694,-41.401925
359,-19.051661,-19.149860,-41.380772
360,-19.053156,-19.144116,-41.166629
361,-19.051918,-19.145280,-41.427084
362,-19.052434,-19.146187,-41.347799
363,-19.053014,-19.152589,-41.453098
364,-19.050955,-19.152083,-41.253603
365,-19.054522,-19.147813,-41.324298
366,-19.053874,-19.148286,-41.192984
367,-19.051777,-19.152684,-41.251324
368,-19.058723,-19.152887,-41.199082
369,-19.056031,-19.154264,-41.149831
370,-19.061390,-19.151176,-41.217890
371,-19.058857,-19.148996,-41.221551
372,-19.059291,-19.153713,-41.380195
373,-19.062518,-19.156473,-41.283431
374,-19.057984,-19.153003,-41.304210
375,-19.057973,-19.153627,-41.185890
376,-19.060733,-19.156402,-41.411410
377,-19.065629,-19.155128,-41.470440
378,-19.062071,-19.155735,-41.346910
379,-19.061158,-19.154992,-41.412470
380,-19.060765,-19.157490,-41.394554
381,-19.058760,-19.155425,-41.633142
382,-19.065405,-19.159786,-41.302199
383,-19.067365,-19.156251,-41.407820
384,-19.066311,-19.156084,-41.616256
385,-19.066355,-19.156359,-41.315850
386,-19.066345,-19.159518,-41.360630
387,-19.065591,-19.159215,-41.423620
388,-19.066975,-19.165555,-41.425312
389,-19.072044,-19.163207,-41.440861
390,-19.067899,-19.163915,-41.393124
391,-19.078542,-19.164684,-41.419418
392,-19.071599,-19.165575,-41.431821
393,-19.072389,-19.165858,-41.555264
394,-19.072959,-19.170470,-41.518948
395,-19.071730,-19.170505,-41.596136
396,-19.072658,-19.165405,-41.419668
397,-19.077587,-19.169644,-41.467426
398,-19.074765,-19.173060,-41.361750
399,-19.078426,-19.166158,-41.327823
400,-19.075194,-19.171116,-41.431041
401,-19.081099,-19.174104,-41.404902
402,-19.078791,-19.169684,-41.555073
403,-19.080419,-19.169391,-41.377144
404,-19.081786,-19.170163,-41.473785
405,-19.077928,-19.171590,-41.309547
406,-19.078267,-19.176888,-41.355155
407,-19.078138,-19.174835,-41.484435
408,-19.082134,-19.171321,-41.430772
409,-19.082918,-19.177798,-41.476385
410,-19.079556,-19.175830,-41.454356
411,-19.082665,-19.179107,-41.588457
412,-19.083661,-19.178111,-41.366723
413,-19.083302,-19.180218,-41.430791
414,-19.079257,-19.177225,-41.459290
415,-19.082336,-19.179758,-41.317673
416,-19.086883,-19.175920,-41.290057
417,-19.085915,-19.176255,-41.540931
418,-19.085412,-19.182490,-41.458303
419,-19.089280,-19.187199,-41.272384
420,-19.087236,-19.182402,-41.463902
421,-19.086685,-19.186244,-41.389190
422,-19.089988,-19.190865,-41.383280
423,-19.088297,-19.183516,-41.571557
424,-19.096104,-19.187024,-41.517497
425,-19.089210,-19.186243,-41.427923
426,-19.089304,-19.188166,-41.453486
427,-19.095848,-19.186693,-41.500047
428,-19.091541,-19.189975,-41.520447
429,-19.093115,-19.186680,-41.566687
430,-19.093488,-19.190172,-41.621462
431,-19.095384,-19.187460,-41.574334
432,-19.097161,-19.187282,-41.619669
433,-19.098977,-19.190422,-41.376138
434,-19.100009,-19.190017,-41.362716
435,-19.101033,-19.195962,-41.505625
436,-19.100016,-19.195245,-41.530968
437,-19.101101,-19.192241,-41.541428
438,-19.102292,-19.190105,-41.635186
439,-19.098138,-19.198222,-41.350777
440,-19.102277,-19.197247,-41.507075
441,-19.105422,-19.191399,-41.337177
442,-19.104136,-19.191574,-41.518835
443,-19.102794,-19.191399,-41.576241
444,-19.102324,-19.192564,-41.650345
445,-19.104679,-19.189530,-41.399276
446,-19.105641,-19.189336,-41.522632
447,-19.102890,-19.196076,-41.640143
448,-19.107542,-19.197612,-41.571705
449,-19.107215,-19.196487,-41.773250
450,-19.109754,-19.194337,-41.559687
451,-19.112339,-19.196979,-41.483152
452,-19.111338,-19.196051,-41.528942
453,-19.111862,-19.197912,-41.602203
454,-19.114335,-19.196725,-41.510377
455,-19.112471,-19.203733,-41.464427
456,-19.119608,-19.202083,-41.527001
457,-19.116988,-19.199687,-41.548021
458,-19.118152,-19.203239,-41.571337
459,-19.118692,-19.204740,-41.584604
460,-19.114465,-19.201688,-41.649662
461,-19.117503,-19.198823,-41.519939
462,-19.119407,-19.203677,-41.323916
463,-19.121756,-19.205488,-41.667236
464,-19.119345,-19.203956,-41.586574
465,-19.121806,-19.209584,-41.505117
466,-19.122814,-19.208745,-41.477152
467,-19.126909,-19.206804,-41.464824
468,-19.122414,-19.205412,-41.656564
469,-19.120274,-19.210432,-41.547149
470,-19.120523,-19.207709,-41.700996
471,-19.123179,-19.210226,-41.489896
472,-19.129702,-19.211789,-41.649986
473,-19.128455,-19.213473,-41.732762
474,-19.130755,-19.210618,-41.733660
475,-19.126816,-19.215059,-41.779288
476,-19.127801,-19.214953,-41.621759
477,-19.134571,-19.214176,-41.733266
478,-19.126931,-19.219336,-41.429392
479,-19.126554,-19.216299,-41.510743
480,-19.127975,-19.218508,-41.749614
481,-19.133900,-19.217923,-41.741297
482,-19.126911,-19.215983,-41.617145
483,-19.129329,-19.216131,-41.662911
484,-19.131339,-19.217970,-41.489750
485,-19.134032,-19.219799,-41.446723
486,-19.134310,-19.218503,-41.777205
487,-19.131725,-19.217225,-41.705939
488,-19.132609,-19.217850,-41.616244
489,-19.136245,-19.220752,-41.725071
490,-19.134492,-19.218422,-41.706893
491,-19.132061,-19.220752,-41.539751
492,-19.139568,-19.220431,-41.577255
493,-19.140774,-19.219047,-41.572789
494,-19.138731,-19.218513,-41.577053
495,-19.137156,-19.223042,-41.616211
496,-19.140331,-19.225015,-41.686586
497,-19.141629,-19.223281,-41.528741
498,-19.143305,-19.225733,-41.711632
499,-19.138539,-19.222779,-41.749185
500,-19.144043,-19.225373,-41.808058
501,-19.147634,-19.228326,-41.905494
502,-19.145268,-19.224339,-41.612787
503,-19.146991,-19.228452,-41.648884
504,-19.144379,-19.226514,-41.786960
505,-19.146822,-19.227100,-41.660808
506,-19.145911,-19.227059,-41.623307
507,-19.144310,-19.230030,-41.753010
508,-19.142174,-19.229137,-41.777806
509,-19.144921,-19.232752,-41.746030
510,-19.146457,-19.234235,-41.793751
511,-19.145944,-19.230663,-41.633367
512,-19.145054,-19.229225,-41.693906
513,-19.144609,-19.231662,-41.792395
514,-19.147668,-19.231649,-41.527449
515,-19.155428,-19.230616,-41.828507
516,-19.146395,-19.234699,-41.600935
517,-19.151341,-19.238689,-41.615164
518,-19.150224,-19.236224,-41.774239
519,-19.150614,-19.238607,-41.506061
520,-19.147398,-19.236351,-41.827429
521,-19.155246,-19.232231,-41.460489
522,-19.150136,-19.239823,-41.648115
523,-19.157767,-19.237271,-41.853368
524,-19.153807,-19.236711,-41.504359
525,-19.155295,-19.235918,-41.813940
526,-19.158494,-19.241205,-41.539684
527,-19.155017,-19.239760,-41.586262
528,-19.158294,-19.241476,-41.727200
529,-19.156551,-19.238865,-41.739785
530,-19.153262,-19.246171,-41.913433
531,-19.154196,-19.240531,-41.686226
532,-19.157019,-19.243712,-41.734056
533,-19.156647,-19.247398,-41.822596
534,-19.161880,-19.245763,-41.876892
535,-19.160633,-19.244948,-41.855913
536,-19.157496,-19.244516,-41.763574
537,-19.161834,-19.247953,-41.682364
538,-19.164321,-19.244580,-41.710126
539,-19.163444,-19.246264,-41.818703
540,-19.160710,-19.247224,-41.836295
541,-19.162894,-19.248932,-41.726151
542,-19.167889,-19.249306,-41.520785
543,-19.170842,-19.253631,-41.862927
544,-19.163689,-19.254964,-41.794204
545,-19.165544,-19.245290,-41.826605
546,-19.167072,-19.244988,-41.694783
547,-19.165353,-19.250588,-41.847105
548,-19.167403,-19.246195,-41.807433
549,-19.174891,-19.256721,-41.725022
550,-19.170965,-19.244859,-41.694491
551,-19.172295,-19.253533,-41.910775
552,-19.172409,-19.252550,-41.675870
553,-19.171775,-19.257598,-41.726401
554,-19.171245,-19.252841,-41.798083
555,-19.169309,-19.254661,-41.735458
556,-19.168130,-19.255544,-41.691777
557,-19.173714,-19.257598,-41.629817
558,-19.168978,-19.257265,-41.736588
559,-19.171239,-19.257497,-41.739131
560,-19.175667,-19.255359,-41.746011
561,-19.172717,-19.263009,-41.696147
562,-19.170702,-19.260556,-41.889631
563,-19.175878,-19.254668,-41.951064
564,-19.170842,-19.258733,-41.760989
565,-19.171423,-19.263583,-41.788140
566,-19.174198,-19.262806,-41.637489
567,-19.174102,-19.259462,-41.844071
568,-19.176992,-19.268292,-41.649013
569,-19.174880,-19.262451,-41.775130
570,-19.176395,-19.263237,-41.865493
571,-19.178920,-19.257541,-41.910157
572,-19.175444,-19.267649,-42.069222
573,-19.178257,-19.264922,-41.877975
574,-19.175490,-19.261684,-41.771011
575,-19.174473,-19.264840,-41.643480
576,-19.178768,-19.264081,-41.613675
577,-19.178900,-19.266119,-41.882326
578,-19.181033,-19.263624,-41.841347
579,-19.182188,-19.269549,-41.845622
580,-19.186379,-19.268359,-41.834427
581,-19.181847,-19.269234,-41.857719
582,-19.182296,-19.275706,-41.726051
583,-19.182381,-19.271076,-41.841373
584,-19.182813,-19.267693,-41.808038
585,-19.184315,-19.270077,-41.759314
586,-19.185905,-19.268251,-41.694903
587,-19.188577,-19.266187,-41.735254
588,-19.188051,-19.270329,-41.887787
589,-19.184816,-19.266984,-41.715433
590,-19.190622,-19.268552,-41.775939
591,-19.193636,-19.276091,-41.753787
592,-19.187189,-19.272769,-41.763267
593,-19.195724,-19.275599,-41.787939
594,-19.192241,-19.274118,-41.760031
595,-19.193024,-19.273275,-41.656183
596,-19.191124,-19.271252,-41.720817
597,-19.196520,-19.275111,-41.682417
598,-19.197621,-19.275604,-41.904332
599,-19.196430,-19.278800,-41.957925
600,-19.194795,-19.274415,-41.747638
601,-19.198693,-19.274968,-41.830529
602,-19.195026,-19.274761,-41.811152
603,-19.195030,-19.277916,-41.637630
604,-19.199510,-19.274495,-41.792366
605,-19.198828,-19.281511,-41.956665
606,-19.206366,-19.280472,-41.619659
607,-19.200687,-19.276693,-41.706604
608,-19.201884,-19.281437,-41.648912
609,-19.203015,-19.279106,-41.762415
610,-19.200286,-19.280925,-41.841898
611,-19.205278,-19.280153,-41.889332
612,-19.199719,-19.278299,-41.613671
613,-19.199546,-19.282237,-41.958160
614,-19.208302,-19.280926,-41.740916
615,-19.203277,-19.278446,-41.605162
616,-19.206801,-19.282057,-41.802789
617,-19.204102,-19.277826,-41.632657
618,-19.207920,-19.278497,-41.878433
619,-19.204790,-19.286445,-41.736295
620,-19.210122,-19.283415,-41.690249
621,-19.205224,-19.283494,-41.554679
622,-19.206172,-19.282855,-41.738465
623,-19.207940,-19.282197,-41.646819
624,-19.211314,-19.285943,-41.621452
625,-19.205822,-19.287701,-41.523779
626,-19.204631,-19.289288,-41.710821
627,-19.212383,-19.282886,-41.651198
628,-19.208753,-19.287714,-41.644712
629,-19.208474,-19.287842,-41.762530
630,-19.209396,-19.286054,-41.766935
631,-19.212002,-19.289366,-41.499632
632,-19.214256,-19.291231,-41.847854
633,-19.210831,-19.289251,-41.587678
634,-19.211773,-19.285240,-41.516122
635,-19.214759,-19.295094,-41.775801
636,-19.213183,-19.291465,-41.640237
637,-19.212075,-19.295745,-41.660735
638,-19.218221,-19.292628,-41.744383
639,-19.218165,-19.292018,-41.588024
640,-19.215624,-19.295299,-41.775632
641,-19.217565,-19.293873,-41.661675
642,-19.216893,-19.293823,-41.728955
643,-19.219579,-19.293943,-41.621238
644,-19.221379,-19.301107,-41.806511
645,-19.219217,-19.294448,-41.596989
646,-19.218386,-19.297962,-41.808390
647,-19.222568,-19.299605,-41.612582
648,-19.218220,-19.299445,-41.657585
649,-19.225467,-19.299648,-41.464678
650,-19.221112,-19.302484,-41.794103
651,-19.223637,-19.299547,-41.670996
652,-19.223045,-19.299495,-41.724993
653,-19.223127,-19.300333,-41.525550
654,-19.225709,-19.302329,-41.522321
655,-19.230071,-19.300852,-41.515472
656,-19.225145,-19.301172,-41.607581
657,-19.227572,-19.300225,-41.697877
658,-19.228816,-19.301978,-41.521048
659,-19.232010,-19.304337,-41.530831
660,-19.232550,-19.301146,-41.584940
661,-19.232373,-19.304663,-41.644084
662,-19.233591,-19.303503,-41.693564
663,-19.233384,-19.303981,-41.650374
664,-19.229089,-19.303888,-41.683682
665,-19.233671,-19.303596,-41.485128
666,-19.238686,-19.305982,-41.708686
667,-19.232331,-19.303443,-41.546129
668,-19.239879,-19.308474,-41.469568
669,-19.237971,-19.307184,-41.623748
670,-19.236637,-19.304671,-41.452150
671,-19.239525,-19.308316,-41.510408
672,-19.235463,-19.307501,-41.537352
673,-19.237250,-19.312241,-41.573734
674,-19.239271,-19.309146,-41.302658
675,-19.238085,-19.309924,-41.529268
676,-19.243465,-19.311141,-41.417080
677,-19.238821,-19.312273,-41.408749
678,-19.245702,-19.314704,-41.316405
679,-19.241467,-19.310873,-41.263624
680,-19.245122,-19.317763,-41.508777
681,-19.240793,-19.311695,-41.436554
682,-19.240874,-19.313684,-41.428117
683,-19.243727,-19.316641,-41.529613
684,-19.249953,-19.315640,-41.528325
685,-19.245854,-19.315224,-41.515278
686,-19.256327,-19.314283,-41.235363
687,-19.246330,-19.310677,-41.420936
688,-19.245059,-19.313810,-41.302532
689,-19.242597,-19.314330,-41.546022
690,-19.250432,-19.313623,-41.296111
691,-19.246208,-19.317601,-41.399950
692,-19.247146,-19.315724,-41.186924
693,-19.252341,-19.313097,-41.209328
694,-19.244223,-19.319429,-41.139444
695,-19.249971,-19.320200,-41.207095
696,-19.249365,-19.315194,-41.250560
697,-19.252927,-19.316248,-41.293129
698,-19.248618,-19.315617,-41.450664
699,-19.251486,-19.316103,-41.271431
700,-19.255858,-19.317227,-41.038996
701,-19.253337,-19.323685,-41.288120
702,-19.255531,-19.314406,-41.321516
703,-19.247943,-19.322443,-41.314209
704,-19.257430,-19.317122,-41.199353
705,-19.255605,-19.319225,-41.305280
706,-19.256701,-19.318109,-41.126194
707,-19.255186,-19.320494,-41.079876
708,-19.258002,-19.321770,-41.233449
709,-19.256900,-19.317465,-41.043754
710,-19.257028,-19.321303,-41.414414
711,-19.257258,-19.322763,-41.242739
712,-19.263724,-19.321994,-41.200174
713,-19.256799,-19.320301,-41.401872
714,-19.252684,-19.323283,-41.253473
715,-19.257406,-19.324142,-41.245172
716,-19.262578,-19.322416,-41.291309
717,-19.262687,-19.324880,-41.292607
718,-19.259876,-19.322502,-41.130869
719,-19.261113,-19.324914,-41.306689
720,-19.262392,-19.323082,-41.340427
721,-19.260317,-19.328890,-41.337196
722,-19.256449,-19.324108,-41.358626
723,-19.260484,-19.327097,-41.228174
724,-19.259361,-19.324235,-41.275755
725,-19.265313,-19.331573,-41.255507
726,-19.263708,-19.326075,-41.329569
727,-19.264732,-19.321134,-41.210613
728,-19.261171,-19.326126,-41.252555
729,-19.268171,-19.326649,-41.383211
730,-19.262298,-19.329016,-41.136113
731,-19.265205,-19.330619,-41.239296
732,-19.263057,-19.328945,-41.138537
733,-19.263775,-19.330087,-41.041961
734,-19.265694,-19.328449,-41.147531
735,-19.268620,-19.334012,-41.119890
736,-19.270589,-19.325127,-41.017691
737,-19.270570,-19.331592,-41.043224
738,-19.265662,-19.330229,-41.047141
739,-19.272608,-19.340612,-41.144187
740,-19.269684,-19.333036,-41.038250
741,-19.274056,-19.337306,-41.032769
742,-19.270300,-19.326660,-40.880989
743,-19.274682,-19.337454,-41.123862
744,-19.275470,-19.337897,-41.161843
745,-19.276923,-19.334903,-40.980096
746,-19.277618,-19.337232,-41.139584
747,-19.273885,-19.332867,-41.049059
748,-19.273218,-19.332961,-40.927738
749,-19.278840,-19.336827,-40.915733
750,-19.276820,-19.333432,-40.845425
751,-19.275852,-19.333091,-40.918641
752,-19.279167,-19.333181,-41.002201
753,-19.279254,-19.333623,-40.830784
754,-19.284262,-19.332667,-40.730106
755,-19.279950,-19.331510,-41.034035
756,-19.280117,-19.335387,-40.935819
757,-19.282185,-19.337265,-41.033879
758,-19.284525,-19.332583,-40.898210
759,-19.286735,-19.334117,-40.834490
760,-19.281534,-19.333516,-40.944655
761,-19.284992,-19.337056,-40.871442
762,-19.282896,-19.340608,-41.017057
763,-19.284553,-19.340070,-40.808693
764,-19.286086,-19.335320,-40.744740
765,-19.287500,-19.337850,-40.982816
766,-19.287167,-19.340081,-40.846072
767,-19.285778,-19.337256,-40.937783
768,-19.286773,-19.342599,-40.591662
769,-19.291027,-19.341068,-40.807435
770,-19.290414,-19.345822,-40.888944
771,-19.285592,-19.347493,-40.810834
772,-19.290839,-19.349448,-40.768091
773,-19.288287,-19.347259,-40.844018
774,-19.289260,-19.345879,-40.822640
775,-19.294838,-19.345205,-40.791498
776,-19.294592,-19.344020,-40.881170
777,-19.293360,-19.343472,-40.816792
778,-19.293983,-19.345268,-40.823356
779,-19.295017,-19.347115,-40.825598
780,-19.295332,-19.347745,-40.804778
781,-19.293895,-19.351909,-40.836427
782,-19.299754,-19.347273,-40.696143
783,-19.296269,-19.346362,-40.748168
784,-19.294424,-19.348532,-40.959341
785,-19.297997,-19.352305,-40.629189
786,-19.296833,-19.357145,-40.707308
787,-19.298763,-19.353106,-40.861255
788,-19.299523,-19.354638,-40.897726
789,-19.300995,-19.353111,-40.811888
790,-19.300870,-19.352734,-40.687701
791,-19.298803,-19.355244,-40.860987
792,-19.302583,-19.351669,-40.690886
793,-19.297278,-19.352566,-40.842932
794,-19.297620,-19.355515,-40.825268
795,-19.300143,-19.354019,-40.703531
796,-19.300946,-19.358433,-40.524071
797,-19.302955,-19.356348,-40.743740
798,-19.302833,-19.356721,-40.616309
799,-19.305283,-19.359275,-40.497012
800,-19.300917,-19.362017,-40.739511
801,-19.301923,-19.362298,-40.823875
802,-19.304780,-19.360717,-40.582135
803,-19.301020,-19.363271,-40.751443
804,-19.304369,-19.363698,-40.699102
805,-19.300196,-19.363560,-40.469468
806,-19.300177,-19.360280,-40.595440
807,-19.303407,-19.363320,-40.551937
808,-19.305225,-19.357312,-40.503219
809,-19.303603,-19.359285,-40.542237
810,-19.306919,-19.362466,-40.571712
811,-19.310571,-19.362817,-40.883882
812,-19.308052,-19.369572,-40.631707
813,-19.303551,-19.361871,-40.646692
814,-19.307886,-19.362970,-40.464766
815,-19.310818,-19.366574,-40.612746
816,-19.305950,-19.365140,-40.591239
817,-19.311542,-19.367536,-40.556324
818,-19.309684,-19.368837,-40.487083
819,-19.312947,-19.363405,-40.594624
820,-19.311826,-19.362167,-40.432933
821,-19.318779,-19.361233,-40.559526
822,-19.315199,-19.366252,-40.635421
823,-19.311598,-19.365327,-40.576131
824,-19.313309,-19.362346,-40.339148
825,-19.313170,-19.367500,-40.477333
826,-19.313345,-19.368727,-40.456436
827,-19.310100,-19.368334,-40.359372
828,-19.313285,-19.368191,-40.507281
829,-19.308192,-19.364244,-40.276281
830,-19.311987,-19.365207,-40.474999
831,-19.312655,-19.365012,-40.504467
832,-19.312867,-19.369452,-40.534688
833,-19.318775,-19.368921,-40.634033
834,-19.315624,-19.367796,-40.400363
835,-19.314028,-19.368096,-40.433050
836,-19.314676,-19.369052,-40.457306
837,-19.315668,-19.369379,-40.523475
838,-19.317496,-19.362855,-40.538606
839,-19.320039,-19.365541,-40.549268
840,-19.318393,-19.367884,-40.375355
841,-19.322460,-19.365797,-40.365547
842,-19.323254,-19.361570,-40.464362
843,-19.318003,-19.363937,-40.669200
844,-19.323968,-19.365345,-40.424650
845,-19.322186,-19.372185,-40.366739
846,-19.321787,-19.366151,-40.325784
847,-19.323033,-19.370695,-40.429110
848,-19.319651,-19.370552,-40.291024
849,-19.323206,-19.368867,-40.326425
850,-19.323517,-19.367957,-40.303320
851,-19.316751,-19.370871,-40.341718
852,-19.328243,-19.376540,-40.186321
853,-19.325630,-19.372273,-40.499272
854,-19.328211,-19.368995,-40.523599
855,-19.324636,-19.369085,-40.087987
856,-19.328887,-19.365772,-40.249764
857,-19.329138,-19.366555,-40.337703
858,-19.324643,-19.371310,-40.354284
859,-19.329926,-19.371727,-40.221551
860,-19.323504,-19.372891,-40.306783
861,-19.326503,-19.372407,-40.124845
862,-19.332053,-19.372162,-40.212117
863,-19.331231,-19.371608,-40.354817
864,-19.332999,-19.367504,-40.398655
865,-19.332348,-19.371607,-40.173327
866,-19.332339,-19.375070,-40.298502
867,-19.334488,-19.372982,-40.324184
868,-19.335387,-19.375160,-40.258177
869,-19.328985,-19.375366,-40.341770
870,-19.331440,-19.374001,-40.291028
871,-19.332870,-19.377916,-40.163956
872,-19.329176,-19.372935,-40.297499
873,-19.334008,-19.377011,-40.183073
874,-19.332615,-19.382208,-40.293164
875,-19.334047,-19.380983,-40.212475
876,-19.331821,-19.379262,-40.269479
877,-19.331697,-19.379212,-40.072626
878,-19.334484,-19.382631,-40.268839
879,-19.332314,-19.382383,-40.070951
880,-19.331967,-19.384874,-40.022547
881,-19.332829,-19.379577,-40.196511
882,-19.334626,-19.380074,-40.232136
883,-19.332053,-19.384352,-39.999172
884,-19.334987,-19.383985,-40.159869
885,-19.338342,-19.385665,-39.947191
886,-19.338163,-19.386264,-40.058682
887,-19.341773,-19.383264,-40.076531
888,-19.339518,-19.385818,-39.900664
889,-19.341945,-19.382497,-40.012786
890,-19.341445,-19.385118,-40.092827
891,-19.336400,-19.382927,-39.889101
892,-19.342594,-19.388791,-40.141834
893,-19.343887,-19.388413,-40.183198
894,-19.346400,-19.386059,-40.130254
895,-19.348136,-19.388124,-40.140700
896,-19.348141,-19.386549,-40.001211
897,-19.345473,-19.394612,-39.958315
898,-19.341439,-19.390204,-40.004333
899,-19.342924,-19.387828,-40.262998
900,-19.344243,-19.386578,-40.159716
901,-19.343710,-19.391020,-40.090916
902,-19.342630,-19.388942,-39.971209
903,-19.340799,-19.389977,-39.885941
904,-19.344644,-19.388407,-40.006056
905,-19.344105,-19.393445,-39.935609
906,-19.345251,-19.392131,-39.950085
907,-19.345158,-19.386738,-39.982192
908,-19.341569,-19.391818,-39.955808
909,-19.347672,-19.392482,-39.813060
910,-19.345613,-19.391125,-39.929724
911,-19.349144,-19.390631,-40.135581
912,-19.346750,-19.392992,-39.975259
913,-19.347684,-19.389792,-39.884460
914,-19.355235,-19.391815,-39.967247
915,-19.350329,-19.389911,-39.881599
916,-19.352996,-19.389917,-39.894138
917,-19.348297,-19.391149,-39.965650
918,-19.349724,-19.396500,-39.911231
919,-19.349662,-19.400364,-40.080053
920,-19.349654,-19.392693,-39.760068
921,-19.351992,-19.391571,-39.862127
922,-19.344855,-19.395415,-39.700830
923,-19.350991,-19.394636,-39.767958
924,-19.346332,-19.395873,-39.732585
925,-19.348069,-19.397437,-39.913029
926,-19.347945,-19.397965,-39.787482
927,-19.350452,-19.402483,-40.019017
928,-19.357169,-19.399152,-39.774433
929,-19.354508,-19.398397,-39.926595
930,-19.360083,-19.397985,-39.883900
931,-19.349704,-19.398088,-39.707495
932,-19.359728,-19.399703,-39.529510
933,-19.356042,-19.399690,-39.902629
934,-19.360579,-19.399774,-39.924579
935,-19.358434,-19.397763,-39.840740
936,-19.354047,-19.396372,-39.625149
937,-19.356196,-19.400134,-39.783647
938,-19.359714,-19.406034,-39.561195
939,-19.359464,-19.403372,-39.879716
940,-19.358588,-19.402582,-39.743750
941,-19.359625,-19.405619,-39.793064
942,-19.364656,-19.401819,-39.606471
943,-19.359604,-19.405390,-39.607874
944,-19.358093,-19.408586,-39.766834
945,-19.359919,-19.400188,-39.500726
946,-19.361596,-19.401527,-39.612759
947,-19.361672,-19.404860,-39.551747
948,-19.361952,-19.404275,-39.771297
949,-19.362633,-19.403961,-39.592671
950,-19.361890,-19.409675,-39.597410
951,-19.361212,-19.404734,-39.648632
952,-19.362180,-19.405268,-39.384137
953,-19.365272,-19.406860,-39.655753
954,-19.361673,-19.409458,-39.681953
955,-19.366597,-19.405871,-39.700048
956,-19.366789,-19.407576,-39.703561
957,-19.366235,-19.405384,-39.708393
958,-19.370753,-19.404874,-39.492052
959,-19.369802,-19.404545,-39.795647
960,-19.368613,-19.405419,-39.625918
961,-19.367475,-19.405323,-39.726038
962,-19.366353,-19.407087,-39.473959
963,-19.373539,-19.406016,-39.443994
964,-19.368396,-19.407692,-39.566237
965,-19.372900,-19.413599,-39.461413
966,-19.372852,-19.405921,-39.471021
967,-19.372225,-19.407455,-39.381321
968,-19.368043,-19.406587,-39.548656
969,-19.369098,-19.407386,-39.393761
970,-19.373217,-19.409602,-39.425490
971,-19.374545,-19.412565,-39.710974
972,-19.371770,-19.409704,-39.531723
973,-19.373411,-19.412314,-39.808109
974,-19.370320,-19.407773,-39.578502
975,-19.369968,-19.414875,-39.418136
976,-19.375837,-19.408905,-39.637285
977,-19.371186,-19.412911,-39.310048
978,-19.375463,-19.411638,-39.468204
979,-19.376088,-19.417859,-39.549722
980,-19.375131,-19.416416,-39.549510
981,-19.379973,-19.414320,-39.497611
982,-19.376357,-19.414102,-39.533443
983,-19.379729,-19.410352,-39.394713
984,-19.380699,-19.407926,-39.382971
985,-19.375641,-19.413588,-39.266355
986,-19.376557,-19.413484,-39.561898
987,-19.381139,-19.407940,-39.473300
988,-19.378976,-19.412118,-39.400384
989,-19.372451,-19.418189,-39.402980
990,-19.374714,-19.412804,-39.272212
991,-19.372844,-19.415124,-39.247138
992,-19.375794,-19.416851,-39.350046
993,-19.377805,-19.419644,-39.273537
994,-19.378302,-19.415497,-39.418358
995,-19.375251,-19.415339,-39.367381
996,-19.377763,-19.415539,-39.389626
997,-19.380080,-19.416353,-39.513191
998,-19.377158,-19.412933,-39.395238
999,-19.384543,-19.413281,-39.522786
1000,-19.381146,-19.419009,-39.476020
