Epoch,chi_Mean_0.235,chi_Mean_0.94,chi_Mean_3.76
1,-51.902786,-45.899080,-66.172153
2,-40.984280,-35.411035,-51.444763
3,-33.854643,-29.455748,-45.003400
4,-29.560369,-25.909532,-41.000427
5,-26.984046,-23.832845,-38.516680
6,-25.242627,-22.642172,-36.649549
7,-24.057637,-21.871918,-35.432602
8,-23.434785,-21.347733,-34.489768
9,-23.096602,-20.904848,-33.631034
10,-22.728425,-20.528409,-33.023129
11,-22.359473,-20.244184,-32.374052
12,-22.017251,-19.994689,-31.800260
13,-21.712608,-19.798316,-31.366499
14,-21.430253,-19.652276,-30.817057
15,-21.057063,-19.461970,-30.378997
16,-20.841768,-19.378643,-29.902533
17,-20.562439,-19.200708,-29.433692
18,-20.356286,-19.110991,-29.087938
19,-20.224332,-19.010530,-28.858945
20,-20.052181,-18.885465,-28.616207
21,-19.895144,-18.833453,-28.249646
22,-19.779459,-18.757742,-28.107495
23,-19.604534,-18.762224,-27.819272
24,-19.515904,-18.676099,-27.653954
25,-19.385662,-18.613883,-27.455974
26,-19.307407,-18.561922,-27.264552
27,-19.219550,-18.549075,-27.008355
28,-19.124269,-18.509627,-26.868830
29,-19.045575,-18.487132,-26.775786
30,-19.012386,-18.448157,-26.526294
31,-18.989187,-18.416802,-26.402676
32,-18.971001,-18.369335,-26.211336
33,-19.034386,-18.419627,-26.072188
34,-19.187533,-18.369240,-25.954344
35,-19.418009,-18.396262,-25.723391
36,-19.743711,-18.376319,-25.682823
37,-20.104634,-18.479323,-25.498500
38,-20.407628,-18.416174,-25.380949
39,-20.685959,-18.441589,-25.289352
40,-21.017706,-18.421172,-25.176914
41,-21.156348,-18.410999,-25.010376
42,-21.341799,-18.495402,-24.944943
43,-21.609611,-18.466642,-24.806448
44,-21.802017,-18.489970,-24.779397
45,-21.920010,-18.506795,-24.660486
46,-21.994573,-18.502487,-24.553456
47,-22.156089,-18.532547,-24.510613
48,-22.154669,-18.470280,-24.469552
49,-22.241217,-18.488658,-24.397671
50,-22.353769,-18.513698,-24.303485
51,-22.437207,-18.464882,-24.184491
52,-22.309358,-18.471279,-24.205096
53,-22.400844,-18.515622,-24.071657
54,-22.332249,-18.484050,-24.076293
55,-22.283574,-18.447970,-23.981832
56,-22.286134,-18.439095,-23.898275
57,-22.291927,-18.484735,-23.825359
58,-22.301340,-18.452860,-23.736531
59,-22.228757,-18.467253,-23.632576
60,-22.142384,-18.511155,-23.607971
61,-22.141295,-18.420989,-23.586728
62,-22.145897,-18.449286,-23.533974
63,-22.162519,-18.476380,-23.528812
64,-22.069876,-18.475372,-23.462899
65,-21.838140,-18.461334,-23.291340
66,-21.832469,-18.425964,-23.404077
67,-21.732421,-18.431412,-23.361024
68,-21.662866,-18.437388,-23.328678
69,-21.652530,-18.458615,-23.197404
70,-21.605453,-18.410517,-23.164624
71,-21.558409,-18.397806,-23.121308
72,-21.564505,-18.459546,-23.091234
73,-21.534230,-18.398417,-23.091570
74,-21.480433,-18.367565,-23.049397
75,-21.423205,-18.361126,-22.918683
76,-21.366591,-18.379281,-22.884272
77,-21.332105,-18.358224,-22.829432
78,-21.291051,-18.304443,-22.761390
79,-21.098871,-18.264656,-22.720408
80,-21.102005,-18.262747,-22.594507
81,-21.051631,-18.243291,-22.534583
82,-20.970199,-18.291682,-22.546183
83,-21.017558,-18.267531,-22.465938
84,-20.975137,-18.273622,-22.382787
85,-20.827705,-18.245155,-22.400904
86,-20.724355,-18.274667,-22.305808
87,-20.752337,-18.198711,-22.382966
88,-20.610774,-18.222214,-22.277237
89,-20.536078,-18.257904,-22.199535
90,-20.473356,-18.199567,-22.195729
91,-20.490168,-18.202261,-22.130426
92,-20.525655,-18.229395,-22.072899
93,-20.447647,-18.221703,-22.053656
94,-20.408669,-18.215907,-22.055709
95,-20.341418,-18.239089,-22.014148
96,-20.228937,-18.201451,-21.988639
97,-20.226873,-18.129821,-21.925044
98,-20.174468,-18.126897,-21.923321
99,-20.105736,-18.216385,-21.878833
100,-20.105128,-18.140322,-21.874347
101,-20.113525,-18.111572,-21.883278
102,-20.027563,-18.103112,-21.886242
103,-19.997350,-18.124991,-21.829446
104,-20.023157,-18.103256,-21.791471
105,-19.983488,-18.080370,-21.821346
106,-19.890027,-18.027388,-21.780866
107,-19.873310,-18.034710,-21.753994
108,-19.774528,-18.062178,-21.770507
109,-19.844634,-18.040886,-21.697059
110,-19.778729,-18.008563,-21.733013
111,-19.746142,-17.984045,-21.709345
112,-19.692623,-17.992538,-21.706225
113,-19.601367,-17.968492,-21.736023
114,-19.507257,-17.964752,-21.660256
115,-19.456866,-17.903707,-21.665441
116,-19.454784,-17.950583,-21.664372
117,-19.461100,-17.927693,-21.693824
118,-19.377189,-17.903273,-21.617489
119,-19.388555,-17.892344,-21.657790
120,-19.353491,-17.895131,-21.607857
121,-19.359997,-17.870277,-21.606196
122,-19.363713,-17.850073,-21.482192
123,-19.317988,-17.833673,-21.507091
124,-19.323327,-17.859597,-21.507635
125,-19.245345,-17.791103,-21.454237
126,-19.186686,-17.816529,-21.398449
127,-19.133528,-17.815504,-21.442366
128,-19.087817,-17.778747,-21.475825
129,-19.091047,-17.720764,-21.494697
130,-18.998982,-17.754387,-21.445170
131,-19.041187,-17.723620,-21.414183
132,-18.957549,-17.757871,-21.434554
133,-18.987161,-17.705534,-21.418373
134,-19.020192,-17.680973,-21.438523
135,-18.951633,-17.707593,-21.380806
136,-18.950646,-17.696180,-21.351795
137,-18.881574,-17.723718,-21.341056
138,-18.955609,-17.706030,-21.385796
139,-18.851247,-17.680361,-21.374183
140,-18.817902,-17.679673,-21.400935
141,-18.885797,-17.642759,-21.352475
142,-18.883587,-17.634098,-21.408233
143,-18.792157,-17.601863,-21.348647
144,-18.774203,-17.585761,-21.342964
145,-18.839286,-17.610815,-21.307288
146,-18.791775,-17.549082,-21.413516
147,-18.808751,-17.547068,-21.390741
148,-18.754389,-17.499348,-21.425532
149,-18.764952,-17.544956,-21.395054
150,-18.755516,-17.536501,-21.335264
151,-18.701317,-17.517020,-21.322572
152,-18.705758,-17.517392,-21.321964
153,-18.684502,-17.493907,-21.346082
154,-18.565709,-17.479455,-21.261169
155,-18.597371,-17.471882,-21.233468
156,-18.664436,-17.471628,-21.293483
157,-18.699630,-17.485861,-21.278799
158,-18.570813,-17.442910,-21.327958
159,-18.600043,-17.471318,-21.320088
160,-18.523179,-17.422077,-21.309516
161,-18.458402,-17.424163,-21.298473
162,-18.504231,-17.387125,-21.281804
163,-18.509065,-17.357985,-21.184078
164,-18.416876,-17.390079,-21.244791
165,-18.468146,-17.336972,-21.263041
166,-18.433783,-17.336168,-21.197330
167,-18.448700,-17.373234,-21.238056
168,-18.359573,-17.339063,-21.227652
169,-18.385081,-17.338628,-21.126692
170,-18.417700,-17.392620,-21.150097
171,-18.464877,-17.365877,-21.212033
172,-18.352616,-17.353395,-21.196784
173,-18.389878,-17.329968,-21.154390
174,-18.306707,-17.311896,-21.249855
175,-18.317752,-17.317053,-21.159989
176,-18.232607,-17.268719,-21.230624
177,-18.198764,-17.266303,-21.160702
178,-18.180060,-17.266778,-21.186372
179,-18.168550,-17.254893,-21.185313
180,-18.133365,-17.271569,-21.067237
181,-18.121331,-17.264245,-21.094989
182,-18.071420,-17.292057,-21.113995
183,-18.128186,-17.288964,-21.097696
184,-18.103144,-17.262589,-21.016115
185,-18.052952,-17.215170,-21.018944
186,-18.073026,-17.171551,-21.076357
187,-18.035832,-17.166672,-21.068340
188,-17.955601,-17.197522,-21.060237
189,-17.963144,-17.186857,-21.063307
190,-17.976775,-17.220956,-21.070095
191,-17.875965,-17.202663,-20.975078
192,-17.961476,-17.239005,-21.055348
193,-17.891711,-17.179933,-21.033987
194,-17.913053,-17.197137,-21.057006
195,-17.874500,-17.245013,-21.061359
196,-17.822110,-17.202730,-21.085277
197,-17.839273,-17.195017,-21.052082
198,-17.799294,-17.179531,-21.045204
199,-17.822673,-17.152793,-21.048293
200,-17.834043,-17.160307,-20.995280
201,-17.791708,-17.178924,-21.047575
202,-17.819819,-17.148245,-20.962358
203,-17.792863,-17.137449,-20.942159
204,-17.805948,-17.138968,-20.919620
205,-17.761863,-17.167725,-20.965399
206,-17.751804,-17.145042,-20.955476
207,-17.726769,-17.125728,-20.874735
208,-17.694469,-17.156656,-20.838728
209,-17.741144,-17.086890,-20.858366
210,-17.751574,-17.134437,-20.834710
211,-17.673299,-17.132294,-20.895920
212,-17.679408,-17.129228,-20.927066
213,-17.708188,-17.126838,-20.859025
214,-17.669350,-17.137440,-20.913163
215,-17.671248,-17.132161,-20.825485
216,-17.634921,-17.104396,-20.815614
217,-17.687027,-17.065444,-20.828774
218,-17.715346,-17.124787,-20.769207
219,-17.680695,-17.048414,-20.849628
220,-17.635233,-17.074839,-20.787001
221,-17.664889,-17.070419,-20.796194
222,-17.629349,-17.100365,-20.831328
223,-17.622678,-17.100240,-20.758866
224,-17.638321,-17.072348,-20.741413
225,-17.619598,-17.060702,-20.804472
226,-17.607968,-17.075793,-20.765969
227,-17.603738,-17.089230,-20.755960
228,-17.543830,-17.052411,-20.798528
229,-17.576958,-17.044022,-20.816904
230,-17.578049,-17.049527,-20.751387
231,-17.551215,-17.008161,-20.727307
232,-17.601464,-17.017433,-20.792948
233,-17.618041,-17.026061,-20.740574
234,-17.618961,-16.989147,-20.732879
235,-17.597660,-17.010378,-20.792058
236,-17.602447,-17.061411,-20.737942
237,-17.540778,-17.024073,-20.686177
238,-17.543213,-17.011508,-20.607790
239,-17.526466,-17.017604,-20.655462
240,-17.558494,-17.001285,-20.571204
241,-17.550149,-17.019914,-20.591618
242,-17.492111,-16.999872,-20.584292
243,-17.493848,-16.989413,-20.522036
244,-17.532005,-17.057862,-20.498195
245,-17.507874,-17.028972,-20.544509
246,-17.509825,-17.009658,-20.532498
247,-17.504895,-16.983179,-20.480872
248,-17.505145,-16.963330,-20.507155
249,-17.519452,-17.002423,-20.480920
250,-17.523428,-17.015376,-20.547988
251,-17.442569,-16.988923,-20.519056
252,-17.445717,-16.985962,-20.501443
253,-17.391863,-17.009939,-20.527112
254,-17.453714,-17.005827,-20.444325
255,-17.470519,-17.040130,-20.518969
256,-17.435042,-17.053796,-20.416300
257,-17.378130,-17.045259,-20.480098
258,-17.461567,-16.999826,-20.501359
259,-17.366393,-17.006412,-20.514539
260,-17.356253,-16.989085,-20.507644
261,-17.399189,-16.990201,-20.491878
262,-17.389669,-17.000767,-20.474801
263,-17.375677,-16.981093,-20.434724
264,-17.386983,-16.966562,-20.512381
265,-17.338344,-16.924212,-20.536375
266,-17.368056,-16.992704,-20.500087
267,-17.376978,-16.969807,-20.411384
268,-17.383191,-16.956855,-20.421386
269,-17.395646,-16.963350,-20.429418
270,-17.400279,-16.954556,-20.376566
271,-17.349733,-16.977764,-20.322424
272,-17.332226,-16.923747,-20.372628
273,-17.385668,-16.989082,-20.365014
274,-17.379768,-16.976139,-20.393789
275,-17.374424,-16.977340,-20.338224
276,-17.436312,-16.930015,-20.341531
277,-17.394395,-16.969485,-20.377023
278,-17.338288,-16.985290,-20.373743
279,-17.344577,-16.955490,-20.353941
280,-17.311745,-16.980548,-20.358454
281,-17.346020,-17.006916,-20.296458
282,-17.325442,-16.935658,-20.297369
283,-17.303739,-16.930610,-20.331754
284,-17.343219,-16.978671,-20.229464
285,-17.381768,-16.939988,-20.230771
286,-17.358215,-16.971255,-20.275312
287,-17.335843,-16.958000,-20.251783
288,-17.349752,-16.949767,-20.293216
289,-17.386526,-16.943989,-20.286797
290,-17.360593,-16.979079,-20.195813
291,-17.359037,-16.998997,-20.201484
292,-17.376857,-16.983038,-20.208628
293,-17.360762,-17.015705,-20.226618
294,-17.322832,-17.027882,-20.214089
295,-17.342166,-16.963991,-20.228611
296,-17.342357,-16.950197,-20.203596
297,-17.341002,-16.938620,-20.124586
298,-17.358788,-16.945976,-20.170631
299,-17.307764,-16.931620,-20.149008
300,-17.290936,-16.934349,-20.135925
301,-17.282750,-16.979479,-20.107759
302,-17.352139,-16.951079,-20.140373
303,-17.304964,-16.961677,-20.114115
304,-17.255864,-16.933317,-20.085253
305,-17.303650,-16.956181,-20.074408
306,-17.275432,-16.954274,-20.119799
307,-17.307541,-16.921445,-20.101624
308,-17.345435,-16.941790,-20.051657
309,-17.268700,-16.935602,-20.053080
310,-17.311967,-16.948731,-20.061678
311,-17.303748,-16.940786,-20.025564
312,-17.284928,-16.925878,-20.027365
313,-17.284404,-16.932671,-20.038399
314,-17.242853,-16.987532,-19.930563
315,-17.272385,-16.898388,-20.004793
316,-17.269957,-16.893710,-20.005746
317,-17.273542,-16.950084,-19.977089
318,-17.266770,-16.949401,-19.913910
319,-17.356261,-16.939309,-20.003883
320,-17.285553,-16.879567,-20.010231
321,-17.264176,-16.923879,-19.983823
322,-17.334960,-16.939749,-19.929792
323,-17.265167,-16.890932,-19.923995
324,-17.227561,-16.880960,-19.949638
325,-17.247914,-16.887693,-19.990332
326,-17.225836,-16.894015,-19.864872
327,-17.231789,-16.916946,-19.889405
328,-17.213581,-16.936539,-19.903476
329,-17.232303,-16.894500,-19.840539
330,-17.251467,-16.890243,-19.852435
331,-17.264490,-16.883285,-19.882265
332,-17.247341,-16.878794,-19.800834
333,-17.234669,-16.899619,-19.822853
334,-17.231310,-16.872850,-19.761937
335,-17.270396,-16.852988,-19.768721
336,-17.221708,-16.911383,-19.727473
337,-17.232516,-16.933001,-19.826160
338,-17.265441,-16.929408,-19.802261
339,-17.221100,-16.920075,-19.758808
340,-17.222917,-16.876210,-19.759262
341,-17.230486,-16.881386,-19.772755
342,-17.179703,-16.922703,-19.758657
343,-17.167472,-16.878636,-19.725433
344,-17.213506,-16.890993,-19.645624
345,-17.215665,-16.901168,-19.667002
346,-17.177080,-16.897027,-19.686724
347,-17.245433,-16.886020,-19.668666
348,-17.188657,-16.913202,-19.705116
349,-17.156700,-16.922433,-19.719337
350,-17.139386,-16.916012,-19.617505
351,-17.155876,-16.891572,-19.634651
352,-17.160835,-16.886331,-19.609141
353,-17.132688,-16.883857,-19.605399
354,-17.154403,-16.919521,-19.593824
355,-17.203562,-16.918311,-19.607925
356,-17.172400,-16.933369,-19.597304
357,-17.163883,-16.933829,-19.644485
358,-17.138880,-16.895075,-19.650405
359,-17.171070,-16.872088,-19.600045
360,-17.178996,-16.878940,-19.562194
361,-17.122227,-16.872481,-19.591923
362,-17.139544,-16.914061,-19.583706
363,-17.134207,-16.898116,-19.590498
364,-17.119535,-16.868575,-19.570834
365,-17.134377,-16.903167,-19.552750
366,-17.143392,-16.896450,-19.559739
367,-17.144631,-16.885606,-19.472058
368,-17.132608,-16.879505,-19.481553
369,-17.162891,-16.878366,-19.533283
370,-17.109616,-16.837021,-19.512362
371,-17.084121,-16.843138,-19.406003
372,-17.097710,-16.890363,-19.497420
373,-17.110646,-16.894056,-19.444117
374,-17.121485,-16.911127,-19.468136
375,-17.127653,-16.870261,-19.423375
376,-17.105456,-16.885705,-19.414452
377,-17.129241,-16.859642,-19.413420
378,-17.117003,-16.865999,-19.439247
379,-17.085910,-16.855088,-19.494307
380,-17.088206,-16.891600,-19.430473
381,-17.115614,-16.884736,-19.443822
382,-17.073256,-16.860926,-19.369997
383,-17.063875,-16.875700,-19.376446
384,-17.011333,-16.885602,-19.411469
385,-17.052063,-16.907799,-19.365548
386,-17.075504,-16.879617,-19.383153
387,-17.066985,-16.913389,-19.335824
388,-17.100168,-16.916234,-19.296789
389,-17.109032,-16.890772,-19.323207
390,-17.076837,-16.901949,-19.341291
391,-17.080586,-16.889810,-19.371181
392,-17.029818,-16.881133,-19.360976
393,-17.108804,-16.876233,-19.363999
394,-17.075485,-16.929063,-19.338552
395,-17.059561,-16.907222,-19.305362
396,-17.060453,-16.875435,-19.313306
397,-17.045880,-16.896672,-19.281983
398,-17.007195,-16.899903,-19.228684
399,-17.025512,-16.899521,-19.256524
400,-17.015777,-16.863134,-19.226508
401,-16.989662,-16.858252,-19.143318
402,-17.041322,-16.888603,-19.175760
403,-17.052566,-16.875863,-19.150934
404,-17.008162,-16.905564,-19.178225
405,-17.022918,-16.874061,-19.152265
406,-17.052951,-16.890094,-19.186546
407,-17.022339,-16.907173,-19.198482
408,-17.024972,-16.883260,-19.193904
409,-17.023080,-16.873279,-19.196985
410,-17.029437,-16.877717,-19.155095
411,-17.031227,-16.900013,-19.130987
412,-17.011448,-16.887019,-19.165047
413,-16.993250,-16.900702,-19.151590
414,-17.000731,-16.876491,-19.094078
415,-16.970438,-16.910978,-19.124265
416,-16.993950,-16.907209,-19.170095
417,-17.016119,-16.907078,-19.062332
418,-17.014331,-16.893809,-19.116070
419,-17.041129,-16.885230,-19.119934
420,-17.017444,-16.863071,-19.103449
421,-17.000775,-16.895671,-19.041717
422,-16.984367,-16.900955,-19.040952
423,-17.016413,-16.890724,-19.078897
424,-17.035221,-16.886883,-19.067703
425,-17.010658,-16.922310,-19.035205
426,-16.994637,-16.891998,-19.042340
427,-17.014570,-16.895428,-19.015219
428,-16.959218,-16.896068,-18.986895
429,-16.999008,-16.879211,-18.974686
430,-16.963606,-16.891241,-18.983001
431,-16.918530,-16.922014,-18.955159
432,-16.978470,-16.901527,-18.980577
433,-16.985182,-16.857628,-18.912735
434,-17.007025,-16.885213,-18.950047
435,-16.995495,-16.882050,-18.935272
436,-16.967263,-16.925424,-18.969999
437,-16.966535,-16.889059,-18.979464
438,-16.957955,-16.884786,-18.968319
439,-16.975554,-16.891243,-18.925182
440,-16.984903,-16.922688,-18.938070
441,-16.999226,-16.928166,-18.918477
442,-16.948356,-16.872595,-18.911613
443,-16.974158,-16.889568,-18.958646
444,-16.968370,-16.889704,-19.026198
445,-16.957815,-16.885448,-18.977818
446,-16.992142,-16.942416,-18.946681
447,-16.964644,-16.902254,-18.993863
448,-16.945029,-16.930756,-19.013465
449,-16.967339,-16.904730,-18.974785
450,-16.979956,-16.937253,-18.972625
451,-17.003675,-16.926678,-18.907595
452,-16.996821,-16.902672,-18.891320
453,-17.027701,-16.909668,-18.849871
454,-16.988579,-16.923979,-18.885346
455,-16.982307,-16.897808,-18.835138
456,-16.997390,-16.912467,-18.861722
457,-16.964103,-16.914979,-18.890987
458,-17.007574,-16.931300,-18.843249
459,-16.984411,-16.915864,-18.866702
460,-17.013362,-16.902851,-18.850777
461,-16.988790,-16.887277,-18.898530
462,-16.980607,-16.911440,-18.931795
463,-16.982724,-16.912053,-18.854911
464,-16.999362,-16.939167,-18.833656
465,-17.048049,-16.872793,-18.858810
466,-17.014086,-16.916913,-18.810192
467,-16.988515,-16.901191,-18.864749
468,-17.013365,-16.895325,-18.794183
469,-17.036966,-16.852031,-18.786252
470,-17.035675,-16.871302,-18.813207
471,-17.002270,-16.900960,-18.840502
472,-16.987184,-16.890418,-18.826732
473,-17.010378,-16.880567,-18.758674
474,-16.958504,-16.872329,-18.813250
475,-17.001742,-16.872515,-18.761198
476,-17.034412,-16.879379,-18.775038
477,-17.030530,-16.951576,-18.839999
478,-17.003858,-16.918666,-18.721897
479,-17.018586,-16.886131,-18.761273
480,-17.030002,-16.868288,-18.782638
481,-16.988666,-16.881710,-18.763361
482,-17.001235,-16.912197,-18.786763
483,-17.027321,-16.898242,-18.762960
484,-17.064926,-16.888658,-18.751631
485,-17.015067,-16.870221,-18.760581
486,-16.985419,-16.884068,-18.785122
487,-16.996292,-16.885682,-18.737079
488,-17.020487,-16.909115,-18.685090
489,-16.997045,-16.897647,-18.703476
490,-17.002984,-16.913655,-18.721796
491,-16.980734,-16.929009,-18.677001
492,-17.014604,-16.903717,-18.787309
493,-17.027127,-16.884274,-18.715177
494,-16.987408,-16.907090,-18.775654
495,-17.039530,-16.911580,-18.710765
496,-17.018307,-16.950325,-18.685910
497,-17.020612,-16.922163,-18.699632
498,-17.024761,-16.897775,-18.706265
499,-17.018278,-16.933604,-18.653846
500,-17.050090,-16.917187,-18.682316
501,-17.073181,-16.880986,-18.656225
502,-17.024993,-16.901053,-18.689458
503,-17.030043,-16.890475,-18.692554
504,-17.048104,-16.914881,-18.659366
505,-17.048129,-16.920561,-18.618914
506,-17.070091,-16.914029,-18.658884
507,-17.046913,-16.873059,-18.615280
508,-17.057351,-16.898151,-18.630025
509,-17.040825,-16.918161,-18.677387
510,-17.065121,-16.944433,-18.609370
511,-17.059907,-16.926189,-18.627889
512,-17.022723,-16.945777,-18.618228
513,-17.050219,-16.940574,-18.615114
514,-17.047856,-16.907147,-18.634512
515,-17.072362,-16.930035,-18.556522
516,-17.039598,-16.927000,-18.592408
517,-17.032412,-16.901567,-18.576059
518,-17.038729,-16.945373,-18.590878
519,-17.016850,-16.936475,-18.643564
520,-17.036113,-16.914185,-18.603096
521,-16.997721,-16.953256,-18.558494
522,-17.030054,-16.943581,-18.645068
523,-17.065101,-16.925008,-18.591851
524,-17.045336,-16.925188,-18.572047
525,-17.059591,-16.917516,-18.541102
526,-17.049716,-16.932186,-18.522851
527,-17.058283,-16.929486,-18.543880
528,-17.079794,-16.910214,-18.540459
529,-17.069589,-16.928974,-18.486778
530,-17.072388,-16.915842,-18.546691
531,-17.089937,-16.914400,-18.539037
532,-17.080192,-16.922569,-18.528663
533,-17.072098,-16.918249,-18.577352
534,-17.034144,-16.929259,-18.553869
535,-17.082283,-16.918881,-18.602933
536,-17.080713,-16.888953,-18.506956
537,-17.080570,-16.895303,-18.528686
538,-17.120287,-16.898807,-18.512713
539,-17.102988,-16.900305,-18.530433
540,-17.118001,-16.882305,-18.502874
541,-17.079943,-16.925361,-18.456377
542,-17.066321,-16.928241,-18.462247
543,-17.100132,-16.931854,-18.472295
544,-17.124180,-16.919937,-18.438989
545,-17.090501,-16.937039,-18.452438
546,-17.085241,-16.937780,-18.430362
547,-17.068977,-16.909255,-18.469287
548,-17.088046,-16.958986,-18.518496
549,-17.077318,-16.925388,-18.485274
550,-17.088885,-16.924780,-18.459162
551,-17.089186,-16.918307,-18.432477
552,-17.100938,-16.921248,-18.383502
553,-17.034390,-16.904944,-18.448156
554,-17.048577,-16.955106,-18.431940
555,-17.063325,-16.916846,-18.390816
556,-17.082325,-16.930412,-18.506253
557,-17.094254,-16.902103,-18.476784
558,-17.037683,-16.949504,-18.483424
559,-17.049319,-16.983615,-18.460073
560,-17.084047,-16.921289,-18.440913
561,-17.069217,-16.928855,-18.421769
562,-17.091361,-16.958652,-18.475176
563,-17.065998,-16.942272,-18.435068
564,-17.087202,-16.948084,-18.423869
565,-17.072513,-16.916068,-18.411525
566,-17.105049,-16.956106,-18.347104
567,-17.108220,-16.946569,-18.373725
568,-17.119231,-16.955589,-18.371484
569,-17.111251,-16.961285,-18.411295
570,-17.091100,-16.956081,-18.400966
571,-17.090635,-16.918619,-18.392383
572,-17.115346,-16.935390,-18.376181
573,-17.120679,-16.887251,-18.369822
574,-17.097410,-16.944568,-18.380129
575,-17.140410,-16.915075,-18.381627
576,-17.111134,-16.944127,-18.324447
577,-17.127903,-16.934620,-18.294496
578,-17.092418,-16.936186,-18.347624
579,-17.093535,-16.953911,-18.362387
580,-17.113154,-16.944232,-18.311859
581,-17.152628,-16.949841,-18.299929
582,-17.126848,-16.929966,-18.341122
583,-17.133606,-16.925741,-18.283562
584,-17.164712,-16.962984,-18.260330
585,-17.119026,-16.975090,-18.284964
586,-17.106613,-16.980361,-18.313244
587,-17.096992,-16.971079,-18.277977
588,-17.119803,-16.956380,-18.333310
589,-17.131736,-16.920574,-18.280128
590,-17.160198,-16.924884,-18.264400
591,-17.078867,-16.905438,-18.281438
592,-17.104606,-16.963937,-18.288788
593,-17.125257,-16.943065,-18.251423
594,-17.162321,-16.981609,-18.267356
595,-17.118297,-16.996901,-18.240648
596,-17.179152,-16.941388,-18.333123
597,-17.173057,-16.957421,-18.290137
598,-17.135909,-16.939796,-18.297957
599,-17.124721,-16.959213,-18.301025
600,-17.165503,-16.968217,-18.251816
601,-17.168441,-16.971485,-18.300400
602,-17.147173,-16.955903,-18.282317
603,-17.165354,-16.957346,-18.295905
604,-17.186664,-16.911744,-18.301098
605,-17.174220,-16.928944,-18.252074
606,-17.185856,-16.950941,-18.246116
607,-17.157518,-16.981904,-18.271699
608,-17.153032,-16.952458,-18.207229
609,-17.168614,-16.981976,-18.220595
610,-17.152960,-16.983421,-18.250468
611,-17.227648,-16.972205,-18.292973
612,-17.207085,-16.961969,-18.240900
613,-17.202722,-16.977480,-18.278262
614,-17.204014,-16.959728,-18.262533
615,-17.196604,-16.951332,-18.239507
616,-17.176911,-16.961730,-18.234087
617,-17.236016,-16.999193,-18.273522
618,-17.176467,-16.935267,-18.253651
619,-17.155743,-16.959905,-18.242991
620,-17.164506,-16.980823,-18.229747
621,-17.154576,-16.983395,-18.207147
622,-17.158665,-17.017564,-18.235725
623,-17.170734,-16.962220,-18.212447
624,-17.213257,-16.993633,-18.176923
625,-17.183529,-17.028927,-18.209462
626,-17.161044,-17.018305,-18.243138
627,-17.138194,-16.994056,-18.215357
628,-17.183609,-17.012120,-18.192083
629,-17.161587,-16.986461,-18.167246
630,-17.184771,-16.992056,-18.155192
631,-17.169406,-16.988938,-18.130283
632,-17.208039,-17.034598,-18.160338
633,-17.171602,-17.014465,-18.087117
634,-17.182918,-17.011866,-18.184748
635,-17.186188,-17.016624,-18.134361
636,-17.185923,-16.963523,-18.183051
637,-17.164003,-16.993566,-18.161829
638,-17.206405,-16.998530,-18.137362
639,-17.129876,-16.970445,-18.171233
640,-17.140876,-17.024786,-18.197908
641,-17.188852,-17.022632,-18.156895
642,-17.193708,-17.032127,-18.143259
643,-17.194392,-16.985391,-18.181225
644,-17.203770,-16.994658,-18.158573
645,-17.250939,-16.982885,-18.136588
646,-17.224167,-17.009792,-18.151727
647,-17.216669,-17.003318,-18.152019
648,-17.215367,-17.005595,-18.123623
649,-17.217616,-16.994175,-18.102592
650,-17.258604,-16.977934,-18.114563
651,-17.177849,-16.994495,-18.096044
652,-17.208935,-16.982442,-18.047600
653,-17.219490,-16.989189,-18.085164
654,-17.220789,-17.011563,-18.157647
655,-17.196002,-16.981171,-18.119926
656,-17.265013,-17.011749,-18.118868
657,-17.264919,-17.008820,-18.066041
658,-17.220743,-16.968929,-18.108971
659,-17.290814,-16.999760,-18.014778
660,-17.256016,-16.991371,-18.025810
661,-17.257532,-16.992145,-18.068703
662,-17.231165,-17.046111,-18.055717
663,-17.261080,-17.028907,-18.047402
664,-17.272726,-17.051803,-18.025061
665,-17.231593,-17.067889,-18.047531
666,-17.244227,-16.999034,-18.128486
667,-17.263257,-16.979961,-18.128428
668,-17.247735,-16.995294,-18.061358
669,-17.241296,-17.008599,-18.089065
670,-17.209781,-17.011973,-18.066227
671,-17.219659,-17.007252,-18.065802
672,-17.247014,-17.009580,-18.093924
673,-17.235123,-17.058502,-18.094423
674,-17.236274,-17.062018,-18.011399
675,-17.288536,-17.048383,-18.013559
676,-17.334553,-17.027221,-18.078367
677,-17.325062,-17.028812,-18.037035
678,-17.312902,-17.013864,-18.017580
679,-17.282701,-17.010027,-18.020903
680,-17.253966,-17.029599,-18.035311
681,-17.241034,-17.042139,-18.047676
682,-17.282500,-17.050005,-18.022026
683,-17.276010,-17.042380,-18.005120
684,-17.310253,-17.046009,-17.995048
685,-17.296399,-17.067327,-17.907208
686,-17.297403,-17.031652,-17.942334
687,-17.292182,-17.049356,-17.978532
688,-17.320787,-17.024111,-17.961445
689,-17.275224,-17.082929,-17.992333
690,-17.291726,-17.027625,-17.992828
691,-17.288939,-17.015800,-17.948054
692,-17.282364,-17.003786,-18.050100
693,-17.277140,-17.053798,-18.007802
694,-17.278592,-17.032591,-18.050043
695,-17.263718,-17.012171,-18.036423
696,-17.284417,-17.066444,-18.007539
697,-17.295492,-17.041007,-18.026515
698,-17.293886,-17.029726,-18.015009
699,-17.288349,-17.022162,-18.012099
700,-17.291804,-17.007576,-18.018611
701,-17.255608,-17.057760,-18.043920
702,-17.258156,-17.014112,-17.965226
703,-17.333776,-17.023370,-18.039779
704,-17.303350,-17.021530,-17.978681
705,-17.292761,-17.032354,-17.997786
706,-17.263777,-17.063615,-17.981181
707,-17.309494,-17.024436,-17.952513
708,-17.292501,-17.052862,-17.921923
709,-17.301542,-17.052393,-17.957562
710,-17.291087,-17.031685,-17.958654
711,-17.258891,-17.042675,-17.916567
712,-17.307437,-17.072723,-17.897692
713,-17.252482,-17.089636,-17.898511
714,-17.263184,-17.080001,-17.907793
715,-17.299594,-17.041153,-17.923668
716,-17.302210,-17.035904,-17.922958
717,-17.356670,-17.062322,-17.948358
718,-17.339113,-17.057307,-17.923902
719,-17.334518,-17.009749,-17.934772
720,-17.345418,-17.058405,-17.936997
721,-17.304407,-17.033036,-17.943384
722,-17.342553,-17.028178,-17.871635
723,-17.324531,-17.011127,-17.885394
724,-17.337736,-17.059508,-17.887680
725,-17.354006,-17.030005,-17.883727
726,-17.372442,-17.058057,-17.912591
727,-17.320852,-17.022270,-17.898107
728,-17.295894,-17.048895,-17.946110
729,-17.314623,-17.039414,-17.921186
730,-17.344087,-17.022723,-17.926220
731,-17.375405,-17.036732,-17.947143
732,-17.344268,-17.015867,-17.927479
733,-17.353234,-17.043952,-17.893616
734,-17.320934,-17.064436,-17.893001
735,-17.370558,-17.015012,-17.900478
736,-17.411149,-17.035270,-17.945100
737,-17.361510,-17.029066,-17.936834
738,-17.323372,-17.089753,-17.884578
739,-17.345635,-17.029607,-17.852799
740,-17.308807,-17.054771,-17.845162
741,-17.364877,-17.061540,-17.898187
742,-17.354629,-17.033770,-17.876141
743,-17.345250,-17.060900,-17.847790
744,-17.395371,-17.062831,-17.858592
745,-17.317428,-17.032111,-17.883754
746,-17.350585,-17.032450,-17.841723
747,-17.385263,-17.031268,-17.868898
748,-17.357124,-17.025712,-17.870707
749,-17.389393,-17.004429,-17.869652
750,-17.389920,-17.067514,-17.903986
751,-17.358580,-17.074262,-17.868265
752,-17.423426,-17.036923,-17.883005
753,-17.390458,-17.058200,-17.874125
754,-17.424273,-17.057478,-17.851140
755,-17.419536,-17.064663,-17.930504
756,-17.363224,-17.065635,-17.881788
757,-17.377822,-17.072354,-17.850437
758,-17.387110,-17.068072,-17.898592
759,-17.351024,-17.048022,-17.869580
760,-17.401994,-17.028540,-17.818769
761,-17.389660,-17.070207,-17.857935
762,-17.349969,-17.091550,-17.878179
763,-17.419197,-17.070734,-17.893660
764,-17.371099,-17.101193,-17.783763
765,-17.389202,-17.083784,-17.803767
766,-17.411581,-17.120579,-17.832473
767,-17.340883,-17.149936,-17.868227
768,-17.409299,-17.104438,-17.819280
769,-17.376768,-17.067399,-17.854165
770,-17.390036,-17.111005,-17.858829
771,-17.383794,-17.105139,-17.844106
772,-17.369400,-17.100524,-17.838585
773,-17.439233,-17.088515,-17.849240
774,-17.437421,-17.107415,-17.863840
775,-17.416151,-17.120504,-17.810561
776,-17.397559,-17.128140,-17.837144
777,-17.440144,-17.054205,-17.828314
778,-17.460152,-17.075320,-17.818511
779,-17.428974,-17.101031,-17.804784
780,-17.438822,-17.114912,-17.820411
781,-17.428673,-17.106697,-17.841016
782,-17.409499,-17.072734,-17.788592
783,-17.448672,-17.106683,-17.786276
784,-17.388911,-17.102503,-17.820576
785,-17.399025,-17.059834,-17.785351
786,-17.450418,-17.113860,-17.804304
787,-17.403612,-17.068220,-17.797348
788,-17.414224,-17.069055,-17.790294
789,-17.449567,-17.099142,-17.736432
790,-17.468728,-17.075305,-17.803139
791,-17.416235,-17.119124,-17.793082
792,-17.381896,-17.102740,-17.819192
793,-17.395368,-17.119323,-17.790683
794,-17.392325,-17.069277,-17.828956
795,-17.376157,-17.121310,-17.808382
796,-17.384847,-17.102129,-17.805972
797,-17.405353,-17.072770,-17.812674
798,-17.462262,-17.115590,-17.774030
799,-17.453601,-17.136062,-17.793288
800,-17.407130,-17.128082,-17.768995
801,-17.453963,-17.102289,-17.835651
802,-17.419324,-17.109521,-17.796084
803,-17.442548,-17.089394,-17.807086
804,-17.422454,-17.108643,-17.799798
805,-17.437817,-17.109587,-17.835727
806,-17.425994,-17.158826,-17.812999
807,-17.408754,-17.101705,-17.832607
808,-17.433099,-17.120053,-17.849640
809,-17.407818,-17.109818,-17.889762
810,-17.370741,-17.112875,-17.821218
811,-17.399776,-17.143264,-17.829283
812,-17.469984,-17.121087,-17.811927
813,-17.428499,-17.123604,-17.832339
814,-17.430012,-17.154379,-17.793757
815,-17.436940,-17.117715,-17.788223
816,-17.396926,-17.111138,-17.799960
817,-17.459105,-17.116060,-17.809870
818,-17.459324,-17.140888,-17.814099
819,-17.441611,-17.123619,-17.866883
820,-17.408145,-17.164092,-17.770314
821,-17.418084,-17.132972,-17.808151
822,-17.388278,-17.151074,-17.816336
823,-17.412864,-17.116201,-17.782111
824,-17.445943,-17.155941,-17.809300
825,-17.460425,-17.169646,-17.820875
826,-17.402569,-17.180451,-17.809220
827,-17.411420,-17.179683,-17.793001
828,-17.411033,-17.121483,-17.784306
829,-17.453698,-17.137323,-17.764974
830,-17.413473,-17.136924,-17.752113
831,-17.398190,-17.179129,-17.824078
832,-17.396815,-17.133614,-17.812199
833,-17.455268,-17.183314,-17.735242
834,-17.442894,-17.136757,-17.792504
835,-17.413032,-17.121228,-17.739716
836,-17.489792,-17.168703,-17.758727
837,-17.442490,-17.136031,-17.708420
838,-17.425879,-17.153951,-17.717293
839,-17.473547,-17.195945,-17.771115
840,-17.460547,-17.136290,-17.731285
841,-17.447943,-17.145348,-17.731082
842,-17.401198,-17.166906,-17.737609
843,-17.469823,-17.150370,-17.747951
844,-17.451547,-17.144690,-17.751873
845,-17.416647,-17.148298,-17.760455
846,-17.439781,-17.159495,-17.789976
847,-17.444499,-17.166046,-17.764722
848,-17.455321,-17.159250,-17.727493
849,-17.400326,-17.145418,-17.734555
850,-17.484214,-17.164781,-17.758609
851,-17.451898,-17.179829,-17.739917
852,-17.432020,-17.181374,-17.815233
853,-17.457378,-17.124331,-17.752804
854,-17.478010,-17.161886,-17.765369
855,-17.458261,-17.195603,-17.758130
856,-17.482174,-17.139167,-17.739635
857,-17.428735,-17.145417,-17.747405
858,-17.443249,-17.156232,-17.769912
859,-17.482539,-17.145493,-17.763023
860,-17.485713,-17.154275,-17.729200
861,-17.447807,-17.126548,-17.738781
862,-17.510293,-17.161468,-17.758064
863,-17.485197,-17.124271,-17.811991
864,-17.486910,-17.156037,-17.775757
865,-17.475766,-17.193143,-17.774369
866,-17.492484,-17.191051,-17.711881
867,-17.507247,-17.152529,-17.768550
868,-17.469852,-17.194392,-17.725417
869,-17.445243,-17.173393,-17.720999
870,-17.491196,-17.208251,-17.725339
871,-17.499710,-17.175597,-17.694383
872,-17.413421,-17.185230,-17.687121
873,-17.458000,-17.189763,-17.733271
874,-17.480217,-17.194934,-17.748232
875,-17.453193,-17.163037,-17.700612
876,-17.461203,-17.165682,-17.703597
877,-17.449594,-17.131469,-17.709535
878,-17.520106,-17.168555,-17.723710
879,-17.485372,-17.173921,-17.664859
880,-17.503939,-17.177841,-17.726179
881,-17.493582,-17.213867,-17.718536
882,-17.525713,-17.165692,-17.699338
883,-17.479958,-17.169976,-17.674344
884,-17.453183,-17.204818,-17.641546
885,-17.487117,-17.196415,-17.685256
886,-17.437318,-17.153790,-17.729673
887,-17.424380,-17.149410,-17.692593
888,-17.494287,-17.150035,-17.691317
889,-17.453617,-17.217208,-17.667811
890,-17.485358,-17.194564,-17.663404
891,-17.466908,-17.224064,-17.708452
892,-17.512280,-17.190644,-17.663229
893,-17.504084,-17.192232,-17.658664
894,-17.465345,-17.199021,-17.687397
895,-17.442714,-17.225664,-17.647171
896,-17.482097,-17.216348,-17.663567
897,-17.510988,-17.199350,-17.665762
898,-17.555517,-17.195940,-17.666245
899,-17.490899,-17.187411,-17.670522
900,-17.484391,-17.181653,-17.656569
901,-17.500029,-17.160434,-17.671076
902,-17.472624,-17.177900,-17.637764
903,-17.517378,-17.177120,-17.656012
904,-17.519071,-17.188904,-17.633677
905,-17.507513,-17.261899,-17.659975
906,-17.509991,-17.186746,-17.655837
907,-17.528851,-17.189828,-17.630843
908,-17.517403,-17.203946,-17.637091
909,-17.492393,-17.218560,-17.674913
910,-17.485228,-17.218505,-17.683285
911,-17.523816,-17.231102,-17.690072
912,-17.543387,-17.212997,-17.663310
913,-17.524251,-17.204744,-17.677752
914,-17.540628,-17.237089,-17.686171
915,-17.572683,-17.234013,-17.650881
916,-17.519668,-17.246629,-17.622277
917,-17.517059,-17.235348,-17.668167
918,-17.494973,-17.235020,-17.665883
919,-17.530749,-17.221315,-17.693743
920,-17.492646,-17.222246,-17.659731
921,-17.512309,-17.226716,-17.612705
922,-17.444844,-17.241374,-17.656166
923,-17.501137,-17.230742,-17.642337
924,-17.481290,-17.242242,-17.656886
925,-17.491437,-17.227220,-17.655459
926,-17.508734,-17.217814,-17.629653
927,-17.527895,-17.216761,-17.578103
928,-17.509704,-17.236637,-17.638236
929,-17.511201,-17.283488,-17.639575
930,-17.522299,-17.212316,-17.630603
931,-17.509291,-17.240660,-17.603263
932,-17.514735,-17.226832,-17.607940
933,-17.473927,-17.220113,-17.592618
934,-17.507172,-17.211818,-17.641541
935,-17.524583,-17.242010,-17.617568
936,-17.500088,-17.225941,-17.615366
937,-17.474867,-17.211726,-17.634805
938,-17.431751,-17.179481,-17.601268
939,-17.415844,-17.266975,-17.626779
940,-17.509870,-17.217729,-17.602823
941,-17.522566,-17.225440,-17.620132
942,-17.478111,-17.232510,-17.564499
943,-17.534243,-17.228296,-17.599340
944,-17.475406,-17.243126,-17.573452
945,-17.488161,-17.237174,-17.516111
946,-17.501025,-17.225707,-17.524639
947,-17.476298,-17.259026,-17.509453
948,-17.520762,-17.200641,-17.512848
949,-17.519799,-17.191630,-17.567859
950,-17.493578,-17.220209,-17.537747
951,-17.508739,-17.225666,-17.561563
952,-17.485272,-17.207498,-17.565048
953,-17.514150,-17.217665,-17.597657
954,-17.451706,-17.225357,-17.589324
955,-17.453680,-17.181787,-17.602976
956,-17.509592,-17.219275,-17.584878
957,-17.485119,-17.185918,-17.637304
958,-17.498227,-17.219374,-17.593273
959,-17.492241,-17.210800,-17.633736
960,-17.475496,-17.178190,-17.591889
961,-17.508939,-17.248258,-17.641242
962,-17.527537,-17.246967,-17.585104
963,-17.492498,-17.250949,-17.608621
964,-17.523286,-17.228710,-17.576205
965,-17.467549,-17.228424,-17.599999
966,-17.490910,-17.233976,-17.621517
967,-17.526451,-17.235831,-17.623022
968,-17.452346,-17.189654,-17.608676
969,-17.472762,-17.212971,-17.645247
970,-17.524161,-17.244812,-17.645222
971,-17.499493,-17.206496,-17.597086
972,-17.469014,-17.204527,-17.653108
973,-17.455387,-17.217581,-17.642254
974,-17.477377,-17.229822,-17.592154
975,-17.501284,-17.230644,-17.614175
976,-17.514270,-17.243493,-17.623860
977,-17.495636,-17.267181,-17.572358
978,-17.495194,-17.253722,-17.619074
979,-17.521049,-17.246767,-17.596327
980,-17.504838,-17.209897,-17.599742
981,-17.594532,-17.218067,-17.594760
982,-17.500459,-17.243875,-17.592020
983,-17.523917,-17.265799,-17.579209
984,-17.552509,-17.248788,-17.625355
985,-17.538645,-17.224524,-17.629832
986,-17.523320,-17.210548,-17.577481
987,-17.458008,-17.190715,-17.556198
988,-17.499469,-17.241182,-17.542995
989,-17.517566,-17.237706,-17.543540
990,-17.492301,-17.209936,-17.552443
991,-17.464340,-17.230303,-17.615510
992,-17.464304,-17.241484,-17.572683
993,-17.518244,-17.229747,-17.557841
994,-17.507765,-17.261728,-17.551423
995,-17.532920,-17.256079,-17.504557
996,-17.521444,-17.260255,-17.470229
997,-17.501243,-17.231685,-17.507745
998,-17.520949,-17.288174,-17.504251
999,-17.485394,-17.259397,-17.543325
1000,-17.532725,-17.279777,-17.564306
