Epoch,chi_Mean_0.235,chi_Mean_0.94,chi_Mean_3.76
1,-34.906358,-33.204537,-47.038956
2,-31.303791,-30.118179,-37.926840
3,-30.714849,-29.432208,-36.595447
4,-30.172334,-28.856185,-36.498896
5,-29.547156,-28.235563,-36.876451
6,-28.876587,-27.657601,-37.164980
7,-28.225427,-27.146569,-37.629420
8,-27.534375,-26.691055,-38.251467
9,-26.930625,-26.290056,-38.542334
10,-26.386489,-25.943150,-38.778309
11,-25.912103,-25.639497,-39.059024
12,-25.516374,-25.351347,-39.485970
13,-25.164862,-25.099131,-39.520835
14,-24.874882,-24.853115,-39.570985
15,-24.565884,-24.656473,-39.858511
16,-24.319634,-24.470425,-39.910590
17,-24.115028,-24.317740,-40.084929
18,-23.944602,-24.171663,-40.129456
19,-23.769152,-24.024199,-40.218976
20,-23.633885,-23.909790,-40.081675
21,-23.496096,-23.793285,-40.022156
22,-23.383045,-23.694671,-40.197244
23,-23.273066,-23.619122,-40.179689
24,-23.178351,-23.556975,-40.028375
25,-23.126499,-23.495802,-40.250058
26,-23.044757,-23.403594,-40.111513
27,-22.972154,-23.362715,-40.038124
28,-22.924046,-23.321280,-39.979789
29,-22.876161,-23.288428,-39.821835
30,-22.828357,-23.235166,-39.785351
31,-22.767989,-23.189959,-39.733153
32,-22.766038,-23.148128,-39.644995
33,-22.717798,-23.113659,-39.401514
34,-22.655230,-23.097826,-39.350270
35,-22.652169,-23.063958,-39.312287
36,-22.627338,-23.050966,-39.023010
37,-22.607071,-23.020717,-38.924125
38,-22.625507,-23.008039,-38.924497
39,-22.583633,-22.988414,-38.717221
40,-22.565680,-22.931585,-38.580385
41,-22.557686,-22.933069,-38.414128
42,-22.546519,-22.932829,-38.360873
43,-22.513172,-22.920613,-38.024541
44,-22.508843,-22.919227,-37.962146
45,-22.491544,-22.907448,-37.862386
46,-22.492963,-22.862454,-37.728410
47,-22.499599,-22.868379,-37.497413
48,-22.499357,-22.886285,-37.219394
49,-22.511295,-22.881384,-37.131264
50,-22.500599,-22.895694,-36.894841
51,-22.496410,-22.868228,-36.776338
52,-22.507857,-22.875562,-36.532707
53,-22.506535,-22.887908,-36.296856
54,-22.494919,-22.865475,-36.053583
55,-22.476120,-22.864563,-35.818165
56,-22.483244,-22.841455,-35.718239
57,-22.487060,-22.850016,-35.527613
58,-22.471449,-22.841822,-35.371901
59,-22.450010,-22.820656,-35.301281
60,-22.453087,-22.794145,-35.081358
61,-22.458595,-22.747761,-34.927598
62,-22.433590,-22.768696,-34.705824
63,-22.458872,-22.730242,-34.573205
64,-22.470060,-22.724343,-34.510416
65,-22.484653,-22.722132,-34.258552
66,-22.472678,-22.724088,-34.299366
67,-22.458311,-22.723317,-34.176619
68,-22.453520,-22.708991,-33.988129
69,-22.466515,-22.711410,-33.941837
70,-22.461719,-22.665704,-33.800738
71,-22.464248,-22.651773,-33.681737
72,-22.461113,-22.654650,-33.615170
73,-22.476017,-22.675981,-33.403187
74,-22.456411,-22.631856,-33.243237
75,-22.452282,-22.618268,-33.300446
76,-22.462463,-22.639471,-33.151095
77,-22.462998,-22.626318,-33.038164
78,-22.440832,-22.605290,-33.042146
79,-22.452511,-22.626527,-32.840203
80,-22.482278,-22.610374,-32.763377
81,-22.452449,-22.608878,-32.720557
82,-22.443203,-22.622311,-32.592680
83,-22.449723,-22.618650,-32.515682
84,-22.428676,-22.619612,-32.454050
85,-22.432496,-22.610704,-32.283469
86,-22.397768,-22.593603,-32.191570
87,-22.431132,-22.592344,-32.238279
88,-22.403739,-22.576510,-32.104347
89,-22.422863,-22.593252,-32.022011
90,-22.402535,-22.572423,-31.803942
91,-22.432016,-22.567674,-31.723703
92,-22.404495,-22.556017,-31.712807
93,-22.413563,-22.573674,-31.658741
94,-22.430774,-22.550006,-31.506430
95,-22.417701,-22.510544,-31.539468
96,-22.432863,-22.533337,-31.464162
97,-22.435528,-22.509972,-31.376066
98,-22.402273,-22.544741,-31.365353
99,-22.411937,-22.506179,-31.201829
100,-22.390598,-22.527864,-31.155320
101,-22.410589,-22.494784,-31.055599
102,-22.411750,-22.467549,-30.985756
103,-22.410733,-22.469178,-30.847360
104,-22.397271,-22.462857,-30.845741
105,-22.392636,-22.454183,-30.756783
106,-22.413024,-22.414214,-30.706434
107,-22.403363,-22.425285,-30.730197
108,-22.410528,-22.455369,-30.638941
109,-22.388074,-22.401578,-30.639936
110,-22.401012,-22.403238,-30.622027
111,-22.407324,-22.394628,-30.478139
112,-22.403468,-22.397408,-30.447596
113,-22.406666,-22.373010,-30.481957
114,-22.411380,-22.377189,-30.364070
115,-22.381609,-22.373491,-30.266996
116,-22.401358,-22.362530,-30.194128
117,-22.389705,-22.384905,-30.155594
118,-22.385495,-22.353003,-30.080093
119,-22.390292,-22.336729,-30.020990
120,-22.388601,-22.310964,-29.978237
121,-22.421468,-22.327080,-29.947056
122,-22.388849,-22.311729,-29.892228
123,-22.385767,-22.319088,-29.880232
124,-22.381671,-22.320116,-29.754128
125,-22.409154,-22.308179,-29.806439
126,-22.383603,-22.291745,-29.739649
127,-22.362473,-22.308244,-29.742273
128,-22.380500,-22.291561,-29.697343
129,-22.364428,-22.313980,-29.632926
130,-22.378113,-22.297639,-29.570799
131,-22.377787,-22.317274,-29.509749
132,-22.358513,-22.284448,-29.453014
133,-22.355178,-22.283457,-29.406935
134,-22.366166,-22.291294,-29.409366
135,-22.379034,-22.295493,-29.346502
136,-22.373043,-22.298269,-29.324102
137,-22.367469,-22.288572,-29.310537
138,-22.379940,-22.284209,-29.222576
139,-22.372552,-22.282009,-29.154651
140,-22.357025,-22.297586,-29.217872
141,-22.340013,-22.269303,-29.166351
142,-22.338277,-22.266651,-29.084185
143,-22.369155,-22.250425,-29.062759
144,-22.348841,-22.255348,-29.045137
145,-22.337145,-22.241269,-28.997633
146,-22.347566,-22.238555,-28.951832
147,-22.327222,-22.212708,-28.923672
148,-22.333065,-22.204473,-28.970743
149,-22.341146,-22.184795,-28.848731
150,-22.305975,-22.189518,-28.861077
151,-22.322978,-22.178154,-28.847085
152,-22.341257,-22.175652,-28.763289
153,-22.321242,-22.161050,-28.733533
154,-22.305649,-22.145855,-28.661926
155,-22.307283,-22.134757,-28.646545
156,-22.313127,-22.137874,-28.601302
157,-22.313452,-22.095834,-28.558721
158,-22.329937,-22.120859,-28.558155
159,-22.298957,-22.126078,-28.522943
160,-22.312472,-22.145322,-28.499139
161,-22.338557,-22.121806,-28.413560
162,-22.351501,-22.104954,-28.385930
163,-22.347088,-22.099962,-28.403077
164,-22.342335,-22.075490,-28.330943
165,-22.325573,-22.087099,-28.289057
166,-22.327131,-22.079131,-28.259573
167,-22.328990,-22.061150,-28.259378
168,-22.346743,-22.093722,-28.222887
169,-22.335542,-22.081202,-28.163843
170,-22.326869,-22.099286,-28.199728
171,-22.339499,-22.063405,-28.253733
172,-22.311882,-22.073241,-28.149045
173,-22.330303,-22.062325,-28.139337
174,-22.321205,-22.058988,-28.041991
175,-22.324447,-22.063465,-28.053100
176,-22.337825,-22.076610,-28.009747
177,-22.326476,-22.067391,-27.939201
178,-22.340158,-22.058007,-27.896205
179,-22.295613,-22.084021,-27.886034
180,-22.328019,-22.101599,-27.888300
181,-22.345910,-22.076951,-27.851880
182,-22.345829,-22.090170,-27.849136
183,-22.333517,-22.078542,-27.804319
184,-22.346557,-22.093357,-27.814934
185,-22.319651,-22.075327,-27.705189
186,-22.324067,-22.054695,-27.733010
187,-22.326181,-22.072744,-27.709998
188,-22.345961,-22.068763,-27.695673
189,-22.302246,-22.079339,-27.668467
190,-22.348527,-22.086568,-27.527924
191,-22.316584,-22.052832,-27.558104
192,-22.328326,-22.067072,-27.476079
193,-22.332183,-22.077407,-27.479987
194,-22.320875,-22.069117,-27.453512
195,-22.320898,-22.080262,-27.381242
196,-22.309325,-22.104674,-27.314038
197,-22.304890,-22.078681,-27.316833
198,-22.307386,-22.084034,-27.291881
199,-22.331601,-22.061166,-27.249092
200,-22.312115,-22.068788,-27.289099
201,-22.311684,-22.063013,-27.204259
202,-22.279299,-22.049405,-27.211842
203,-22.288233,-22.062799,-27.135895
204,-22.315486,-22.055460,-27.067683
205,-22.264667,-22.079665,-27.118245
206,-22.283091,-22.078220,-27.109456
207,-22.282121,-22.092944,-27.102118
208,-22.272098,-22.071715,-27.046600
209,-22.285764,-22.098845,-27.053402
210,-22.270115,-22.062029,-26.965811
211,-22.298954,-22.071228,-26.967938
212,-22.296376,-22.057027,-26.916831
213,-22.276284,-22.070880,-26.955438
214,-22.288600,-22.052511,-26.866309
215,-22.291063,-22.065869,-26.808270
216,-22.278648,-22.069494,-26.749545
217,-22.272895,-22.078495,-26.838291
218,-22.235094,-22.085849,-26.756423
219,-22.255927,-22.092137,-26.712891
220,-22.264819,-22.095521,-26.691956
221,-22.228651,-22.109060,-26.734275
222,-22.274281,-22.116658,-26.670847
223,-22.255762,-22.103952,-26.620490
224,-22.232973,-22.101324,-26.593226
225,-22.282629,-22.099250,-26.571521
226,-22.261819,-22.118476,-26.529198
227,-22.264805,-22.096504,-26.472057
228,-22.251937,-22.099122,-26.477240
229,-22.259082,-22.088449,-26.485012
230,-22.242166,-22.090302,-26.470805
231,-22.237177,-22.119550,-26.358776
232,-22.225270,-22.116630,-26.416101
233,-22.259581,-22.086191,-26.349258
234,-22.281667,-22.081363,-26.387253
235,-22.257458,-22.050574,-26.336341
236,-22.270229,-22.044801,-26.313251
237,-22.248132,-22.030510,-26.298764
238,-22.242049,-22.030673,-26.275991
239,-22.234675,-22.045995,-26.272793
240,-22.249748,-22.018725,-26.223874
241,-22.250615,-22.036135,-26.202216
242,-22.254460,-22.043557,-26.255708
243,-22.243623,-22.004601,-26.166694
244,-22.249010,-22.030199,-26.130769
245,-22.246407,-22.023443,-26.095204
246,-22.234679,-22.013556,-26.169873
247,-22.257387,-22.015336,-26.023897
248,-22.247060,-22.004041,-26.010302
249,-22.255649,-22.013302,-25.954932
250,-22.258163,-22.011121,-25.970275
251,-22.226678,-21.991187,-25.982981
252,-22.235967,-21.995052,-25.833968
253,-22.242612,-22.018196,-25.860685
254,-22.216468,-21.972129,-25.862023
255,-22.253231,-21.975167,-25.814050
256,-22.246970,-21.975439,-25.733256
257,-22.248610,-21.979519,-25.715400
258,-22.238506,-21.995650,-25.758039
259,-22.248356,-21.996764,-25.733532
260,-22.231863,-21.978559,-25.647051
261,-22.207790,-21.967420,-25.643616
262,-22.233512,-21.971308,-25.685794
263,-22.215774,-21.961840,-25.620468
264,-22.203211,-21.968171,-25.606009
265,-22.210390,-21.944243,-25.655201
266,-22.210283,-21.943077,-25.547259
267,-22.214496,-21.929661,-25.573418
268,-22.213760,-21.909290,-25.592942
269,-22.202731,-21.948868,-25.563228
270,-22.168194,-21.916831,-25.475083
271,-22.186644,-21.940859,-25.523788
272,-22.181933,-21.966109,-25.459745
273,-22.186998,-21.966346,-25.503762
274,-22.190824,-21.951819,-25.419634
275,-22.212250,-21.924335,-25.464648
276,-22.194242,-21.935821,-25.395163
277,-22.219934,-21.962165,-25.357698
278,-22.208757,-21.933607,-25.410443
279,-22.181457,-21.942136,-25.383452
280,-22.181807,-21.937698,-25.377690
281,-22.202124,-21.967214,-25.306545
282,-22.175352,-21.957688,-25.278065
283,-22.197466,-21.942829,-25.249596
284,-22.189094,-21.967247,-25.303029
285,-22.195272,-21.965250,-25.228464
286,-22.208988,-21.954504,-25.164302
287,-22.173296,-21.969174,-25.097656
288,-22.206612,-21.952402,-25.139346
289,-22.190489,-21.980230,-25.083847
290,-22.186305,-21.956615,-25.111372
291,-22.188494,-21.959423,-25.030791
292,-22.197142,-21.975011,-25.052187
293,-22.211754,-21.995916,-25.038660
294,-22.183331,-21.950607,-25.053132
295,-22.188113,-21.963921,-24.979533
296,-22.179076,-21.955945,-25.027323
297,-22.173208,-21.969987,-24.931353
298,-22.150629,-21.967401,-25.005692
299,-22.161605,-21.970414,-24.975662
300,-22.154643,-21.967101,-24.931761
301,-22.151842,-21.957231,-24.845415
302,-22.147429,-21.978746,-24.916505
303,-22.181135,-21.958485,-24.893420
304,-22.135175,-21.977274,-24.861059
305,-22.157023,-21.963117,-24.834760
306,-22.144605,-21.981660,-24.814248
307,-22.136990,-21.977170,-24.869619
308,-22.128610,-21.993480,-24.858205
309,-22.153003,-21.976950,-24.822968
310,-22.147362,-21.978793,-24.837864
311,-22.141826,-21.980187,-24.763815
312,-22.118974,-21.992502,-24.827146
313,-22.171962,-21.989417,-24.811725
314,-22.146094,-21.983385,-24.779274
315,-22.129967,-22.001357,-24.763823
316,-22.124539,-21.984695,-24.730394
317,-22.112061,-22.008469,-24.690435
318,-22.110258,-22.001787,-24.673802
319,-22.129026,-22.001603,-24.691992
320,-22.101977,-21.988020,-24.713152
321,-22.103277,-21.998929,-24.642978
322,-22.100712,-22.017611,-24.690403
323,-22.098093,-22.008633,-24.621345
324,-22.108950,-22.032482,-24.639524
325,-22.148089,-22.048130,-24.598610
326,-22.108647,-22.023168,-24.607899
327,-22.116805,-22.020449,-24.570619
328,-22.129619,-22.024271,-24.569281
329,-22.117067,-22.014789,-24.593753
330,-22.122748,-22.018212,-24.656573
331,-22.104357,-22.010162,-24.555093
332,-22.108589,-22.006820,-24.578800
333,-22.110608,-22.035868,-24.592561
334,-22.093911,-21.992017,-24.513281
335,-22.094802,-22.020083,-24.502760
336,-22.102826,-22.046681,-24.487223
337,-22.103356,-22.030100,-24.495677
338,-22.098283,-22.025849,-24.509867
339,-22.091400,-22.038011,-24.495593
340,-22.092246,-22.043327,-24.439879
341,-22.074279,-22.018045,-24.412801
342,-22.083696,-22.032227,-24.447419
343,-22.049541,-22.054431,-24.460808
344,-22.065918,-22.071002,-24.414681
345,-22.070045,-22.050366,-24.436234
346,-22.081600,-22.046820,-24.425601
347,-22.058919,-22.079035,-24.423698
348,-22.093739,-22.043938,-24.376752
349,-22.088454,-22.054781,-24.393839
350,-22.083463,-22.059151,-24.380790
351,-22.056996,-22.048231,-24.364507
352,-22.050439,-22.055506,-24.313035
353,-22.064196,-22.072014,-24.320714
354,-22.071287,-22.063074,-24.272112
355,-22.057678,-22.058413,-24.345278
356,-22.096490,-22.081609,-24.296190
357,-22.071347,-22.061534,-24.251577
358,-22.068063,-22.053640,-24.229214
359,-22.077318,-22.049716,-24.293602
360,-22.038452,-22.057569,-24.239139
361,-22.051108,-22.074218,-24.257533
362,-22.038434,-22.052453,-24.309797
363,-22.059208,-22.064329,-24.229613
364,-22.046054,-22.062404,-24.196971
365,-22.055261,-22.089513,-24.211375
366,-22.028952,-22.076217,-24.204327
367,-22.017210,-22.073365,-24.197333
368,-22.069077,-22.101328,-24.249019
369,-22.048409,-22.066277,-24.214312
370,-22.061960,-22.073646,-24.184537
371,-22.065671,-22.068944,-24.170327
372,-22.035040,-22.078502,-24.168988
373,-22.059745,-22.093582,-24.188347
374,-22.052272,-22.080048,-24.120830
375,-22.058825,-22.077620,-24.120938
376,-22.030734,-22.100946,-24.109690
377,-22.044643,-22.103960,-24.147628
378,-22.032264,-22.114925,-24.107888
379,-22.031625,-22.077555,-24.134774
380,-22.026773,-22.089690,-24.194846
381,-22.038464,-22.088386,-24.066815
382,-22.041914,-22.096821,-24.117886
383,-22.062918,-22.104299,-24.087175
384,-22.019004,-22.094032,-24.100316
385,-22.003570,-22.090849,-24.122515
386,-22.032365,-22.098348,-24.100717
387,-21.983385,-22.103053,-24.101392
388,-22.018414,-22.130344,-24.101325
389,-21.985640,-22.098071,-24.068567
390,-22.014905,-22.099619,-24.040884
391,-22.006944,-22.088182,-24.091388
392,-22.007666,-22.105306,-24.076204
393,-22.009534,-22.092711,-24.027434
394,-21.987244,-22.096358,-24.052522
395,-22.001186,-22.097828,-24.064346
396,-22.006050,-22.135873,-24.013660
397,-22.007558,-22.126871,-24.051461
398,-22.005458,-22.104077,-24.014865
399,-21.995204,-22.113439,-24.015801
400,-22.022385,-22.104254,-24.035613
401,-22.001008,-22.059242,-24.027698
402,-22.018963,-22.066280,-24.053838
403,-22.005379,-22.037389,-23.988550
404,-22.019081,-22.053793,-24.026570
405,-21.959182,-22.046473,-23.961226
406,-21.992355,-22.053780,-23.955776
407,-21.999080,-22.054750,-24.003107
408,-22.004450,-22.044118,-23.908084
409,-22.007854,-22.037756,-23.876941
410,-22.008316,-22.051053,-23.915001
411,-22.014912,-22.021662,-23.930039
412,-21.997399,-22.036789,-23.893857
413,-22.003349,-22.044111,-23.907279
414,-21.985577,-22.019924,-23.926267
415,-21.991407,-22.027486,-23.921241
416,-21.996101,-22.023327,-23.931892
417,-21.988506,-22.035958,-23.943484
418,-21.998385,-22.031880,-23.939980
419,-21.992134,-22.051339,-23.868092
420,-21.979233,-22.027156,-23.915738
421,-21.987904,-21.992909,-23.878374
422,-22.001408,-22.001327,-23.915187
423,-22.010020,-22.015602,-23.895010
424,-22.008969,-22.004179,-23.875524
425,-21.978685,-21.976276,-23.852125
426,-21.962658,-21.996178,-23.852687
427,-21.985672,-21.997579,-23.905155
428,-21.965643,-22.010513,-23.863153
429,-21.972374,-21.996339,-23.890691
430,-21.963145,-22.014477,-23.878739
431,-21.961354,-22.007983,-23.864870
432,-21.990468,-22.017410,-23.855706
433,-21.992770,-22.006088,-23.815719
434,-21.971382,-22.021244,-23.839969
435,-21.962226,-21.976765,-23.850430
436,-21.961905,-21.999719,-23.862268
437,-21.975753,-22.024417,-23.874335
438,-21.976868,-22.008431,-23.799435
439,-21.968291,-22.017619,-23.819669
440,-21.955202,-21.995846,-23.830431
441,-21.970840,-22.004688,-23.842957
442,-21.948916,-21.998029,-23.848269
443,-21.958333,-21.971675,-23.837855
444,-21.952799,-21.998599,-23.824480
445,-21.962231,-21.959754,-23.830339
446,-21.952149,-21.983024,-23.840319
447,-21.955144,-21.997462,-23.830819
448,-21.936713,-21.994015,-23.841510
449,-21.935231,-22.002104,-23.811861
450,-21.945414,-21.989350,-23.809650
451,-21.941771,-22.006934,-23.844882
452,-21.957163,-21.989400,-23.819084
453,-21.966806,-21.984497,-23.822878
454,-21.954721,-22.025502,-23.800091
455,-21.964242,-21.999577,-23.829115
456,-21.916465,-22.010657,-23.806517
457,-21.928989,-22.007072,-23.826417
458,-21.906577,-22.011119,-23.843580
459,-21.933629,-22.026861,-23.843280
460,-21.935979,-22.000597,-23.842932
461,-21.926111,-21.995285,-23.856469
462,-21.921469,-21.993188,-23.814971
463,-21.932445,-21.964612,-23.819803
464,-21.913566,-21.989865,-23.776810
465,-21.914119,-21.980869,-23.790681
466,-21.911277,-22.006487,-23.802047
467,-21.909384,-21.995699,-23.813875
468,-21.895253,-21.995208,-23.833955
469,-21.893448,-22.010503,-23.823608
470,-21.893725,-22.007420,-23.832650
471,-21.883889,-21.989182,-23.824583
472,-21.905775,-22.001053,-23.835216
473,-21.870592,-21.998429,-23.807877
474,-21.868337,-21.991753,-23.813089
475,-21.867704,-22.006617,-23.812051
476,-21.917099,-21.999970,-23.779636
477,-21.893181,-22.008198,-23.791474
478,-21.896198,-22.026200,-23.792061
479,-21.871128,-22.019185,-23.786167
480,-21.894373,-22.054840,-23.800125
481,-21.912010,-22.057775,-23.790423
482,-21.898816,-22.083422,-23.811760
483,-21.891562,-22.053959,-23.785287
484,-21.888518,-22.051417,-23.784293
485,-21.887690,-22.056921,-23.805927
486,-21.894664,-22.071056,-23.775055
487,-21.884928,-22.063128,-23.745908
488,-21.897428,-22.058427,-23.762164
489,-21.894355,-22.055389,-23.772262
490,-21.903459,-22.056120,-23.752534
491,-21.885070,-22.071125,-23.758703
492,-21.908105,-22.048093,-23.765336
493,-21.878827,-22.077119,-23.763562
494,-21.870651,-22.054837,-23.764628
495,-21.873965,-22.059734,-23.775939
496,-21.868070,-22.081697,-23.791738
497,-21.864960,-22.070507,-23.782616
498,-21.873020,-22.070650,-23.791960
499,-21.853789,-22.073676,-23.852431
500,-21.858844,-22.062713,-23.814668
501,-21.873044,-22.088136,-23.808728
502,-21.858911,-22.073102,-23.830859
503,-21.860597,-22.061911,-23.795055
504,-21.879195,-22.052996,-23.861884
505,-21.856616,-22.046564,-23.842853
506,-21.858916,-22.022963,-23.808992
507,-21.860667,-22.019485,-23.816741
508,-21.855851,-22.017119,-23.805650
509,-21.869865,-21.979982,-23.826734
510,-21.846566,-21.978809,-23.845914
511,-21.861472,-21.985948,-23.843590
512,-21.862383,-21.991083,-23.832239
513,-21.862616,-21.959273,-23.815806
514,-21.834993,-21.971051,-23.787927
515,-21.834098,-21.944292,-23.798008
516,-21.812334,-21.945926,-23.780687
517,-21.817148,-21.957543,-23.802461
518,-21.831202,-21.945523,-23.791989
519,-21.850888,-21.968661,-23.821648
520,-21.827733,-21.955754,-23.829536
521,-21.848998,-21.925602,-23.798886
522,-21.845224,-21.927328,-23.798910
523,-21.841922,-21.956101,-23.822856
524,-21.819720,-21.951249,-23.815980
525,-21.842322,-21.940898,-23.839423
526,-21.867859,-21.926605,-23.814270
527,-21.805837,-21.959294,-23.845495
528,-21.805377,-21.982474,-23.804099
529,-21.836904,-21.929870,-23.838686
530,-21.835060,-21.947095,-23.833948
531,-21.815966,-21.952477,-23.861021
532,-21.796293,-21.942082,-23.885790
533,-21.812046,-21.926815,-23.855469
534,-21.800144,-21.910270,-23.885619
535,-21.823186,-21.930953,-23.857923
536,-21.829548,-21.944018,-23.862210
537,-21.837060,-21.914159,-23.883406
538,-21.816390,-21.929475,-23.841165
539,-21.791074,-21.918161,-23.855885
540,-21.814417,-21.947929,-23.839231
541,-21.830800,-21.951247,-23.842016
542,-21.775684,-21.930835,-23.860740
543,-21.797453,-21.935081,-23.869661
544,-21.824976,-21.930735,-23.875958
545,-21.795237,-21.957168,-23.891242
546,-21.838688,-21.931790,-23.865595
547,-21.827875,-21.940633,-23.838158
548,-21.825745,-21.942228,-23.867696
549,-21.823887,-21.957101,-23.871823
550,-21.832064,-21.954490,-23.816728
551,-21.805893,-21.915514,-23.829813
552,-21.817924,-21.933578,-23.837531
553,-21.800685,-21.950790,-23.868558
554,-21.800044,-21.964322,-23.881140
555,-21.827536,-21.945450,-23.884031
556,-21.809982,-21.934551,-23.889956
557,-21.766486,-21.946289,-23.886992
558,-21.781057,-21.957566,-23.866342
559,-21.793044,-21.964507,-23.876950
560,-21.758920,-21.957972,-23.881439
561,-21.779180,-21.992439,-23.875002
562,-21.792982,-21.974478,-23.874160
563,-21.753272,-21.984266,-23.874309
564,-21.761836,-21.945337,-23.851270
565,-21.757586,-21.957912,-23.873801
566,-21.777697,-21.954744,-23.888320
567,-21.766911,-21.973051,-23.871277
568,-21.746978,-21.980742,-23.896842
569,-21.773890,-22.010699,-23.919541
570,-21.749894,-21.974203,-23.921786
571,-21.744971,-22.007571,-23.901560
572,-21.771808,-22.015570,-23.908726
573,-21.779715,-22.003934,-23.896754
574,-21.796724,-22.000890,-23.901513
575,-21.729703,-22.007152,-23.903423
576,-21.756556,-22.001855,-23.871680
577,-21.787693,-22.008133,-23.888085
578,-21.765317,-22.011338,-23.870462
579,-21.759205,-21.981394,-23.880232
580,-21.735714,-21.995368,-23.876163
581,-21.762497,-21.987126,-23.898139
582,-21.747482,-22.018090,-23.837288
583,-21.759116,-22.033853,-23.835833
584,-21.784376,-22.003021,-23.881335
585,-21.778733,-22.043016,-23.893500
586,-21.793737,-22.015096,-23.860803
587,-21.761760,-22.043435,-23.876119
588,-21.777664,-22.015016,-23.913088
589,-21.782663,-22.007077,-23.904691
590,-21.782367,-22.017394,-23.888508
591,-21.771346,-22.028462,-23.893865
592,-21.773454,-22.022928,-23.849994
593,-21.767182,-22.028400,-23.855667
594,-21.753428,-22.050501,-23.838774
595,-21.750066,-22.023978,-23.846356
596,-21.768255,-22.009599,-23.872065
597,-21.773534,-22.032156,-23.858435
598,-21.758154,-22.024894,-23.886053
599,-21.778465,-22.037443,-23.900220
600,-21.758853,-22.048218,-23.871506
601,-21.748790,-22.040566,-23.888871
602,-21.762593,-22.066382,-23.872554
603,-21.760147,-22.024374,-23.899698
604,-21.751042,-22.055511,-23.846809
605,-21.774789,-22.046559,-23.888431
606,-21.768123,-22.046152,-23.869798
607,-21.742798,-22.044464,-23.889014
608,-21.751723,-22.036272,-23.842477
609,-21.760695,-22.075710,-23.862863
610,-21.783994,-22.048193,-23.905361
611,-21.747042,-22.081761,-23.867649
612,-21.750793,-22.077525,-23.864866
613,-21.753513,-22.072069,-23.887881
614,-21.760039,-22.069907,-23.871022
615,-21.747328,-22.061173,-23.873480
616,-21.748331,-22.030602,-23.909546
617,-21.736132,-22.060132,-23.898402
618,-21.728673,-22.036246,-23.942088
619,-21.724771,-22.070465,-23.914269
620,-21.722651,-22.093218,-23.902867
621,-21.711170,-22.081887,-23.887969
622,-21.732727,-22.085308,-23.880186
623,-21.720508,-22.088269,-23.875445
624,-21.719256,-22.090845,-23.886078
625,-21.722458,-22.090761,-23.906235
626,-21.747925,-22.080289,-23.907612
627,-21.719086,-22.081438,-23.873713
628,-21.723414,-22.079486,-23.887105
629,-21.715279,-22.063670,-23.881475
630,-21.738817,-22.042075,-23.902891
631,-21.727597,-22.064055,-23.912544
632,-21.740989,-22.068868,-23.915346
633,-21.739144,-22.079791,-23.899621
634,-21.742233,-22.121395,-23.899211
635,-21.721642,-22.115528,-23.910524
636,-21.721427,-22.109479,-23.882170
637,-21.717597,-22.127142,-23.900163
638,-21.714597,-22.093720,-23.949191
639,-21.734842,-22.093576,-23.931656
640,-21.704525,-22.105207,-23.920870
641,-21.725359,-22.133620,-23.913272
642,-21.717410,-22.099398,-23.896759
643,-21.708113,-22.097675,-23.904187
644,-21.695640,-22.107960,-23.900326
645,-21.726325,-22.087047,-23.885595
646,-21.720592,-22.114026,-23.910351
647,-21.730236,-22.129790,-23.903245
648,-21.732203,-22.112220,-23.897607
649,-21.747365,-22.129443,-23.904018
650,-21.721851,-22.125700,-23.902183
651,-21.739746,-22.153360,-23.898939
652,-21.719091,-22.135073,-23.887968
653,-21.725420,-22.100747,-23.900096
654,-21.754916,-22.124429,-23.894417
655,-21.743717,-22.136982,-23.884351
656,-21.724959,-22.134694,-23.915303
657,-21.741790,-22.108038,-23.932833
658,-21.741540,-22.130539,-23.883748
659,-21.734870,-22.137991,-23.879846
660,-21.720658,-22.153657,-23.880671
661,-21.717373,-22.159680,-23.889004
662,-21.749442,-22.143151,-23.908208
663,-21.705401,-22.144230,-23.928199
664,-21.731381,-22.148200,-23.928473
665,-21.720954,-22.138947,-23.897118
666,-21.730549,-22.159180,-23.950945
667,-21.709592,-22.154947,-23.909876
668,-21.673236,-22.148584,-23.932163
669,-21.690306,-22.142825,-23.930273
670,-21.692212,-22.127067,-23.910593
671,-21.693516,-22.172181,-23.904075
672,-21.671331,-22.155001,-23.905025
673,-21.672309,-22.138378,-23.897672
674,-21.669805,-22.162502,-23.889971
675,-21.689071,-22.131214,-23.890793
676,-21.664898,-22.163191,-23.891643
677,-21.650119,-22.155716,-23.897829
678,-21.669494,-22.149123,-23.938006
679,-21.652192,-22.159477,-23.894305
680,-21.649620,-22.195241,-23.923142
681,-21.685949,-22.181928,-23.936119
682,-21.657411,-22.181793,-23.897455
683,-21.680879,-22.184139,-23.916522
684,-21.695702,-22.218739,-23.896232
685,-21.678351,-22.203530,-23.890880
686,-21.662120,-22.210564,-23.894317
687,-21.686831,-22.225911,-23.925419
688,-21.678054,-22.208060,-23.883974
689,-21.686982,-22.204150,-23.886150
690,-21.683357,-22.231292,-23.879690
691,-21.685733,-22.225477,-23.895924
692,-21.700578,-22.225868,-23.914735
693,-21.693229,-22.226157,-23.908027
694,-21.691519,-22.241375,-23.888823
695,-21.683118,-22.275400,-23.895960
696,-21.694286,-22.236572,-23.888833
697,-21.682853,-22.256115,-23.915532
698,-21.670738,-22.248123,-23.899343
699,-21.685817,-22.261155,-23.896167
700,-21.691790,-22.246172,-23.913119
701,-21.706634,-22.240118,-23.943188
702,-21.685518,-22.255185,-23.904731
703,-21.682072,-22.251147,-23.921398
704,-21.702023,-22.237777,-23.932906
705,-21.674905,-22.256507,-23.894464
706,-21.687044,-22.249307,-23.907700
707,-21.676127,-22.238822,-23.870062
708,-21.660885,-22.240975,-23.899143
709,-21.666612,-22.227572,-23.878024
710,-21.663513,-22.216732,-23.896533
711,-21.667861,-22.286294,-23.946163
712,-21.663362,-22.258494,-23.929586
713,-21.645305,-22.254303,-23.926517
714,-21.645420,-22.256892,-23.903727
715,-21.653298,-22.307083,-23.906017
716,-21.646769,-22.263603,-23.931017
717,-21.655855,-22.273711,-23.917750
718,-21.657910,-22.261662,-23.945686
719,-21.664156,-22.258329,-23.916804
720,-21.669545,-22.249210,-23.914361
721,-21.654089,-22.308192,-23.929438
722,-21.674538,-22.286097,-23.900963
723,-21.695245,-22.286028,-23.922348
724,-21.654285,-22.288209,-23.930477
725,-21.687963,-22.283270,-23.934006
726,-21.676860,-22.280912,-23.921938
727,-21.656125,-22.279214,-23.947802
728,-21.674964,-22.295228,-23.919534
729,-21.666725,-22.291278,-23.899107
730,-21.638269,-22.307305,-23.928714
731,-21.670955,-22.292258,-23.919487
732,-21.645750,-22.282528,-23.929432
733,-21.637342,-22.284946,-23.900759
734,-21.638224,-22.315154,-23.938753
735,-21.637857,-22.336259,-23.940337
736,-21.616814,-22.318400,-23.963718
737,-21.625164,-22.356768,-23.959599
738,-21.630547,-22.329863,-23.940588
739,-21.624134,-22.339997,-23.909590
740,-21.629271,-22.346606,-23.951845
741,-21.646572,-22.325008,-23.938279
742,-21.646114,-22.355255,-23.912225
743,-21.659021,-22.323084,-23.976349
744,-21.639510,-22.309085,-23.951724
745,-21.659868,-22.332341,-23.950943
746,-21.641636,-22.359298,-23.978644
747,-21.654134,-22.367113,-23.954633
748,-21.671312,-22.349045,-23.925641
749,-21.650433,-22.384975,-23.931514
750,-21.626297,-22.378110,-23.922714
751,-21.638124,-22.376934,-23.922865
752,-21.635258,-22.352442,-23.921212
753,-21.620532,-22.394881,-23.961315
754,-21.618633,-22.383388,-23.931879
755,-21.607484,-22.366740,-23.930972
756,-21.611591,-22.385995,-23.938066
757,-21.617838,-22.396799,-23.945525
758,-21.600486,-22.418770,-23.931333
759,-21.603698,-22.424942,-23.953897
760,-21.610768,-22.392955,-23.972395
761,-21.625475,-22.406576,-23.921339
762,-21.626187,-22.400510,-23.923077
763,-21.614463,-22.386122,-23.922811
764,-21.609821,-22.373362,-23.930403
765,-21.608839,-22.405033,-23.906740
766,-21.625843,-22.399975,-23.921293
767,-21.584088,-22.384752,-23.917793
768,-21.610823,-22.405093,-23.933999
769,-21.633926,-22.399551,-23.900282
770,-21.626525,-22.403795,-23.890150
771,-21.640227,-22.401108,-23.928331
772,-21.591552,-22.385440,-23.885554
773,-21.626005,-22.376007,-23.904085
774,-21.613853,-22.420598,-23.948974
775,-21.622650,-22.397896,-23.961205
776,-21.600249,-22.390409,-23.951259
777,-21.588719,-22.423949,-23.941653
778,-21.590797,-22.422518,-23.961527
779,-21.588707,-22.401190,-23.936550
780,-21.598629,-22.423669,-23.938705
781,-21.593524,-22.430888,-23.923295
782,-21.595820,-22.409259,-23.918943
783,-21.613394,-22.393211,-23.936634
784,-21.618823,-22.422640,-23.955184
785,-21.620039,-22.452384,-23.922236
786,-21.621011,-22.441892,-23.922096
787,-21.603457,-22.440819,-23.926905
788,-21.577988,-22.410565,-23.915000
789,-21.612527,-22.421291,-23.905504
790,-21.593151,-22.415329,-23.922964
791,-21.592968,-22.436881,-23.940618
792,-21.581734,-22.450930,-23.925112
793,-21.570319,-22.448073,-23.918601
794,-21.561514,-22.427340,-23.938358
795,-21.590393,-22.437340,-23.969780
796,-21.593230,-22.456084,-23.955974
797,-21.557906,-22.447005,-23.936981
798,-21.577405,-22.438861,-23.904452
799,-21.548964,-22.465557,-23.895102
800,-21.557381,-22.481528,-23.925821
801,-21.542422,-22.460217,-23.938946
802,-21.542282,-22.466623,-23.949369
803,-21.550500,-22.474732,-23.958861
804,-21.566962,-22.477134,-23.929706
805,-21.548339,-22.477643,-23.965477
806,-21.542993,-22.486117,-23.913640
807,-21.560083,-22.461818,-23.945523
808,-21.547928,-22.459719,-23.902678
809,-21.555072,-22.474115,-23.933656
810,-21.564328,-22.486689,-23.920061
811,-21.566232,-22.451381,-23.930105
812,-21.560025,-22.472566,-23.953820
813,-21.552675,-22.469281,-23.933204
814,-21.550606,-22.500071,-23.924080
815,-21.552212,-22.495585,-23.972924
816,-21.568225,-22.506231,-23.950305
817,-21.572977,-22.475818,-23.934688
818,-21.570454,-22.501302,-23.940735
819,-21.567886,-22.491331,-23.961400
820,-21.542293,-22.514407,-23.880633
821,-21.560512,-22.506274,-23.916021
822,-21.565097,-22.519020,-23.904763
823,-21.554304,-22.493717,-23.911449
824,-21.526136,-22.507903,-23.910136
825,-21.552697,-22.498360,-23.936107
826,-21.538255,-22.503474,-23.904913
827,-21.544744,-22.495282,-23.931304
828,-21.552777,-22.526907,-23.932840
829,-21.561678,-22.508868,-23.910860
830,-21.575593,-22.509482,-23.946402
831,-21.547573,-22.502314,-23.925149
832,-21.550686,-22.516248,-23.917043
833,-21.558622,-22.519332,-23.914191
834,-21.542609,-22.487446,-23.903476
835,-21.547430,-22.502134,-23.905673
836,-21.562356,-22.535486,-23.934448
837,-21.557686,-22.522163,-23.889166
838,-21.564659,-22.497827,-23.909904
839,-21.571742,-22.540033,-23.947782
840,-21.566525,-22.518229,-23.896913
841,-21.551999,-22.511717,-23.904858
842,-21.562495,-22.540132,-23.921555
843,-21.546260,-22.525286,-23.877885
844,-21.550005,-22.513382,-23.905773
845,-21.553425,-22.529414,-23.901096
846,-21.557733,-22.541365,-23.944729
847,-21.549055,-22.557976,-23.931585
848,-21.543218,-22.534700,-23.949852
849,-21.520146,-22.536641,-23.946560
850,-21.510970,-22.544313,-23.963280
851,-21.551752,-22.536559,-23.947793
852,-21.550048,-22.546935,-23.947360
853,-21.558891,-22.543736,-23.963024
854,-21.529607,-22.543626,-23.947938
855,-21.535590,-22.546184,-23.931119
856,-21.557115,-22.552855,-24.002979
857,-21.542969,-22.597868,-23.966168
858,-21.568816,-22.559161,-23.948671
859,-21.517569,-22.569319,-23.928350
860,-21.530764,-22.579140,-23.958354
861,-21.515122,-22.557658,-23.968785
862,-21.517108,-22.580994,-23.968023
863,-21.514870,-22.582859,-23.924074
864,-21.508551,-22.589856,-23.924728
865,-21.523547,-22.552102,-23.985598
866,-21.548062,-22.553939,-23.983341
867,-21.545402,-22.552440,-23.958114
868,-21.544838,-22.550403,-23.981217
869,-21.540187,-22.534930,-23.961916
870,-21.546199,-22.520346,-23.949884
871,-21.537536,-22.549104,-23.967227
872,-21.553087,-22.547185,-23.946034
873,-21.545074,-22.566377,-23.945223
874,-21.542851,-22.540831,-23.965243
875,-21.532377,-22.557187,-23.952970
876,-21.541224,-22.557766,-23.992299
877,-21.528077,-22.555887,-23.992349
878,-21.540194,-22.568408,-23.972445
879,-21.537541,-22.589650,-23.966750
880,-21.536910,-22.576990,-23.980335
881,-21.522630,-22.574596,-23.976916
882,-21.529674,-22.589606,-24.003400
883,-21.513163,-22.566897,-23.989862
884,-21.524144,-22.579195,-23.966100
885,-21.491563,-22.584757,-23.944849
886,-21.487397,-22.577995,-23.954600
887,-21.492017,-22.585435,-23.963585
888,-21.480804,-22.584822,-23.927362
889,-21.512123,-22.555496,-23.917050
890,-21.511379,-22.578915,-23.936102
891,-21.511836,-22.634174,-23.939650
892,-21.516066,-22.605665,-23.937670
893,-21.515831,-22.602346,-23.954390
894,-21.518825,-22.607316,-23.945864
895,-21.497345,-22.629297,-23.914000
896,-21.518504,-22.609476,-23.940269
897,-21.517127,-22.617194,-23.913483
898,-21.523542,-22.614693,-23.937492
899,-21.510398,-22.603601,-23.929795
900,-21.493369,-22.616238,-23.923473
901,-21.484928,-22.621530,-23.906145
902,-21.502390,-22.608350,-23.949657
903,-21.516766,-22.629506,-23.947293
904,-21.532643,-22.645509,-23.937669
905,-21.487519,-22.633736,-23.949856
906,-21.471923,-22.630287,-23.966445
907,-21.512650,-22.628066,-23.945560
908,-21.494076,-22.618895,-23.953237
909,-21.480535,-22.646000,-23.971488
910,-21.477141,-22.646100,-23.960145
911,-21.523587,-22.631749,-23.967222
912,-21.504029,-22.642021,-24.015961
913,-21.512397,-22.635839,-23.964840
914,-21.488108,-22.664190,-23.993563
915,-21.502104,-22.686872,-23.980316
916,-21.486193,-22.661810,-23.979767
917,-21.501866,-22.649884,-23.992396
918,-21.504359,-22.662057,-23.983670
919,-21.491838,-22.649571,-23.972798
920,-21.498668,-22.658430,-23.964479
921,-21.498193,-22.656260,-23.966370
922,-21.526425,-22.667836,-23.956839
923,-21.517196,-22.652079,-23.983780
924,-21.500776,-22.663209,-23.926146
925,-21.519205,-22.654876,-23.943122
926,-21.513618,-22.685401,-23.948852
927,-21.499484,-22.686173,-23.949349
928,-21.495930,-22.686802,-23.926771
929,-21.502153,-22.674901,-23.918060
930,-21.499196,-22.676912,-23.945077
931,-21.498791,-22.682348,-23.943371
932,-21.493972,-22.687406,-23.972275
933,-21.505886,-22.657257,-23.956684
934,-21.496861,-22.665926,-23.954255
935,-21.491643,-22.679902,-23.939881
936,-21.507202,-22.655833,-23.933737
937,-21.493626,-22.655477,-23.937839
938,-21.498529,-22.669816,-23.931188
939,-21.485759,-22.671057,-23.927056
940,-21.514470,-22.668716,-23.943517
941,-21.485160,-22.671030,-23.969514
942,-21.471770,-22.660562,-23.970097
943,-21.489313,-22.688754,-23.978070
944,-21.499238,-22.683914,-23.965179
945,-21.493860,-22.709889,-23.970903
946,-21.491475,-22.712092,-23.938870
947,-21.484102,-22.688256,-23.961835
948,-21.481411,-22.694526,-23.960969
949,-21.454097,-22.719762,-23.948345
950,-21.485994,-22.691435,-23.951188
951,-21.490515,-22.720089,-23.927649
952,-21.477717,-22.704255,-23.914716
953,-21.480044,-22.708234,-23.929078
954,-21.482790,-22.741566,-23.939765
955,-21.498271,-22.707481,-23.897618
956,-21.482908,-22.721916,-23.938725
957,-21.453652,-22.732123,-23.991582
958,-21.469862,-22.726989,-23.959209
959,-21.477959,-22.701915,-23.979758
960,-21.478953,-22.706412,-23.977053
961,-21.470496,-22.743638,-23.957684
962,-21.516123,-22.737273,-23.989562
963,-21.482405,-22.731512,-23.969436
964,-21.501108,-22.734798,-23.955627
965,-21.488837,-22.716566,-23.925962
966,-21.490410,-22.715126,-23.947207
967,-21.489719,-22.742000,-23.948263
968,-21.487902,-22.736024,-23.943079
969,-21.494458,-22.712785,-23.970292
970,-21.499530,-22.740558,-23.974914
971,-21.503684,-22.739820,-23.991503
972,-21.490537,-22.732461,-23.957548
973,-21.474238,-22.739316,-23.966390
974,-21.497838,-22.730399,-23.983735
975,-21.480845,-22.779081,-23.966126
976,-21.476988,-22.766033,-23.982564
977,-21.489370,-22.762919,-23.966321
978,-21.503717,-22.780542,-23.936610
979,-21.499878,-22.777866,-23.933317
980,-21.484946,-22.778175,-23.949021
981,-21.494952,-22.785713,-23.948397
982,-21.493481,-22.743209,-23.926521
983,-21.494384,-22.763669,-23.920908
984,-21.461915,-22.750165,-23.941105
985,-21.482200,-22.747047,-23.953867
986,-21.487019,-22.768754,-23.955797
987,-21.477479,-22.776842,-23.937356
988,-21.467011,-22.760157,-23.953620
989,-21.461600,-22.764014,-23.972846
990,-21.482179,-22.765976,-23.954718
991,-21.479995,-22.744945,-24.010145
992,-21.466276,-22.743977,-23.975757
993,-21.459332,-22.752360,-23.964459
994,-21.470839,-22.745768,-24.025330
995,-21.443526,-22.756998,-23.972141
996,-21.458676,-22.751511,-23.989800
997,-21.448142,-22.761126,-23.945586
998,-21.462870,-22.767851,-23.905140
999,-21.440431,-22.798885,-23.958324
1000,-21.444315,-22.800593,-23.963554
