Epoch,chi_Mean_0.2775,chi_Mean_1.11,chi_Mean_4.44
1,-31.916262,-29.270347,-52.827175
2,-20.922859,-20.519510,-41.653789
3,-18.075288,-18.101122,-35.764718
4,-17.330139,-17.379813,-32.525291
5,-17.112346,-17.123065,-30.492914
6,-17.027116,-17.003782,-29.165380
7,-16.978895,-16.936514,-28.176259
8,-16.943188,-16.888973,-27.441300
9,-16.913106,-16.851945,-26.842497
10,-16.885777,-16.821707,-26.332515
11,-16.860594,-16.794391,-25.869788
12,-16.836210,-16.768349,-25.444317
13,-16.812899,-16.744719,-25.073292
14,-16.789507,-16.721809,-24.735251
15,-16.767423,-16.698781,-24.411955
16,-16.744946,-16.677699,-24.119420
17,-16.725536,-16.655296,-23.842360
18,-16.704481,-16.634812,-23.554415
19,-16.685415,-16.613731,-23.335628
20,-16.666624,-16.594223,-23.086515
21,-16.648030,-16.574150,-22.871772
22,-16.628846,-16.553680,-22.677179
23,-16.611282,-16.533111,-22.489823
24,-16.592825,-16.510042,-22.320903
25,-16.576575,-16.482948,-22.145116
26,-16.560160,-16.451414,-21.999147
27,-16.544556,-16.413113,-21.840939
28,-16.529505,-16.370336,-21.691143
29,-16.514549,-16.325941,-21.526413
30,-16.499551,-16.281648,-21.404755
31,-16.484506,-16.235507,-21.274370
32,-16.470007,-16.191468,-21.165748
33,-16.456388,-16.153050,-21.053340
34,-16.442362,-16.117146,-20.937988
35,-16.428440,-16.085438,-20.797843
36,-16.414556,-16.059253,-20.679153
37,-16.401963,-16.034408,-20.581778
38,-16.388524,-16.012420,-20.469413
39,-16.376454,-15.988993,-20.357717
40,-16.363456,-15.967956,-20.272461
41,-16.351255,-15.948830,-20.143416
42,-16.338900,-15.929992,-20.036572
43,-16.328075,-15.910418,-19.942410
44,-16.317229,-15.892715,-19.874915
45,-16.304878,-15.874499,-19.783333
46,-16.293511,-15.858959,-19.687318
47,-16.282222,-15.844638,-19.618563
48,-16.271130,-15.828454,-19.498510
49,-16.259456,-15.812880,-19.412196
50,-16.248653,-15.799959,-19.356240
51,-16.237812,-15.786314,-19.286943
52,-16.226747,-15.771573,-19.200481
53,-16.217283,-15.757728,-19.127694
54,-16.207262,-15.744062,-19.049439
55,-16.196836,-15.731544,-19.006084
56,-16.186193,-15.719448,-18.937854
57,-16.175950,-15.706877,-18.870506
58,-16.167030,-15.695832,-18.830233
59,-16.157006,-15.683658,-18.760824
60,-16.148067,-15.672948,-18.707844
61,-16.138396,-15.662024,-18.661297
62,-16.128730,-15.651196,-18.593071
63,-16.120387,-15.640886,-18.549771
64,-16.111206,-15.630490,-18.523155
65,-16.102752,-15.619533,-18.476646
66,-16.092111,-15.609050,-18.409288
67,-16.084249,-15.599433,-18.377854
68,-16.075571,-15.590417,-18.333493
69,-16.067968,-15.579848,-18.265859
70,-16.059638,-15.570188,-18.228707
71,-16.050186,-15.561384,-18.191330
72,-16.042269,-15.552667,-18.167517
73,-16.034034,-15.544417,-18.133647
74,-16.026634,-15.534300,-18.090569
75,-16.017592,-15.524928,-18.032166
76,-16.009850,-15.516541,-17.992942
77,-16.002112,-15.508414,-17.952392
78,-15.994278,-15.501226,-17.919747
79,-15.986632,-15.493003,-17.885767
80,-15.978982,-15.485032,-17.832388
81,-15.970937,-15.476919,-17.786167
82,-15.963596,-15.470077,-17.756570
83,-15.956353,-15.462624,-17.711029
84,-15.948827,-15.453893,-17.663562
85,-15.941755,-15.446651,-17.631038
86,-15.934780,-15.438614,-17.586741
87,-15.927969,-15.430463,-17.530587
88,-15.920853,-15.423141,-17.484044
89,-15.913325,-15.414706,-17.428982
90,-15.907299,-15.406047,-17.401968
91,-15.900744,-15.397187,-17.371072
92,-15.893762,-15.385879,-17.337157
93,-15.887470,-15.372123,-17.295268
94,-15.880758,-15.357982,-17.263683
95,-15.874148,-15.345079,-17.211709
96,-15.866767,-15.334749,-17.159658
97,-15.861843,-15.323707,-17.114769
98,-15.855021,-15.312223,-17.092294
99,-15.848470,-15.301495,-17.047582
100,-15.843582,-15.291668,-17.018270
101,-15.838694,-15.282341,-16.962844
102,-15.831412,-15.271815,-16.919580
103,-15.825588,-15.262661,-16.874814
104,-15.818767,-15.252363,-16.855990
105,-15.813239,-15.244288,-16.823276
106,-15.808909,-15.234495,-16.779858
107,-15.803964,-15.224791,-16.766263
108,-15.796905,-15.217224,-16.714875
109,-15.791523,-15.208601,-16.693035
110,-15.787176,-15.200447,-16.640486
111,-15.781380,-15.192778,-16.612692
112,-15.775337,-15.185037,-16.567697
113,-15.770779,-15.176161,-16.525653
114,-15.766659,-15.168433,-16.507265
115,-15.761403,-15.161288,-16.500704
116,-15.756398,-15.153170,-16.467105
117,-15.752344,-15.144631,-16.440053
118,-15.747785,-15.137361,-16.410782
119,-15.743009,-15.131139,-16.384490
120,-15.738444,-15.122265,-16.357327
121,-15.734092,-15.114596,-16.326058
122,-15.730356,-15.102543,-16.308375
123,-15.725873,-15.089917,-16.295165
124,-15.721950,-15.076139,-16.260567
125,-15.716633,-15.065309,-16.227052
126,-15.712964,-15.053079,-16.191568
127,-15.708483,-15.038370,-16.168184
128,-15.705341,-15.025601,-16.151852
129,-15.701549,-15.014937,-16.145474
130,-15.697054,-15.004352,-16.106259
131,-15.694461,-14.992880,-16.090704
132,-15.690073,-14.985326,-16.061634
133,-15.687027,-14.976940,-16.060291
134,-15.683534,-14.968686,-16.033518
135,-15.678817,-14.959451,-16.004969
136,-15.675773,-14.953660,-15.980909
137,-15.673711,-14.948324,-15.961057
138,-15.669619,-14.940425,-15.947735
139,-15.665681,-14.934092,-15.920210
140,-15.662721,-14.929377,-15.906043
141,-15.658937,-14.923722,-15.865541
142,-15.655434,-14.919523,-15.862304
143,-15.651481,-14.912190,-15.848203
144,-15.649162,-14.909983,-15.843725
145,-15.646887,-14.905630,-15.821925
146,-15.644209,-14.899928,-15.803541
147,-15.641750,-14.895571,-15.765391
148,-15.638942,-14.893252,-15.766681
149,-15.636856,-14.889419,-15.751851
150,-15.634104,-14.885496,-15.704899
151,-15.629750,-14.882473,-15.698561
152,-15.627408,-14.879011,-15.675102
153,-15.624410,-14.874946,-15.664616
154,-15.622692,-14.871215,-15.628050
155,-15.620306,-14.867327,-15.601590
156,-15.617289,-14.864395,-15.597826
157,-15.615350,-14.861289,-15.562960
158,-15.613862,-14.860095,-15.548041
159,-15.611304,-14.856738,-15.535372
160,-15.608617,-14.854703,-15.519297
161,-15.606017,-14.850868,-15.495127
162,-15.604356,-14.848688,-15.479606
163,-15.602362,-14.845142,-15.456663
164,-15.599854,-14.843256,-15.450528
165,-15.597810,-14.840641,-15.428102
166,-15.595736,-14.837681,-15.398726
167,-15.594039,-14.835815,-15.382430
168,-15.591995,-14.834255,-15.356449
169,-15.590070,-14.831812,-15.357194
170,-15.588071,-14.829083,-15.334442
171,-15.586706,-14.827304,-15.334319
172,-15.584394,-14.824765,-15.310379
173,-15.582943,-14.822991,-15.306769
174,-15.581538,-14.819254,-15.277992
175,-15.579576,-14.817990,-15.282301
176,-15.576820,-14.817252,-15.274915
177,-15.574884,-14.814115,-15.244876
178,-15.575426,-14.812886,-15.226826
179,-15.573369,-14.810525,-15.219490
180,-15.571779,-14.809926,-15.195793
181,-15.569628,-14.808387,-15.181784
182,-15.567627,-14.805912,-15.166890
183,-15.566560,-14.804726,-15.147068
184,-15.565726,-14.802881,-15.130390
185,-15.564273,-14.800343,-15.128959
186,-15.562868,-14.799602,-15.106627
187,-15.561479,-14.797566,-15.096895
188,-15.559921,-14.795185,-15.100048
189,-15.559407,-14.793691,-15.090234
190,-15.557814,-14.790485,-15.068462
191,-15.556218,-14.788740,-15.065222
192,-15.555622,-14.787596,-15.050061
193,-15.554126,-14.786650,-15.033139
194,-15.553392,-14.786453,-15.020947
195,-15.551834,-14.786895,-14.995272
196,-15.550647,-14.784044,-14.999516
197,-15.549304,-14.783098,-14.973871
198,-15.547501,-14.783131,-14.950809
199,-15.547347,-14.781364,-14.928850
200,-15.546873,-14.779843,-14.924576
201,-15.545752,-14.778544,-14.910032
202,-15.544119,-14.777908,-14.890526
203,-15.542496,-14.775831,-14.892054
204,-15.542396,-14.773793,-14.879689
205,-15.540919,-14.773301,-14.866106
206,-15.540865,-14.772617,-14.868462
207,-15.540096,-14.770515,-14.863920
208,-15.538730,-14.770956,-14.856220
209,-15.537924,-14.767150,-14.833390
210,-15.537249,-14.767237,-14.810659
211,-15.534645,-14.765771,-14.810567
212,-15.533731,-14.762786,-14.803952
213,-15.533002,-14.761832,-14.780314
214,-15.532428,-14.762548,-14.767866
215,-15.531857,-14.760731,-14.770155
216,-15.531338,-14.759482,-14.755052
217,-15.531640,-14.757823,-14.743079
218,-15.530671,-14.757809,-14.744253
219,-15.530253,-14.756399,-14.731658
220,-15.528106,-14.756497,-14.730893
221,-15.527946,-14.755386,-14.710294
222,-15.527890,-14.755499,-14.702399
223,-15.527223,-14.753428,-14.697980
224,-15.526806,-14.751886,-14.699260
225,-15.526594,-14.751268,-14.691163
226,-15.525997,-14.751070,-14.677614
227,-15.525358,-14.749631,-14.667421
228,-15.523729,-14.748849,-14.664067
229,-15.524221,-14.747353,-14.647792
230,-15.523330,-14.746097,-14.644037
231,-15.522991,-14.745396,-14.640734
232,-15.521406,-14.745692,-14.618601
233,-15.521009,-14.743678,-14.598639
234,-15.520497,-14.742041,-14.581986
235,-15.520288,-14.739428,-14.580017
236,-15.519012,-14.738224,-14.586483
237,-15.518505,-14.737578,-14.567697
238,-15.519016,-14.736629,-14.562036
239,-15.518552,-14.733522,-14.560768
240,-15.518039,-14.727024,-14.559489
241,-15.516998,-14.717909,-14.542614
242,-15.516405,-14.705974,-14.528072
243,-15.516621,-14.693282,-14.522221
244,-15.515237,-14.681749,-14.526676
245,-15.514323,-14.672145,-14.526694
246,-15.514436,-14.665250,-14.513615
247,-15.514528,-14.660682,-14.500347
248,-15.514401,-14.657909,-14.501663
249,-15.513691,-14.654681,-14.499132
250,-15.513462,-14.653539,-14.485359
251,-15.513319,-14.648475,-14.487642
252,-15.513240,-14.645963,-14.476894
253,-15.512095,-14.643879,-14.476799
254,-15.512202,-14.641797,-14.479265
255,-15.512323,-14.639426,-14.476177
256,-15.512934,-14.638220,-14.451892
257,-15.513188,-14.637049,-14.459808
258,-15.511159,-14.636436,-14.438947
259,-15.509072,-14.633997,-14.436813
260,-15.508946,-14.630667,-14.433560
261,-15.510217,-14.630114,-14.424171
262,-15.509386,-14.629063,-14.425690
263,-15.509531,-14.629035,-14.416161
264,-15.509413,-14.626583,-14.417680
265,-15.509189,-14.623206,-14.421483
266,-15.507970,-14.622743,-14.416942
267,-15.507781,-14.622446,-14.421407
268,-15.506761,-14.620720,-14.414387
269,-15.506935,-14.618177,-14.396302
270,-15.507038,-14.617076,-14.405840
271,-15.505938,-14.616330,-14.396408
272,-15.505817,-14.615591,-14.397423
273,-15.505017,-14.613323,-14.393928
274,-15.504117,-14.612961,-14.380805
275,-15.504837,-14.610118,-14.378731
276,-15.505042,-14.610202,-14.375717
277,-15.505580,-14.609938,-14.382896
278,-15.504510,-14.609462,-14.383765
279,-15.504532,-14.608371,-14.369035
280,-15.504962,-14.608165,-14.357615
281,-15.505158,-14.606458,-14.355330
282,-15.504857,-14.606284,-14.353074
283,-15.504103,-14.605591,-14.349301
284,-15.502875,-14.603635,-14.338909
285,-15.502278,-14.603680,-14.341780
286,-15.501218,-14.603020,-14.332147
287,-15.502704,-14.601883,-14.336892
288,-15.503247,-14.599655,-14.336539
289,-15.502221,-14.599689,-14.330631
290,-15.501341,-14.599007,-14.324948
291,-15.500802,-14.598511,-14.315012
292,-15.501448,-14.597416,-14.307604
293,-15.501038,-14.597983,-14.306564
294,-15.501357,-14.596709,-14.304152
295,-15.500543,-14.595108,-14.294986
296,-15.500623,-14.595213,-14.300041
297,-15.500969,-14.593976,-14.300243
298,-15.499944,-14.594933,-14.296489
299,-15.499903,-14.594425,-14.292307
300,-15.500401,-14.594188,-14.291779
301,-15.500200,-14.594014,-14.295563
302,-15.499159,-14.593579,-14.294148
303,-15.498683,-14.591292,-14.294130
304,-15.498316,-14.591811,-14.295038
305,-15.498675,-14.591657,-14.283768
306,-15.498174,-14.591679,-14.279664
307,-15.498155,-14.590578,-14.268495
308,-15.497706,-14.588954,-14.274681
309,-15.497535,-14.590217,-14.268046
310,-15.497311,-14.588870,-14.274751
311,-15.498085,-14.588841,-14.263995
312,-15.496350,-14.588260,-14.260890
313,-15.496457,-14.587054,-14.257903
314,-15.495781,-14.586909,-14.254279
315,-15.496211,-14.585445,-14.253818
316,-15.494170,-14.586243,-14.261545
317,-15.492113,-14.585297,-14.252055
318,-15.491989,-14.585976,-14.251782
319,-15.488838,-14.586978,-14.257527
320,-15.483117,-14.586059,-14.258390
321,-15.473547,-14.584346,-14.267567
322,-15.463499,-14.582882,-14.260665
323,-15.456995,-14.584240,-14.253053
324,-15.450659,-14.582741,-14.254629
325,-15.446747,-14.584206,-14.249298
326,-15.443672,-14.582464,-14.240068
327,-15.440172,-14.582133,-14.229104
328,-15.437720,-14.582221,-14.229849
329,-15.433584,-14.581973,-14.238473
330,-15.429578,-14.580874,-14.229304
331,-15.427040,-14.581291,-14.227609
332,-15.424820,-14.579137,-14.220248
333,-15.423361,-14.579909,-14.219756
334,-15.420775,-14.581166,-14.221712
335,-15.418857,-14.579809,-14.223159
336,-15.415700,-14.579559,-14.220858
337,-15.414407,-14.579733,-14.223386
338,-15.412420,-14.579329,-14.219932
339,-15.409937,-14.578514,-14.204522
340,-15.408660,-14.578185,-14.208125
341,-15.407456,-14.578636,-14.211250
342,-15.404663,-14.580904,-14.211393
343,-15.404457,-14.579274,-14.215223
344,-15.403233,-14.578320,-14.214129
345,-15.402413,-14.577820,-14.205921
346,-15.402062,-14.577275,-14.205821
347,-15.400852,-14.576619,-14.198872
348,-15.399870,-14.577511,-14.193884
349,-15.397411,-14.577926,-14.199607
350,-15.396711,-14.577980,-14.197767
351,-15.394860,-14.577013,-14.190315
352,-15.395033,-14.575721,-14.194403
353,-15.394041,-14.577085,-14.195035
354,-15.393211,-14.576278,-14.186730
355,-15.391248,-14.574814,-14.185783
356,-15.390520,-14.573655,-14.188510
357,-15.390823,-14.573911,-14.188202
358,-15.390421,-14.572740,-14.184826
359,-15.389272,-14.572784,-14.188614
360,-15.388366,-14.572728,-14.181776
361,-15.388133,-14.572019,-14.183434
362,-15.387877,-14.572113,-14.192246
363,-15.387658,-14.572530,-14.184815
364,-15.386513,-14.571828,-14.186862
365,-15.384982,-14.571041,-14.185270
366,-15.384680,-14.569891,-14.187671
367,-15.384432,-14.571143,-14.184921
368,-15.383526,-14.569940,-14.183649
369,-15.383628,-14.569822,-14.183783
370,-15.382835,-14.569727,-14.180008
371,-15.382683,-14.570633,-14.183202
372,-15.382701,-14.571794,-14.182995
373,-15.382805,-14.571470,-14.178972
374,-15.381122,-14.569937,-14.180981
375,-15.381969,-14.570007,-14.177714
376,-15.381487,-14.569909,-14.178053
377,-15.379742,-14.569823,-14.178815
378,-15.379798,-14.569493,-14.175918
379,-15.380704,-14.570570,-14.174565
380,-15.379973,-14.569786,-14.164549
381,-15.378418,-14.568208,-14.167619
382,-15.379486,-14.568302,-14.169185
383,-15.379592,-14.567534,-14.172554
384,-15.378165,-14.568094,-14.165352
385,-15.378025,-14.568620,-14.170392
386,-15.377595,-14.568203,-14.165199
387,-15.377679,-14.567668,-14.164957
388,-15.377862,-14.567880,-14.163464
389,-15.377795,-14.567611,-14.170569
390,-15.377737,-14.567772,-14.169497
391,-15.376541,-14.566710,-14.166852
392,-15.375769,-14.566233,-14.167257
393,-15.376479,-14.566680,-14.169057
394,-15.375440,-14.566365,-14.165957
395,-15.375572,-14.566596,-14.172372
396,-15.375006,-14.565894,-14.170638
397,-15.374507,-14.565787,-14.168896
398,-15.373604,-14.566492,-14.164617
399,-15.374354,-14.565026,-14.159969
400,-15.373488,-14.566007,-14.163504
401,-15.372968,-14.566749,-14.158609
402,-15.372907,-14.565847,-14.164713
403,-15.373053,-14.567527,-14.169693
404,-15.371486,-14.565964,-14.159353
405,-15.370987,-14.565229,-14.155766
406,-15.372448,-14.564483,-14.159566
407,-15.371759,-14.564696,-14.151216
408,-15.371711,-14.563149,-14.152248
409,-15.371256,-14.564080,-14.157126
410,-15.372604,-14.564369,-14.155400
411,-15.372242,-14.565874,-14.157722
412,-15.372013,-14.563210,-14.156081
413,-15.372141,-14.563193,-14.151930
414,-15.371300,-14.562554,-14.154387
415,-15.370686,-14.562428,-14.154468
416,-15.370245,-14.563323,-14.154703
417,-15.369608,-14.562630,-14.146401
418,-15.370185,-14.563345,-14.153049
419,-15.370602,-14.563625,-14.148811
420,-15.369957,-14.562874,-14.153529
421,-15.369998,-14.564490,-14.149137
422,-15.369995,-14.564419,-14.146609
423,-15.370317,-14.564210,-14.140476
424,-15.369633,-14.563758,-14.144509
425,-15.368693,-14.563131,-14.147773
426,-15.368770,-14.562842,-14.150571
427,-15.369414,-14.563209,-14.152989
428,-15.368529,-14.562875,-14.150017
429,-15.368761,-14.563776,-14.153597
430,-15.368460,-14.564513,-14.152788
431,-15.368133,-14.564577,-14.152380
432,-15.367940,-14.563832,-14.156449
433,-15.367710,-14.563026,-14.156696
434,-15.366397,-14.562180,-14.156225
435,-15.367558,-14.562517,-14.164184
436,-15.366885,-14.562061,-14.156932
437,-15.364930,-14.563154,-14.148985
438,-15.364679,-14.561362,-14.150321
439,-15.365426,-14.563174,-14.151189
440,-15.365404,-14.563010,-14.149275
441,-15.367138,-14.561855,-14.152601
442,-15.367227,-14.562548,-14.145487
443,-15.367573,-14.561110,-14.145755
444,-15.365809,-14.561356,-14.149180
445,-15.365534,-14.562227,-14.151028
446,-15.366135,-14.563249,-14.154822
447,-15.365528,-14.562445,-14.149933
448,-15.365660,-14.561897,-14.151379
449,-15.366750,-14.561517,-14.150414
450,-15.367663,-14.562239,-14.147599
451,-15.366828,-14.561353,-14.155569
452,-15.365668,-14.561023,-14.149356
453,-15.366199,-14.561663,-14.147694
454,-15.366109,-14.561907,-14.149982
455,-15.366228,-14.561801,-14.148944
456,-15.365577,-14.562287,-14.143814
457,-15.365847,-14.561296,-14.151879
458,-15.365069,-14.560153,-14.151113
459,-15.364429,-14.561353,-14.147544
460,-15.363644,-14.560431,-14.145937
461,-15.362970,-14.558408,-14.143952
462,-15.364342,-14.560774,-14.145320
463,-15.364448,-14.560186,-14.145085
464,-15.363110,-14.561801,-14.147982
465,-15.364436,-14.560551,-14.148699
466,-15.364141,-14.559345,-14.149377
467,-15.363672,-14.559737,-14.142353
468,-15.363718,-14.559652,-14.146398
469,-15.362635,-14.558940,-14.144660
470,-15.364160,-14.560104,-14.144797
471,-15.364288,-14.559652,-14.142848
472,-15.364053,-14.560801,-14.140845
473,-15.364911,-14.560402,-14.136517
474,-15.363860,-14.559216,-14.141564
475,-15.363602,-14.559014,-14.138771
476,-15.362798,-14.558779,-14.136724
477,-15.362506,-14.558403,-14.147305
478,-15.362370,-14.559206,-14.140362
479,-15.362946,-14.557829,-14.135180
480,-15.362549,-14.558299,-14.140317
481,-15.362121,-14.557838,-14.136466
482,-15.362108,-14.558636,-14.132910
483,-15.361675,-14.558497,-14.137124
484,-15.362654,-14.560013,-14.137206
485,-15.361718,-14.559061,-14.144708
486,-15.360527,-14.556668,-14.129263
487,-15.361923,-14.555794,-14.129369
488,-15.362295,-14.553804,-14.130533
489,-15.360866,-14.554053,-14.125491
490,-15.360952,-14.553687,-14.122427
491,-15.362011,-14.554250,-14.131172
492,-15.361507,-14.552754,-14.128010
493,-15.361255,-14.549727,-14.118898
494,-15.361099,-14.547206,-14.131545
495,-15.360768,-14.541824,-14.129231
496,-15.360299,-14.535011,-14.130907
497,-15.360538,-14.526369,-14.126577
498,-15.360151,-14.514737,-14.121717
499,-15.359908,-14.505365,-14.112503
500,-15.359011,-14.500277,-14.114622
501,-15.358825,-14.492192,-14.114197
502,-15.359471,-14.488494,-14.117852
503,-15.359389,-14.485219,-14.117787
504,-15.359689,-14.482820,-14.124436
505,-15.360647,-14.482217,-14.127019
506,-15.360675,-14.479414,-14.123295
507,-15.359302,-14.477550,-14.120966
508,-15.361619,-14.476958,-14.117358
509,-15.359938,-14.475496,-14.115402
510,-15.361056,-14.473731,-14.112624
511,-15.360326,-14.472637,-14.111732
512,-15.360121,-14.470073,-14.115748
513,-15.360138,-14.468657,-14.115720
514,-15.359399,-14.469843,-14.118645
515,-15.359439,-14.465726,-14.113898
516,-15.358150,-14.465485,-14.124185
517,-15.357788,-14.466404,-14.123862
518,-15.357551,-14.465344,-14.111620
519,-15.359166,-14.465531,-14.118323
520,-15.357793,-14.462158,-14.113432
521,-15.358507,-14.462658,-14.110746
522,-15.358832,-14.463798,-14.112376
523,-15.359578,-14.463313,-14.108566
524,-15.359288,-14.461524,-14.107601
525,-15.358669,-14.460925,-14.107175
526,-15.358185,-14.460651,-14.113965
527,-15.357679,-14.460250,-14.115435
528,-15.358857,-14.459857,-14.120247
529,-15.359524,-14.459151,-14.121424
530,-15.358439,-14.458846,-14.119540
531,-15.358311,-14.457358,-14.125386
532,-15.358756,-14.456345,-14.128587
533,-15.359309,-14.456352,-14.123563
534,-15.359789,-14.455741,-14.120735
535,-15.358837,-14.457602,-14.124378
536,-15.358167,-14.456237,-14.120918
537,-15.357937,-14.455857,-14.126453
538,-15.357107,-14.454599,-14.120311
539,-15.357258,-14.454590,-14.124498
540,-15.358082,-14.454660,-14.112668
541,-15.356695,-14.453351,-14.111669
542,-15.356231,-14.453164,-14.113011
543,-15.355457,-14.452567,-14.115567
544,-15.356993,-14.452765,-14.122819
545,-15.357903,-14.452348,-14.115815
546,-15.357258,-14.453494,-14.118325
547,-15.358239,-14.453263,-14.113917
548,-15.357455,-14.454213,-14.115884
549,-15.356797,-14.453916,-14.111984
550,-15.356762,-14.454137,-14.112642
551,-15.358723,-14.452397,-14.107860
552,-15.356654,-14.451597,-14.106611
553,-15.356112,-14.449249,-14.105134
554,-15.357265,-14.449571,-14.104247
555,-15.356639,-14.449956,-14.107162
556,-15.357252,-14.450360,-14.106025
557,-15.356757,-14.451201,-14.112026
558,-15.355541,-14.450247,-14.109548
559,-15.355446,-14.450942,-14.112040
560,-15.355128,-14.450601,-14.105116
561,-15.355883,-14.451795,-14.105554
562,-15.356346,-14.451395,-14.113629
563,-15.356413,-14.450292,-14.107786
564,-15.354951,-14.448323,-14.113362
565,-15.354952,-14.449033,-14.110277
566,-15.354845,-14.447479,-14.105323
567,-15.355027,-14.448598,-14.107908
568,-15.355183,-14.446986,-14.107377
569,-15.355369,-14.447049,-14.101816
570,-15.356063,-14.449261,-14.110361
571,-15.356102,-14.447883,-14.108274
572,-15.355152,-14.448590,-14.106767
573,-15.355179,-14.450047,-14.108870
574,-15.355422,-14.447469,-14.108180
575,-15.354837,-14.447237,-14.112481
576,-15.354937,-14.447349,-14.121335
577,-15.355039,-14.447672,-14.109229
578,-15.355271,-14.447980,-14.112107
579,-15.354729,-14.446203,-14.114488
580,-15.354363,-14.445687,-14.114875
581,-15.355903,-14.445819,-14.110983
582,-15.354146,-14.447109,-14.112311
583,-15.355109,-14.446638,-14.110323
584,-15.355796,-14.447050,-14.106663
585,-15.356048,-14.444745,-14.103655
586,-15.355253,-14.445199,-14.105939
587,-15.356224,-14.444910,-14.102656
588,-15.355676,-14.444095,-14.105179
589,-15.353770,-14.443613,-14.106330
590,-15.355351,-14.443902,-14.105851
591,-15.356686,-14.444900,-14.101942
592,-15.355472,-14.445002,-14.103688
593,-15.355162,-14.444540,-14.096182
594,-15.354389,-14.443861,-14.100147
595,-15.355209,-14.443697,-14.092562
596,-15.355566,-14.442812,-14.095054
597,-15.355229,-14.443922,-14.092000
598,-15.354666,-14.443029,-14.091210
599,-15.354046,-14.442068,-14.095676
600,-15.354999,-14.443455,-14.091194
601,-15.354245,-14.444565,-14.090136
602,-15.354297,-14.444544,-14.090557
603,-15.353505,-14.442276,-14.093677
604,-15.353234,-14.443895,-14.104223
605,-15.353761,-14.443237,-14.101691
606,-15.353441,-14.443373,-14.095252
607,-15.353634,-14.444118,-14.092721
608,-15.353699,-14.444237,-14.094115
609,-15.353449,-14.443703,-14.091370
610,-15.354727,-14.443908,-14.091554
611,-15.353654,-14.442771,-14.097430
612,-15.353885,-14.442837,-14.092720
613,-15.354269,-14.442575,-14.091225
614,-15.354836,-14.442974,-14.089544
615,-15.354078,-14.442346,-14.092405
616,-15.354055,-14.443119,-14.084075
617,-15.353878,-14.442621,-14.087487
618,-15.354238,-14.443040,-14.092749
619,-15.355427,-14.442489,-14.097179
620,-15.354376,-14.441837,-14.097252
621,-15.354231,-14.440202,-14.088205
622,-15.354340,-14.440991,-14.088897
623,-15.353760,-14.440410,-14.089355
624,-15.353761,-14.440123,-14.088947
625,-15.353061,-14.440535,-14.088183
626,-15.352257,-14.441721,-14.090473
627,-15.352556,-14.441683,-14.085976
628,-15.352632,-14.441002,-14.089109
629,-15.353803,-14.440401,-14.087872
630,-15.353767,-14.439844,-14.090535
631,-15.353652,-14.440879,-14.088552
632,-15.352543,-14.439316,-14.085128
633,-15.352731,-14.438904,-14.087581
634,-15.352797,-14.440009,-14.088714
635,-15.352888,-14.438974,-14.088525
636,-15.353279,-14.438657,-14.089565
637,-15.351860,-14.437455,-14.091378
638,-15.351314,-14.437139,-14.096326
639,-15.352420,-14.438847,-14.092271
640,-15.354383,-14.438502,-14.092671
641,-15.352849,-14.439204,-14.094413
642,-15.353174,-14.438736,-14.092264
643,-15.353178,-14.437942,-14.081722
644,-15.353071,-14.438038,-14.084253
645,-15.353427,-14.436787,-14.082891
646,-15.353829,-14.436332,-14.087199
647,-15.353000,-14.435814,-14.089594
648,-15.352732,-14.435011,-14.089206
649,-15.351381,-14.432340,-14.086693
650,-15.351772,-14.431097,-14.085335
651,-15.352520,-14.429135,-14.080724
652,-15.352710,-14.425549,-14.081194
653,-15.353813,-14.419013,-14.083936
654,-15.353154,-14.410810,-14.083394
655,-15.352264,-14.400766,-14.087893
656,-15.353214,-14.392249,-14.085044
657,-15.353311,-14.385300,-14.091150
658,-15.353106,-14.379615,-14.087075
659,-15.352721,-14.374871,-14.086889
660,-15.352792,-14.372029,-14.085844
661,-15.352546,-14.370124,-14.080057
662,-15.352824,-14.367105,-14.085158
663,-15.352427,-14.365133,-14.085117
664,-15.352617,-14.362618,-14.080860
665,-15.352998,-14.361394,-14.081158
666,-15.353124,-14.357647,-14.083545
667,-15.353160,-14.355196,-14.078621
668,-15.351732,-14.353254,-14.077889
669,-15.353685,-14.352557,-14.078988
670,-15.352819,-14.349600,-14.077788
671,-15.352212,-14.349013,-14.079463
672,-15.352883,-14.347950,-14.076490
673,-15.352294,-14.345808,-14.076715
674,-15.351681,-14.345953,-14.073798
675,-15.352110,-14.348061,-14.079440
676,-15.353156,-14.345973,-14.081808
677,-15.353174,-14.343843,-14.082225
678,-15.352111,-14.343525,-14.082242
679,-15.351995,-14.343965,-14.077805
680,-15.351832,-14.342785,-14.074770
681,-15.354077,-14.340713,-14.073626
682,-15.351523,-14.341571,-14.078432
683,-15.351396,-14.340023,-14.081835
684,-15.351620,-14.339927,-14.078335
685,-15.353715,-14.338858,-14.082836
686,-15.353238,-14.337500,-14.083185
687,-15.350825,-14.337078,-14.076850
688,-15.353246,-14.337611,-14.083318
689,-15.352605,-14.335204,-14.075532
690,-15.351945,-14.333479,-14.076278
691,-15.351276,-14.334394,-14.073632
692,-15.351325,-14.333235,-14.070331
693,-15.351554,-14.333869,-14.073512
694,-15.352240,-14.335446,-14.069393
695,-15.351773,-14.333722,-14.071697
696,-15.351910,-14.331345,-14.067054
697,-15.352318,-14.330624,-14.063549
698,-15.350922,-14.330960,-14.063205
699,-15.351594,-14.330876,-14.061904
700,-15.352065,-14.330236,-14.062524
701,-15.352820,-14.330083,-14.063125
702,-15.353756,-14.329158,-14.062715
703,-15.352124,-14.329336,-14.061578
704,-15.351587,-14.330137,-14.062617
705,-15.351701,-14.331503,-14.073086
706,-15.353148,-14.331020,-14.067438
707,-15.351521,-14.330571,-14.069833
708,-15.351338,-14.330202,-14.073534
709,-15.351495,-14.330660,-14.069937
710,-15.352626,-14.329133,-14.069015
711,-15.352235,-14.329091,-14.068524
712,-15.353286,-14.327935,-14.069942
713,-15.352826,-14.329249,-14.073457
714,-15.353092,-14.329981,-14.069753
715,-15.353036,-14.329543,-14.070494
716,-15.351400,-14.327409,-14.064011
717,-15.350446,-14.328123,-14.068073
718,-15.351921,-14.328960,-14.073262
719,-15.351276,-14.328694,-14.074796
720,-15.350725,-14.329848,-14.070053
721,-15.350835,-14.328558,-14.066648
722,-15.351312,-14.328014,-14.069547
723,-15.351941,-14.326147,-14.065293
724,-15.352262,-14.327869,-14.068960
725,-15.352655,-14.327114,-14.071131
726,-15.351894,-14.326883,-14.067230
727,-15.351537,-14.325525,-14.070160
728,-15.353036,-14.325761,-14.059624
729,-15.353336,-14.326401,-14.059316
730,-15.352237,-14.326569,-14.062654
731,-15.351608,-14.324812,-14.063197
732,-15.351403,-14.325512,-14.067923
733,-15.350853,-14.324386,-14.067627
734,-15.350709,-14.324765,-14.067128
735,-15.350180,-14.324447,-14.064400
736,-15.349560,-14.324064,-14.064633
737,-15.349831,-14.325170,-14.064994
738,-15.349471,-14.325633,-14.070554
739,-15.349873,-14.325343,-14.064815
740,-15.349894,-14.325272,-14.065470
741,-15.351481,-14.324847,-14.065293
742,-15.351369,-14.324638,-14.059300
743,-15.351065,-14.325518,-14.062847
744,-15.349936,-14.323469,-14.061577
745,-15.350221,-14.322647,-14.062550
746,-15.350948,-14.323779,-14.068715
747,-15.350227,-14.322504,-14.066402
748,-15.349866,-14.323981,-14.060972
749,-15.349918,-14.323713,-14.064644
750,-15.349423,-14.323702,-14.063207
751,-15.349693,-14.324567,-14.069529
752,-15.350036,-14.322345,-14.064604
753,-15.350594,-14.322324,-14.060899
754,-15.350301,-14.321379,-14.061164
755,-15.350656,-14.321187,-14.059444
756,-15.350293,-14.322541,-14.057579
757,-15.349301,-14.321053,-14.061478
758,-15.350194,-14.322746,-14.060403
759,-15.350763,-14.322481,-14.055555
760,-15.349855,-14.321520,-14.058870
761,-15.349670,-14.321525,-14.057545
762,-15.350986,-14.320473,-14.067215
763,-15.351085,-14.320950,-14.060245
764,-15.350247,-14.320959,-14.062575
765,-15.350387,-14.318917,-14.065820
766,-15.349491,-14.318247,-14.064367
767,-15.350176,-14.318153,-14.059678
768,-15.351254,-14.318767,-14.058847
769,-15.350209,-14.319734,-14.065046
770,-15.351134,-14.321260,-14.063142
771,-15.350228,-14.321328,-14.059388
772,-15.349397,-14.320805,-14.064736
773,-15.348996,-14.319413,-14.063605
774,-15.351180,-14.318649,-14.061346
775,-15.350714,-14.319809,-14.058272
776,-15.350763,-14.320591,-14.058950
777,-15.350980,-14.318650,-14.058042
778,-15.350257,-14.317211,-14.056588
779,-15.350160,-14.318031,-14.057071
780,-15.349887,-14.317500,-14.062480
781,-15.351030,-14.319717,-14.069002
782,-15.351466,-14.318024,-14.065789
783,-15.349453,-14.319563,-14.060056
784,-15.348627,-14.318664,-14.062213
785,-15.349313,-14.319804,-14.061648
786,-15.348866,-14.317251,-14.064948
787,-15.349457,-14.318417,-14.061740
788,-15.348818,-14.318110,-14.057911
789,-15.349510,-14.316707,-14.058945
790,-15.349669,-14.315810,-14.062334
791,-15.350619,-14.315463,-14.058450
792,-15.350971,-14.316066,-14.059143
793,-15.350745,-14.316364,-14.063168
794,-15.350052,-14.318400,-14.065555
795,-15.350203,-14.317500,-14.066508
796,-15.349618,-14.317745,-14.070894
797,-15.349118,-14.316817,-14.066000
798,-15.349079,-14.315895,-14.063619
799,-15.350133,-14.315427,-14.059309
800,-15.349508,-14.318343,-14.062474
801,-15.350168,-14.317038,-14.059338
802,-15.350724,-14.317132,-14.061372
803,-15.352508,-14.317400,-14.063152
804,-15.351130,-14.317213,-14.060679
805,-15.352094,-14.316053,-14.061267
806,-15.350472,-14.316221,-14.054211
807,-15.351470,-14.314280,-14.057668
808,-15.351761,-14.315350,-14.056346
809,-15.350456,-14.314525,-14.053524
810,-15.350986,-14.316243,-14.056039
811,-15.350338,-14.315537,-14.058564
812,-15.350836,-14.316286,-14.052852
813,-15.349877,-14.314713,-14.054166
814,-15.349965,-14.315681,-14.057415
815,-15.349691,-14.315632,-14.053466
816,-15.350266,-14.316082,-14.053289
817,-15.350717,-14.316903,-14.051189
818,-15.351721,-14.316639,-14.049961
819,-15.351963,-14.315707,-14.051743
820,-15.352509,-14.316323,-14.052434
821,-15.351543,-14.315515,-14.050156
822,-15.352144,-14.316718,-14.051983
823,-15.351149,-14.317097,-14.049412
824,-15.352210,-14.314788,-14.054975
825,-15.351270,-14.314250,-14.055707
826,-15.350880,-14.314428,-14.053577
827,-15.350067,-14.314550,-14.054748
828,-15.350132,-14.315630,-14.052272
829,-15.350971,-14.315094,-14.052567
830,-15.351489,-14.315086,-14.053340
831,-15.350702,-14.314940,-14.052007
832,-15.351668,-14.313777,-14.050815
833,-15.351371,-14.313818,-14.054795
834,-15.352170,-14.313996,-14.058580
835,-15.351840,-14.314214,-14.057831
836,-15.350496,-14.314515,-14.053810
837,-15.350509,-14.312777,-14.054487
838,-15.349241,-14.314918,-14.053706
839,-15.351018,-14.314348,-14.050306
840,-15.349478,-14.314557,-14.051941
841,-15.350453,-14.314774,-14.057474
842,-15.351238,-14.314366,-14.054857
843,-15.350637,-14.313595,-14.048002
844,-15.350832,-14.312894,-14.047393
845,-15.351486,-14.313166,-14.049496
846,-15.350968,-14.314083,-14.048774
847,-15.351225,-14.314476,-14.048311
848,-15.351065,-14.314423,-14.047598
849,-15.350813,-14.314038,-14.046690
850,-15.351223,-14.313433,-14.043135
851,-15.351443,-14.313744,-14.045198
852,-15.350177,-14.312697,-14.049021
853,-15.350380,-14.311397,-14.048417
854,-15.351138,-14.310276,-14.047634
855,-15.349961,-14.312859,-14.049116
856,-15.350321,-14.312082,-14.050071
857,-15.352003,-14.313959,-14.047560
858,-15.351205,-14.311048,-14.047222
859,-15.352244,-14.312523,-14.048148
860,-15.352663,-14.311647,-14.049998
861,-15.353452,-14.310771,-14.049073
862,-15.353459,-14.311701,-14.045679
863,-15.351517,-14.311343,-14.046272
864,-15.351436,-14.311769,-14.043951
865,-15.350778,-14.310587,-14.038828
866,-15.351303,-14.311012,-14.042048
867,-15.351214,-14.312204,-14.044622
868,-15.350946,-14.310228,-14.043355
869,-15.350380,-14.309680,-14.040312
870,-15.350065,-14.309236,-14.037203
871,-15.351178,-14.310362,-14.031970
872,-15.351472,-14.310645,-14.035624
873,-15.351929,-14.310213,-14.040964
874,-15.350594,-14.311278,-14.045031
875,-15.352062,-14.311279,-14.044087
876,-15.350808,-14.311543,-14.043696
877,-15.349632,-14.313046,-14.044746
878,-15.349883,-14.311117,-14.046244
879,-15.349874,-14.311246,-14.046245
880,-15.349454,-14.310096,-14.045915
881,-15.350532,-14.310416,-14.042200
882,-15.350175,-14.310717,-14.042946
883,-15.350973,-14.309832,-14.046105
884,-15.350565,-14.309772,-14.041982
885,-15.350135,-14.309981,-14.039586
886,-15.351396,-14.309694,-14.035013
887,-15.352007,-14.310909,-14.043757
888,-15.352091,-14.308760,-14.042294
889,-15.351937,-14.310570,-14.040530
890,-15.352507,-14.310867,-14.036631
891,-15.352943,-14.309021,-14.037874
892,-15.351647,-14.308839,-14.035102
893,-15.352373,-14.307746,-14.038974
894,-15.352300,-14.308407,-14.036358
895,-15.351874,-14.308761,-14.037817
896,-15.352026,-14.309767,-14.038614
897,-15.351996,-14.308580,-14.040130
898,-15.351765,-14.309646,-14.037654
899,-15.352236,-14.309776,-14.038333
900,-15.352801,-14.310498,-14.034406
901,-15.352913,-14.310184,-14.037693
902,-15.352899,-14.308824,-14.036561
903,-15.351655,-14.308747,-14.036331
904,-15.352744,-14.310080,-14.034981
905,-15.351825,-14.309333,-14.034840
906,-15.352355,-14.309061,-14.037288
907,-15.352338,-14.310151,-14.037721
908,-15.352016,-14.309348,-14.040376
909,-15.353263,-14.310186,-14.032877
910,-15.354074,-14.308587,-14.041475
911,-15.352326,-14.309676,-14.039146
912,-15.351944,-14.308825,-14.038451
913,-15.352055,-14.309301,-14.037833
914,-15.352561,-14.309841,-14.036916
915,-15.352019,-14.308490,-14.039786
916,-15.352009,-14.308012,-14.039872
917,-15.353289,-14.309047,-14.038646
918,-15.353077,-14.308065,-14.033869
919,-15.352229,-14.307278,-14.037283
920,-15.352402,-14.308272,-14.034724
921,-15.352235,-14.310513,-14.035451
922,-15.352613,-14.310452,-14.039412
923,-15.352226,-14.310210,-14.038438
924,-15.351881,-14.309991,-14.037017
925,-15.352755,-14.309154,-14.039951
926,-15.352221,-14.309140,-14.041109
927,-15.351663,-14.310542,-14.036537
928,-15.352786,-14.310631,-14.040259
929,-15.352811,-14.308107,-14.035766
930,-15.352834,-14.308686,-14.033735
931,-15.351623,-14.311037,-14.031327
932,-15.351727,-14.310817,-14.031462
933,-15.352234,-14.310037,-14.028427
934,-15.352428,-14.309772,-14.034723
935,-15.352938,-14.309437,-14.035882
936,-15.352987,-14.311668,-14.036726
937,-15.352793,-14.309842,-14.034494
938,-15.353289,-14.311667,-14.035183
939,-15.354564,-14.312015,-14.030362
940,-15.354847,-14.310811,-14.028413
941,-15.354121,-14.309595,-14.030204
942,-15.352786,-14.311151,-14.028629
943,-15.352681,-14.313238,-14.033575
944,-15.353604,-14.311244,-14.033519
945,-15.354007,-14.309896,-14.033819
946,-15.353780,-14.309606,-14.029672
947,-15.354593,-14.310663,-14.031710
948,-15.354151,-14.311939,-14.027268
949,-15.354059,-14.310058,-14.030958
950,-15.353625,-14.309364,-14.029495
951,-15.352877,-14.309564,-14.028835
952,-15.353126,-14.310363,-14.028597
953,-15.353718,-14.311336,-14.028510
954,-15.353910,-14.311399,-14.028391
955,-15.354815,-14.311456,-14.028988
956,-15.352540,-14.312245,-14.028357
957,-15.353195,-14.310163,-14.027180
958,-15.352332,-14.311249,-14.025650
959,-15.352984,-14.310041,-14.022540
960,-15.353143,-14.310210,-14.023292
961,-15.353512,-14.310597,-14.026918
962,-15.353888,-14.311456,-14.028228
963,-15.353008,-14.309628,-14.027979
964,-15.353665,-14.311057,-14.029256
965,-15.353119,-14.310342,-14.030168
966,-15.353428,-14.311103,-14.029831
967,-15.354868,-14.311180,-14.030234
968,-15.355032,-14.312685,-14.029623
969,-15.354800,-14.311362,-14.032425
970,-15.354606,-14.309774,-14.028402
971,-15.354221,-14.309645,-14.030027
972,-15.353446,-14.310909,-14.029337
973,-15.353519,-14.309213,-14.029898
974,-15.353715,-14.310381,-14.031291
975,-15.352790,-14.311351,-14.029630
976,-15.353753,-14.308748,-14.024574
977,-15.353704,-14.309763,-14.023559
978,-15.353748,-14.310705,-14.021782
979,-15.354529,-14.312085,-14.027204
980,-15.355074,-14.310082,-14.030029
981,-15.355227,-14.308370,-14.027174
982,-15.354999,-14.309812,-14.024219
983,-15.355363,-14.311379,-14.023495
984,-15.355415,-14.310678,-14.024983
985,-15.354873,-14.310580,-14.023760
986,-15.355009,-14.311088,-14.022658
987,-15.354890,-14.310700,-14.024441
988,-15.354368,-14.308916,-14.025129
989,-15.353530,-14.308595,-14.028946
990,-15.353196,-14.309954,-14.028293
991,-15.353318,-14.311320,-14.024325
992,-15.353974,-14.310118,-14.025618
993,-15.353706,-14.310544,-14.027816
994,-15.354056,-14.312314,-14.026141
995,-15.354638,-14.310253,-14.027472
996,-15.353279,-14.308706,-14.026167
997,-15.354437,-14.308518,-14.025171
998,-15.353799,-14.309190,-14.022206
999,-15.353109,-14.311252,-14.026185
1000,-15.353449,-14.310120,-14.028168
