Epoch,chi_Mean_0.2775,chi_Mean_1.11,chi_Mean_4.44
1,-27.880341,-24.188814,-46.364427
2,-18.399621,-17.584270,-37.014241
3,-15.571814,-15.384456,-31.727090
4,-14.650007,-14.567470,-28.641268
5,-14.324284,-14.231229,-26.911204
6,-14.204594,-14.091448,-25.820044
7,-14.162534,-14.041863,-25.070054
8,-14.154858,-14.030359,-24.496986
9,-14.163368,-14.034951,-24.071009
10,-14.172392,-14.048477,-23.696378
11,-14.186911,-14.065101,-23.384340
12,-14.198105,-14.078445,-23.107454
13,-14.201863,-14.093506,-22.888018
14,-14.209212,-14.108707,-22.668660
15,-14.215517,-14.116051,-22.476552
16,-14.219765,-14.125034,-22.308107
17,-14.226000,-14.132028,-22.106817
18,-14.226938,-14.143062,-21.926282
19,-14.228963,-14.149113,-21.756249
20,-14.230625,-14.156691,-21.599480
21,-14.232997,-14.160356,-21.455466
22,-14.235003,-14.165338,-21.314868
23,-14.236465,-14.169699,-21.176235
24,-14.236158,-14.171148,-21.052320
25,-14.234558,-14.175501,-20.896640
26,-14.232933,-14.179110,-20.755938
27,-14.230848,-14.180882,-20.614298
28,-14.227300,-14.183349,-20.459510
29,-14.221802,-14.178201,-20.340240
30,-14.219712,-14.177222,-20.208862
31,-14.219304,-14.180351,-20.092492
32,-14.213883,-14.179013,-19.982230
33,-14.209926,-14.176275,-19.851901
34,-14.206192,-14.177223,-19.744656
35,-14.201819,-14.175478,-19.625199
36,-14.199173,-14.171846,-19.526678
37,-14.192735,-14.169991,-19.420651
38,-14.186425,-14.163593,-19.324470
39,-14.180153,-14.157214,-19.211135
40,-14.178953,-14.154278,-19.111164
41,-14.172687,-14.149410,-18.997404
42,-14.170062,-14.144314,-18.912964
43,-14.165767,-14.137057,-18.805368
44,-14.160549,-14.132191,-18.722895
45,-14.154085,-14.126750,-18.639702
46,-14.144803,-14.120100,-18.569517
47,-14.137796,-14.114791,-18.471257
48,-14.134111,-14.107837,-18.373891
49,-14.130472,-14.102975,-18.306445
50,-14.121623,-14.094143,-18.213729
51,-14.111556,-14.090237,-18.137530
52,-14.103167,-14.082977,-18.062915
53,-14.095511,-14.079890,-17.959786
54,-14.086287,-14.071155,-17.891244
55,-14.079792,-14.063568,-17.835585
56,-14.071019,-14.059642,-17.759079
57,-14.061971,-14.047242,-17.666985
58,-14.058091,-14.039133,-17.604117
59,-14.048613,-14.032083,-17.539270
60,-14.037420,-14.029742,-17.494789
61,-14.030810,-14.018546,-17.409765
62,-14.022160,-14.009852,-17.336335
63,-14.013073,-14.004648,-17.287507
64,-14.004121,-13.994632,-17.231023
65,-13.997880,-13.985337,-17.178542
66,-13.991028,-13.978388,-17.115082
67,-13.980763,-13.971341,-17.048559
68,-13.969843,-13.962251,-16.974585
69,-13.959636,-13.953305,-16.913122
70,-13.953494,-13.947091,-16.851657
71,-13.944057,-13.937278,-16.784058
72,-13.931974,-13.932285,-16.748197
73,-13.924353,-13.924300,-16.678253
74,-13.916849,-13.915224,-16.629475
75,-13.910735,-13.912139,-16.568962
76,-13.903828,-13.901985,-16.521317
77,-13.896163,-13.897314,-16.475412
78,-13.889298,-13.889514,-16.436496
79,-13.880809,-13.878817,-16.370772
80,-13.871999,-13.870356,-16.325330
81,-13.866096,-13.864937,-16.273550
82,-13.857830,-13.858280,-16.247219
83,-13.843673,-13.848569,-16.190064
84,-13.833215,-13.839641,-16.140516
85,-13.825470,-13.828474,-16.087498
86,-13.819746,-13.821174,-16.033168
87,-13.815466,-13.810297,-15.994545
88,-13.809533,-13.800538,-15.963191
89,-13.801067,-13.793711,-15.916898
90,-13.789983,-13.782620,-15.889882
91,-13.782935,-13.776288,-15.842433
92,-13.772917,-13.770934,-15.793255
93,-13.764280,-13.762902,-15.751459
94,-13.757582,-13.753862,-15.712537
95,-13.753223,-13.747752,-15.693341
96,-13.749559,-13.745159,-15.664689
97,-13.741251,-13.737869,-15.623511
98,-13.732670,-13.729157,-15.580363
99,-13.728871,-13.721563,-15.537261
100,-13.723760,-13.714932,-15.514270
101,-13.715811,-13.711374,-15.489587
102,-13.707577,-13.702398,-15.445420
103,-13.702459,-13.695169,-15.403518
104,-13.697821,-13.690898,-15.373484
105,-13.688953,-13.681521,-15.336933
106,-13.680552,-13.674569,-15.316498
107,-13.673906,-13.663824,-15.276164
108,-13.667592,-13.658241,-15.239582
109,-13.662554,-13.651609,-15.219355
110,-13.654316,-13.648017,-15.183696
111,-13.646707,-13.638319,-15.158158
112,-13.643442,-13.631895,-15.139709
113,-13.637300,-13.627371,-15.109111
114,-13.630603,-13.622296,-15.080979
115,-13.625293,-13.619809,-15.061202
116,-13.616850,-13.614043,-15.029379
117,-13.613680,-13.611995,-15.007282
118,-13.609046,-13.607794,-14.981614
119,-13.600841,-13.602926,-14.952474
120,-13.596908,-13.601146,-14.929997
121,-13.591205,-13.595672,-14.912332
122,-13.584233,-13.593933,-14.877344
123,-13.579788,-13.590483,-14.851474
124,-13.576035,-13.586257,-14.836647
125,-13.572423,-13.580177,-14.824060
126,-13.566672,-13.572824,-14.797041
127,-13.560110,-13.566447,-14.770820
128,-13.553831,-13.560799,-14.755596
129,-13.547237,-13.556749,-14.740984
130,-13.541582,-13.554535,-14.717299
131,-13.539314,-13.551133,-14.706722
132,-13.536145,-13.546918,-14.692869
133,-13.532531,-13.540856,-14.675736
134,-13.528658,-13.536905,-14.649624
135,-13.523049,-13.536106,-14.624429
136,-13.517407,-13.529102,-14.613817
137,-13.514493,-13.524621,-14.593328
138,-13.514713,-13.522542,-14.575352
139,-13.510529,-13.517167,-14.540820
140,-13.509024,-13.513654,-14.531818
141,-13.506785,-13.514050,-14.517281
142,-13.506960,-13.511425,-14.512106
143,-13.501921,-13.506086,-14.491296
144,-13.498781,-13.503069,-14.473098
145,-13.496228,-13.500402,-14.465542
146,-13.494684,-13.494336,-14.465853
147,-13.492382,-13.492727,-14.451354
148,-13.489904,-13.490493,-14.433802
149,-13.487851,-13.491292,-14.422528
150,-13.483957,-13.487961,-14.398959
151,-13.482497,-13.484712,-14.388449
152,-13.481570,-13.487281,-14.375949
153,-13.478669,-13.485061,-14.368438
154,-13.475764,-13.482264,-14.357638
155,-13.475119,-13.480320,-14.347412
156,-13.475667,-13.477810,-14.338544
157,-13.471124,-13.477537,-14.319750
158,-13.473316,-13.475568,-14.309922
159,-13.469111,-13.473061,-14.300028
160,-13.465982,-13.470796,-14.295531
161,-13.465325,-13.468170,-14.275768
162,-13.464123,-13.465582,-14.255604
163,-13.465554,-13.463124,-14.247876
164,-13.462411,-13.460130,-14.244482
165,-13.465672,-13.459505,-14.238186
166,-13.467588,-13.457796,-14.232215
167,-13.464485,-13.454687,-14.222929
168,-13.460226,-13.456226,-14.214053
169,-13.458623,-13.453777,-14.217162
170,-13.457920,-13.452997,-14.201913
171,-13.458599,-13.450873,-14.198724
172,-13.459538,-13.450848,-14.184009
173,-13.459711,-13.453133,-14.177703
174,-13.457738,-13.455130,-14.180281
175,-13.452338,-13.456905,-14.166448
176,-13.452953,-13.457726,-14.164412
177,-13.451631,-13.457061,-14.149726
178,-13.454131,-13.456549,-14.147857
179,-13.451388,-13.456380,-14.143241
180,-13.452565,-13.456688,-14.126083
181,-13.454063,-13.458808,-14.128230
182,-13.448088,-13.460677,-14.114997
183,-13.448357,-13.461864,-14.116583
184,-13.450034,-13.462845,-14.120694
185,-13.449814,-13.459827,-14.105224
186,-13.448406,-13.460202,-14.103802
187,-13.451447,-13.459827,-14.094024
188,-13.447679,-13.460505,-14.087812
189,-13.447507,-13.460428,-14.083777
190,-13.450626,-13.461412,-14.083996
191,-13.449985,-13.458652,-14.074191
192,-13.452923,-13.460203,-14.058952
193,-13.455069,-13.461724,-14.061986
194,-13.455100,-13.460672,-14.061906
195,-13.457080,-13.459874,-14.052925
196,-13.459090,-13.458686,-14.042684
197,-13.459343,-13.456432,-14.034068
198,-13.460563,-13.456861,-14.031935
199,-13.457536,-13.458370,-14.034400
200,-13.458402,-13.458244,-14.028584
201,-13.458633,-13.457937,-14.021237
202,-13.457391,-13.461606,-14.018377
203,-13.458687,-13.462639,-14.018162
204,-13.459350,-13.465917,-14.010192
205,-13.458174,-13.464825,-14.001415
206,-13.459589,-13.469128,-14.009272
207,-13.457918,-13.468021,-13.997331
208,-13.460901,-13.469393,-13.996609
209,-13.459403,-13.468715,-13.992464
210,-13.463174,-13.470230,-13.991386
211,-13.466617,-13.471953,-13.988088
212,-13.466625,-13.474153,-13.987299
213,-13.471352,-13.477519,-13.992801
214,-13.471640,-13.478597,-13.987445
215,-13.469415,-13.476360,-13.979825
216,-13.476686,-13.477947,-13.981173
217,-13.477978,-13.477636,-13.989983
218,-13.481654,-13.473387,-13.984716
219,-13.478356,-13.478030,-13.979879
220,-13.480425,-13.480791,-13.971426
221,-13.480634,-13.483480,-13.974139
222,-13.479669,-13.484542,-13.972075
223,-13.480265,-13.486468,-13.970068
224,-13.483298,-13.489532,-13.973506
225,-13.483841,-13.490501,-13.964879
226,-13.483693,-13.487472,-13.962959
227,-13.485795,-13.487247,-13.959975
228,-13.487135,-13.487671,-13.956120
229,-13.486444,-13.488090,-13.964796
230,-13.488813,-13.484010,-13.965732
231,-13.489616,-13.488243,-13.958112
232,-13.487758,-13.489069,-13.970545
233,-13.485827,-13.489431,-13.969490
234,-13.488288,-13.492759,-13.970518
235,-13.488043,-13.495413,-13.968781
236,-13.490265,-13.496694,-13.964166
237,-13.495683,-13.494512,-13.960677
238,-13.500336,-13.495619,-13.961383
239,-13.501597,-13.495612,-13.956738
240,-13.499889,-13.499799,-13.959500
241,-13.500900,-13.498748,-13.961019
242,-13.502208,-13.501172,-13.958647
243,-13.502281,-13.501356,-13.956511
244,-13.506094,-13.505005,-13.951014
245,-13.507545,-13.505732,-13.947330
246,-13.509680,-13.506956,-13.942179
247,-13.512569,-13.504288,-13.939027
248,-13.514026,-13.507679,-13.941798
249,-13.511408,-13.507142,-13.944763
250,-13.512091,-13.505829,-13.937085
251,-13.509654,-13.507862,-13.937340
252,-13.510303,-13.507267,-13.938080
253,-13.511892,-13.508543,-13.935395
254,-13.514237,-13.506915,-13.929027
255,-13.513411,-13.510291,-13.925100
256,-13.519795,-13.513651,-13.928155
257,-13.519557,-13.515460,-13.924523
258,-13.519215,-13.517197,-13.919512
259,-13.520283,-13.517412,-13.923553
260,-13.520315,-13.519710,-13.913206
261,-13.521969,-13.521281,-13.921795
262,-13.523379,-13.526536,-13.918692
263,-13.522602,-13.527785,-13.920298
264,-13.522312,-13.527670,-13.919208
265,-13.528157,-13.526850,-13.916222
266,-13.532761,-13.527413,-13.918743
267,-13.533650,-13.526277,-13.921168
268,-13.531865,-13.528000,-13.916831
269,-13.532369,-13.526681,-13.913265
270,-13.532110,-13.526911,-13.912505
271,-13.532548,-13.528595,-13.914178
272,-13.532168,-13.529845,-13.907524
273,-13.529093,-13.532020,-13.908480
274,-13.529683,-13.532807,-13.913828
275,-13.527984,-13.535508,-13.908430
276,-13.528197,-13.536716,-13.907855
277,-13.528750,-13.535409,-13.909377
278,-13.531582,-13.536835,-13.909629
279,-13.533525,-13.541272,-13.906261
280,-13.533110,-13.541428,-13.904754
281,-13.535249,-13.538763,-13.904041
282,-13.537218,-13.542275,-13.907326
283,-13.538061,-13.544488,-13.913472
284,-13.542099,-13.548720,-13.911467
285,-13.541168,-13.549199,-13.907929
286,-13.542134,-13.547223,-13.909484
287,-13.545881,-13.551773,-13.907565
288,-13.544719,-13.553955,-13.907953
289,-13.546256,-13.557162,-13.911967
290,-13.548909,-13.558592,-13.903558
291,-13.554747,-13.558570,-13.902210
292,-13.555720,-13.564788,-13.904725
293,-13.558467,-13.564393,-13.910110
294,-13.558317,-13.563319,-13.906276
295,-13.560334,-13.565038,-13.903124
296,-13.561547,-13.566644,-13.901730
297,-13.564871,-13.564741,-13.903087
298,-13.566779,-13.568454,-13.907962
299,-13.568527,-13.570205,-13.908399
300,-13.566896,-13.569560,-13.911709
301,-13.567890,-13.573333,-13.907190
302,-13.567562,-13.573842,-13.907479
303,-13.566858,-13.573555,-13.902564
304,-13.566670,-13.575711,-13.896687
305,-13.564750,-13.576249,-13.893644
306,-13.566053,-13.579847,-13.895891
307,-13.566969,-13.579714,-13.896005
308,-13.564819,-13.581428,-13.894196
309,-13.569593,-13.583624,-13.896103
310,-13.575832,-13.581300,-13.897213
311,-13.578169,-13.580022,-13.901055
312,-13.578576,-13.581904,-13.899241
313,-13.579865,-13.583626,-13.900797
314,-13.580529,-13.583233,-13.898895
315,-13.585441,-13.585801,-13.895907
316,-13.586457,-13.584827,-13.892223
317,-13.588373,-13.584096,-13.899169
318,-13.590362,-13.584632,-13.896223
319,-13.590626,-13.588180,-13.896440
320,-13.586901,-13.588664,-13.902450
321,-13.589582,-13.588160,-13.898966
322,-13.588201,-13.588019,-13.900311
323,-13.586329,-13.588376,-13.894491
324,-13.590618,-13.591556,-13.904058
325,-13.596120,-13.592097,-13.900955
326,-13.598418,-13.591908,-13.903645
327,-13.603008,-13.590761,-13.904144
328,-13.602969,-13.593599,-13.901188
329,-13.602005,-13.592907,-13.897352
330,-13.598719,-13.598219,-13.897384
331,-13.599962,-13.600558,-13.892532
332,-13.600642,-13.602197,-13.892359
333,-13.601562,-13.601330,-13.893781
334,-13.599840,-13.601331,-13.889281
335,-13.597569,-13.599948,-13.891980
336,-13.601273,-13.601727,-13.896026
337,-13.604133,-13.608346,-13.893324
338,-13.604969,-13.607295,-13.898898
339,-13.607460,-13.605344,-13.898786
340,-13.606103,-13.605182,-13.893160
341,-13.607185,-13.602402,-13.893137
342,-13.606567,-13.603796,-13.893517
343,-13.603788,-13.607823,-13.896705
344,-13.605979,-13.606626,-13.891075
345,-13.608613,-13.608529,-13.897167
346,-13.610445,-13.609136,-13.895093
347,-13.610114,-13.610205,-13.891645
348,-13.609708,-13.610606,-13.891260
349,-13.615491,-13.608671,-13.891924
350,-13.612054,-13.610754,-13.889993
351,-13.613934,-13.616315,-13.887660
352,-13.613027,-13.615913,-13.888411
353,-13.616513,-13.618232,-13.882220
354,-13.616200,-13.617319,-13.883860
355,-13.618512,-13.616983,-13.890798
356,-13.619185,-13.622715,-13.890696
357,-13.622371,-13.623837,-13.888677
358,-13.620603,-13.622101,-13.883786
359,-13.620384,-13.623705,-13.885666
360,-13.620824,-13.622572,-13.884522
361,-13.621691,-13.624802,-13.879860
362,-13.621066,-13.625703,-13.881839
363,-13.623333,-13.624611,-13.879608
364,-13.624597,-13.625340,-13.876511
365,-13.626590,-13.626437,-13.872446
366,-13.624561,-13.625313,-13.877598
367,-13.621730,-13.625246,-13.875923
368,-13.625962,-13.623988,-13.878047
369,-13.625942,-13.625050,-13.877789
370,-13.628841,-13.626221,-13.880479
371,-13.630734,-13.628711,-13.880698
372,-13.636026,-13.634243,-13.886443
373,-13.636883,-13.633595,-13.882047
374,-13.635213,-13.635487,-13.877745
375,-13.632644,-13.639431,-13.884570
376,-13.632592,-13.639196,-13.886239
377,-13.633442,-13.635857,-13.884943
378,-13.635349,-13.640937,-13.882214
379,-13.636864,-13.639554,-13.879816
380,-13.637747,-13.637450,-13.882184
381,-13.639336,-13.642019,-13.883102
382,-13.636971,-13.641280,-13.884477
383,-13.638044,-13.639845,-13.887875
384,-13.644353,-13.637872,-13.886241
385,-13.645159,-13.638289,-13.886887
386,-13.643445,-13.636287,-13.889790
387,-13.644309,-13.637355,-13.888992
388,-13.642805,-13.639591,-13.888347
389,-13.645648,-13.640519,-13.880351
390,-13.650408,-13.640825,-13.888277
391,-13.651843,-13.644980,-13.884998
392,-13.653410,-13.645485,-13.884402
393,-13.655813,-13.645567,-13.884196
394,-13.654412,-13.648946,-13.886570
395,-13.653748,-13.650009,-13.888336
396,-13.653770,-13.654278,-13.891444
397,-13.656266,-13.650624,-13.892048
398,-13.656768,-13.651966,-13.893738
399,-13.659546,-13.650497,-13.892156
400,-13.658492,-13.646735,-13.890041
401,-13.659334,-13.647373,-13.894819
402,-13.660596,-13.649008,-13.888188
403,-13.658714,-13.651396,-13.891534
404,-13.659796,-13.651047,-13.891748
405,-13.654253,-13.651702,-13.892074
406,-13.656760,-13.649239,-13.891764
407,-13.655025,-13.652107,-13.889585
408,-13.656399,-13.654607,-13.895249
409,-13.658970,-13.656484,-13.898805
410,-13.660163,-13.655593,-13.899109
411,-13.662832,-13.655747,-13.894323
412,-13.661476,-13.659887,-13.893433
413,-13.661813,-13.659391,-13.897738
414,-13.660813,-13.656483,-13.900039
415,-13.663349,-13.655998,-13.897087
416,-13.661657,-13.651476,-13.894445
417,-13.664744,-13.649529,-13.891359
418,-13.663575,-13.652188,-13.887156
419,-13.665233,-13.652907,-13.884324
420,-13.669845,-13.659237,-13.889307
421,-13.670344,-13.662913,-13.894117
422,-13.672903,-13.666996,-13.896722
423,-13.674539,-13.667742,-13.896077
424,-13.677599,-13.666733,-13.889209
425,-13.675565,-13.669878,-13.887570
426,-13.674522,-13.672702,-13.885801
427,-13.674120,-13.670388,-13.885172
428,-13.671971,-13.671190,-13.891544
429,-13.673557,-13.670549,-13.889942
430,-13.674804,-13.675056,-13.889946
431,-13.677344,-13.672530,-13.894446
432,-13.680155,-13.669908,-13.891474
433,-13.677599,-13.672216,-13.892636
434,-13.677356,-13.672957,-13.892621
435,-13.673134,-13.670269,-13.888851
436,-13.674206,-13.669556,-13.883922
437,-13.677210,-13.671697,-13.885658
438,-13.678446,-13.676730,-13.882530
439,-13.678695,-13.678228,-13.886862
440,-13.677154,-13.676669,-13.889529
441,-13.675512,-13.677732,-13.888973
442,-13.676472,-13.679176,-13.891691
443,-13.679136,-13.677910,-13.893264
444,-13.680555,-13.680476,-13.890826
445,-13.683845,-13.677873,-13.888786
446,-13.688224,-13.680397,-13.888565
447,-13.684601,-13.679091,-13.889197
448,-13.686642,-13.680254,-13.887423
449,-13.686642,-13.682854,-13.883058
450,-13.690012,-13.682857,-13.884620
451,-13.691422,-13.683012,-13.880989
452,-13.690744,-13.687727,-13.880370
453,-13.690172,-13.690491,-13.886837
454,-13.687790,-13.693286,-13.886567
455,-13.686197,-13.691729,-13.887496
456,-13.687482,-13.696037,-13.885264
457,-13.686560,-13.693931,-13.885956
458,-13.687447,-13.693716,-13.886557
459,-13.686025,-13.692362,-13.889143
460,-13.685022,-13.694413,-13.893598
461,-13.689838,-13.694670,-13.892067
462,-13.692113,-13.693663,-13.891969
463,-13.694854,-13.688790,-13.892328
464,-13.693475,-13.688487,-13.889717
465,-13.693023,-13.692416,-13.889808
466,-13.693105,-13.694220,-13.892485
467,-13.691864,-13.692963,-13.888368
468,-13.691713,-13.695249,-13.891547
469,-13.692879,-13.699479,-13.888587
470,-13.693690,-13.699111,-13.889602
471,-13.697661,-13.698981,-13.886814
472,-13.696605,-13.700012,-13.886793
473,-13.694733,-13.696616,-13.894934
474,-13.699743,-13.694393,-13.894730
475,-13.698871,-13.691717,-13.896132
476,-13.701158,-13.693312,-13.896087
477,-13.705637,-13.695187,-13.896025
478,-13.705690,-13.697462,-13.895405
479,-13.704139,-13.697222,-13.890511
480,-13.705102,-13.698121,-13.887982
481,-13.704177,-13.699599,-13.885674
482,-13.704706,-13.702154,-13.893029
483,-13.705969,-13.703872,-13.886389
484,-13.708349,-13.703226,-13.890927
485,-13.707664,-13.700834,-13.888022
486,-13.708217,-13.704801,-13.886467
487,-13.705699,-13.706470,-13.888971
488,-13.708461,-13.708430,-13.890207
489,-13.710622,-13.708531,-13.890893
490,-13.712997,-13.707826,-13.889078
491,-13.712481,-13.710474,-13.889992
492,-13.711410,-13.709014,-13.889225
493,-13.712561,-13.709539,-13.888853
494,-13.710098,-13.710681,-13.890321
495,-13.709810,-13.710931,-13.897698
496,-13.710636,-13.711554,-13.891613
497,-13.710737,-13.712464,-13.891360
498,-13.713916,-13.712063,-13.885239
499,-13.708567,-13.710180,-13.887747
500,-13.710851,-13.709571,-13.888195
501,-13.712554,-13.710626,-13.889747
502,-13.712730,-13.710177,-13.891439
503,-13.711083,-13.713906,-13.892254
504,-13.714166,-13.714050,-13.890231
505,-13.716741,-13.712921,-13.892590
506,-13.716632,-13.712757,-13.893318
507,-13.713915,-13.712004,-13.892302
508,-13.713477,-13.713551,-13.892417
509,-13.711486,-13.714277,-13.893204
510,-13.712554,-13.712415,-13.893469
511,-13.709514,-13.715841,-13.893470
512,-13.713588,-13.715620,-13.892476
513,-13.718156,-13.716333,-13.889239
514,-13.718295,-13.713039,-13.886873
515,-13.720117,-13.712471,-13.883785
516,-13.720024,-13.711661,-13.888233
517,-13.721098,-13.714359,-13.887658
518,-13.719994,-13.715575,-13.890603
519,-13.721576,-13.714028,-13.889957
520,-13.723153,-13.714922,-13.886911
521,-13.724518,-13.718657,-13.888107
522,-13.727711,-13.718241,-13.887948
523,-13.729053,-13.721164,-13.889002
524,-13.730295,-13.720581,-13.888952
525,-13.731323,-13.722462,-13.882320
526,-13.730113,-13.723915,-13.884642
527,-13.731011,-13.727718,-13.887232
528,-13.727357,-13.727467,-13.887469
529,-13.728616,-13.728923,-13.886738
530,-13.730740,-13.728261,-13.895829
531,-13.731753,-13.728969,-13.891153
532,-13.732008,-13.728034,-13.885907
533,-13.733115,-13.725628,-13.885635
534,-13.733717,-13.724379,-13.889372
535,-13.732148,-13.721098,-13.889855
536,-13.730381,-13.722319,-13.890792
537,-13.735047,-13.721087,-13.886687
538,-13.737311,-13.721769,-13.884743
539,-13.738155,-13.721375,-13.883121
540,-13.738406,-13.721147,-13.886633
541,-13.739459,-13.722578,-13.890187
542,-13.739950,-13.723742,-13.887837
543,-13.740640,-13.726180,-13.889317
544,-13.743077,-13.728937,-13.884069
545,-13.740531,-13.730463,-13.890302
546,-13.740343,-13.732223,-13.885753
547,-13.737445,-13.729738,-13.885770
548,-13.736878,-13.729135,-13.886138
549,-13.735074,-13.727725,-13.886367
550,-13.736561,-13.726566,-13.881574
551,-13.736779,-13.729573,-13.881992
552,-13.735395,-13.727988,-13.881519
553,-13.736454,-13.728298,-13.883171
554,-13.734129,-13.727225,-13.885150
555,-13.734551,-13.730217,-13.887100
556,-13.731419,-13.729450,-13.886543
557,-13.733212,-13.730854,-13.886436
558,-13.734864,-13.727613,-13.884343
559,-13.733596,-13.724631,-13.886769
560,-13.731304,-13.729207,-13.887558
561,-13.732874,-13.730405,-13.884573
562,-13.736220,-13.734050,-13.885799
563,-13.735241,-13.735932,-13.885940
564,-13.732783,-13.735749,-13.885357
565,-13.734527,-13.734259,-13.885954
566,-13.736947,-13.736373,-13.883871
567,-13.739476,-13.737768,-13.886726
568,-13.737910,-13.735713,-13.885312
569,-13.737606,-13.737833,-13.887610
570,-13.739647,-13.739073,-13.884714
571,-13.740669,-13.737747,-13.886490
572,-13.740434,-13.735961,-13.883941
573,-13.738304,-13.738335,-13.888162
574,-13.737876,-13.734714,-13.891801
575,-13.738169,-13.734205,-13.896009
576,-13.737255,-13.740241,-13.893303
577,-13.737995,-13.737499,-13.887971
578,-13.738291,-13.736986,-13.888862
579,-13.741827,-13.736446,-13.893402
580,-13.744054,-13.737556,-13.892400
581,-13.741183,-13.739732,-13.887377
582,-13.740490,-13.742672,-13.886577
583,-13.743235,-13.743194,-13.892267
584,-13.749008,-13.746263,-13.890388
585,-13.746530,-13.743577,-13.894240
586,-13.751721,-13.745070,-13.893633
587,-13.753074,-13.747327,-13.892303
588,-13.749891,-13.744042,-13.890236
589,-13.739982,-13.738700,-13.888418
590,-13.744450,-13.742233,-13.890781
591,-13.746514,-13.740281,-13.891782
592,-13.743196,-13.740388,-13.890724
593,-13.741229,-13.741772,-13.890472
594,-13.739733,-13.740848,-13.890937
595,-13.742066,-13.742650,-13.896637
596,-13.746218,-13.745425,-13.894435
597,-13.748230,-13.746308,-13.893181
598,-13.752935,-13.744637,-13.892822
599,-13.749585,-13.744842,-13.890983
600,-13.750348,-13.744564,-13.891226
601,-13.749209,-13.742392,-13.893253
602,-13.745096,-13.744907,-13.890339
603,-13.743112,-13.744151,-13.888517
604,-13.747000,-13.740920,-13.888224
605,-13.749980,-13.739894,-13.886231
606,-13.749158,-13.743589,-13.885320
607,-13.751666,-13.743874,-13.884602
608,-13.754209,-13.744685,-13.889743
609,-13.756961,-13.744128,-13.892663
610,-13.753801,-13.743146,-13.892140
611,-13.754870,-13.744234,-13.895143
612,-13.751303,-13.744097,-13.887221
613,-13.751679,-13.744353,-13.891054
614,-13.751159,-13.744250,-13.893249
615,-13.750868,-13.745468,-13.892014
616,-13.750793,-13.743450,-13.896635
617,-13.748562,-13.743091,-13.897711
618,-13.747448,-13.741288,-13.902316
619,-13.750759,-13.740125,-13.901037
620,-13.752581,-13.738883,-13.901655
621,-13.749160,-13.737905,-13.901788
622,-13.750575,-13.737787,-13.906311
623,-13.754202,-13.739585,-13.905683
624,-13.754101,-13.740936,-13.903340
625,-13.755020,-13.742092,-13.900556
626,-13.755328,-13.743681,-13.899389
627,-13.753662,-13.745855,-13.890369
628,-13.755267,-13.744888,-13.895977
629,-13.755809,-13.744284,-13.903065
630,-13.756673,-13.745758,-13.899996
631,-13.757376,-13.743141,-13.898252
632,-13.757693,-13.745824,-13.899353
633,-13.755117,-13.742823,-13.900079
634,-13.757717,-13.743350,-13.898526
635,-13.756764,-13.743394,-13.894225
636,-13.756835,-13.743448,-13.893433
637,-13.757408,-13.745935,-13.893521
638,-13.760032,-13.748488,-13.897505
639,-13.758337,-13.749302,-13.896521
640,-13.758724,-13.750672,-13.891546
641,-13.759981,-13.754779,-13.892123
642,-13.760616,-13.754167,-13.889304
643,-13.762318,-13.751323,-13.894706
644,-13.763578,-13.749600,-13.899053
645,-13.761089,-13.744126,-13.902017
646,-13.760676,-13.748040,-13.900808
647,-13.765076,-13.746678,-13.895235
648,-13.764098,-13.744062,-13.900590
649,-13.764386,-13.746979,-13.906235
650,-13.761795,-13.746564,-13.904531
651,-13.765347,-13.747517,-13.902504
652,-13.766243,-13.749640,-13.904839
653,-13.763074,-13.748170,-13.908958
654,-13.760289,-13.747332,-13.902946
655,-13.756332,-13.752573,-13.898573
656,-13.762195,-13.753549,-13.899991
657,-13.763152,-13.753798,-13.896698
658,-13.761524,-13.754240,-13.897537
659,-13.763828,-13.754461,-13.897568
660,-13.764627,-13.752770,-13.893415
661,-13.763683,-13.752267,-13.889903
662,-13.759760,-13.753533,-13.896712
663,-13.761133,-13.754113,-13.900222
664,-13.764660,-13.753826,-13.906679
665,-13.763349,-13.754039,-13.906676
666,-13.767206,-13.751492,-13.905974
667,-13.766318,-13.750160,-13.904237
668,-13.761211,-13.749787,-13.903175
669,-13.762401,-13.750033,-13.901613
670,-13.762103,-13.752090,-13.899949
671,-13.762078,-13.752395,-13.901570
672,-13.765409,-13.756288,-13.901048
673,-13.764838,-13.758846,-13.902298
674,-13.767277,-13.758274,-13.903486
675,-13.764027,-13.757863,-13.902124
676,-13.764659,-13.756455,-13.901350
677,-13.766975,-13.752519,-13.903415
678,-13.767111,-13.752935,-13.899653
679,-13.767117,-13.752681,-13.902612
680,-13.770654,-13.755452,-13.903027
681,-13.772030,-13.759265,-13.907742
682,-13.771431,-13.760586,-13.907759
683,-13.770340,-13.762314,-13.909755
684,-13.771375,-13.764555,-13.905056
685,-13.774249,-13.760937,-13.908460
686,-13.776735,-13.763786,-13.904810
687,-13.775314,-13.768971,-13.904511
688,-13.774584,-13.766803,-13.907432
689,-13.775175,-13.768722,-13.913873
690,-13.775016,-13.769954,-13.908807
691,-13.774859,-13.773225,-13.908103
692,-13.771965,-13.774296,-13.910940
693,-13.771835,-13.768612,-13.917426
694,-13.773599,-13.769602,-13.914442
695,-13.775487,-13.768487,-13.909974
696,-13.775252,-13.766318,-13.904934
697,-13.774522,-13.765489,-13.905962
698,-13.774227,-13.763595,-13.911729
699,-13.772522,-13.762600,-13.910135
700,-13.774593,-13.759736,-13.916542
701,-13.774797,-13.763445,-13.915332
702,-13.773057,-13.761993,-13.915140
703,-13.774900,-13.760521,-13.916638
704,-13.777179,-13.759800,-13.911589
705,-13.775012,-13.761098,-13.915257
706,-13.774041,-13.762345,-13.914785
707,-13.773541,-13.764583,-13.914120
708,-13.777536,-13.769427,-13.911147
709,-13.775378,-13.770708,-13.916190
710,-13.775946,-13.770655,-13.921422
711,-13.778126,-13.776716,-13.918902
712,-13.779937,-13.774785,-13.912259
713,-13.777495,-13.775278,-13.917190
714,-13.773697,-13.776328,-13.914393
715,-13.768343,-13.777034,-13.910432
716,-13.769790,-13.776676,-13.910568
717,-13.770878,-13.775496,-13.911469
718,-13.769363,-13.775211,-13.913393
719,-13.770030,-13.774540,-13.922905
720,-13.771250,-13.774979,-13.923753
721,-13.771094,-13.774823,-13.922268
722,-13.768871,-13.771334,-13.917117
723,-13.770309,-13.771042,-13.919715
724,-13.766460,-13.768756,-13.919451
725,-13.770504,-13.767993,-13.921341
726,-13.767817,-13.769160,-13.926038
727,-13.766717,-13.765474,-13.923783
728,-13.766354,-13.766461,-13.924381
729,-13.765609,-13.768672,-13.922292
730,-13.766245,-13.771337,-13.921481
731,-13.769255,-13.771579,-13.924771
732,-13.771891,-13.773676,-13.921431
733,-13.772666,-13.774445,-13.921638
734,-13.773612,-13.775318,-13.923973
735,-13.773420,-13.776747,-13.924438
736,-13.775474,-13.778988,-13.926116
737,-13.772993,-13.777633,-13.923483
738,-13.769466,-13.774124,-13.929081
739,-13.768646,-13.775736,-13.928508
740,-13.768182,-13.772715,-13.925041
741,-13.771300,-13.773246,-13.921845
742,-13.771671,-13.773417,-13.925754
743,-13.772691,-13.773111,-13.924019
744,-13.772234,-13.772352,-13.925471
745,-13.775166,-13.773307,-13.923416
746,-13.777357,-13.770771,-13.923775
747,-13.775964,-13.771393,-13.915757
748,-13.773606,-13.769864,-13.917780
749,-13.772046,-13.770523,-13.917247
750,-13.773573,-13.770105,-13.913856
751,-13.776071,-13.771603,-13.916601
752,-13.775104,-13.768384,-13.913131
753,-13.772723,-13.768575,-13.916634
754,-13.772890,-13.767326,-13.913655
755,-13.771061,-13.773088,-13.916575
756,-13.769220,-13.771387,-13.916550
757,-13.766923,-13.773601,-13.919454
758,-13.767665,-13.774239,-13.925597
759,-13.771689,-13.776127,-13.917737
760,-13.774787,-13.774459,-13.917086
761,-13.775512,-13.773973,-13.919679
762,-13.774712,-13.773027,-13.920988
763,-13.773708,-13.775668,-13.922546
764,-13.772684,-13.775810,-13.920253
765,-13.772675,-13.777024,-13.919824
766,-13.776005,-13.778166,-13.918411
767,-13.776609,-13.775890,-13.915733
768,-13.779063,-13.775643,-13.918937
769,-13.780501,-13.776482,-13.924459
770,-13.778514,-13.774429,-13.916977
771,-13.780352,-13.775230,-13.916622
772,-13.779809,-13.772689,-13.918299
773,-13.776966,-13.771388,-13.917110
774,-13.775844,-13.773928,-13.921855
775,-13.779357,-13.769418,-13.921927
776,-13.777525,-13.772968,-13.919611
777,-13.773933,-13.775685,-13.924299
778,-13.772885,-13.776740,-13.928110
779,-13.775036,-13.777725,-13.926605
780,-13.773354,-13.776942,-13.924014
781,-13.772381,-13.776636,-13.922331
782,-13.774844,-13.776908,-13.918170
783,-13.779119,-13.776664,-13.924667
784,-13.779482,-13.776573,-13.928483
785,-13.777743,-13.777249,-13.925291
786,-13.776852,-13.778980,-13.922009
787,-13.777146,-13.780433,-13.926818
788,-13.776991,-13.780273,-13.931767
789,-13.777922,-13.780972,-13.928919
790,-13.780132,-13.776736,-13.924396
791,-13.782359,-13.776154,-13.932071
792,-13.784755,-13.773658,-13.928244
793,-13.787336,-13.773304,-13.926744
794,-13.788652,-13.772953,-13.929744
795,-13.787571,-13.775393,-13.928345
796,-13.789476,-13.775351,-13.931606
797,-13.785432,-13.773161,-13.931701
798,-13.786393,-13.772218,-13.927178
799,-13.785001,-13.772023,-13.925621
800,-13.788267,-13.772068,-13.928402
801,-13.784030,-13.769060,-13.932593
802,-13.783400,-13.770604,-13.932746
803,-13.784353,-13.769968,-13.925853
804,-13.787424,-13.770217,-13.924214
805,-13.785976,-13.770817,-13.929264
806,-13.784660,-13.770867,-13.937302
807,-13.785245,-13.772177,-13.939511
808,-13.782752,-13.772452,-13.933787
809,-13.785430,-13.770174,-13.932772
810,-13.789873,-13.773574,-13.933784
811,-13.787677,-13.773348,-13.935419
812,-13.790894,-13.771310,-13.931497
813,-13.793580,-13.771566,-13.934190
814,-13.793685,-13.772319,-13.934573
815,-13.795088,-13.774181,-13.937654
816,-13.793030,-13.775306,-13.933722
817,-13.792508,-13.777580,-13.932976
818,-13.793803,-13.777867,-13.932018
819,-13.790325,-13.777581,-13.930024
820,-13.789563,-13.776697,-13.927844
821,-13.790147,-13.774800,-13.930140
822,-13.788665,-13.775289,-13.926695
823,-13.790376,-13.776667,-13.923002
824,-13.792260,-13.775802,-13.929618
825,-13.790628,-13.777470,-13.930716
826,-13.789391,-13.778371,-13.930184
827,-13.788950,-13.780194,-13.932848
828,-13.791207,-13.780157,-13.928836
829,-13.792801,-13.779036,-13.932523
830,-13.791883,-13.777288,-13.933587
831,-13.794053,-13.778039,-13.926184
832,-13.792304,-13.776048,-13.923925
833,-13.792699,-13.773428,-13.928872
834,-13.788149,-13.775137,-13.922411
835,-13.788300,-13.780084,-13.923146
836,-13.787603,-13.778669,-13.923121
837,-13.791217,-13.783100,-13.926244
838,-13.788523,-13.779911,-13.934991
839,-13.787740,-13.776237,-13.934036
840,-13.784510,-13.779871,-13.937652
841,-13.784908,-13.774860,-13.933803
842,-13.784145,-13.775292,-13.935641
843,-13.785615,-13.773198,-13.933728
844,-13.783131,-13.771623,-13.934876
845,-13.784709,-13.772073,-13.928639
846,-13.785453,-13.773020,-13.934282
847,-13.784676,-13.772391,-13.936871
848,-13.785123,-13.774612,-13.934357
849,-13.785063,-13.775365,-13.933223
850,-13.783341,-13.776501,-13.929604
851,-13.784945,-13.774392,-13.926795
852,-13.786316,-13.777655,-13.932057
853,-13.785808,-13.776698,-13.930829
854,-13.783780,-13.778611,-13.929458
855,-13.783631,-13.780601,-13.935286
856,-13.783656,-13.778755,-13.936156
857,-13.780362,-13.780899,-13.938889
858,-13.778430,-13.779155,-13.939999
859,-13.778684,-13.779345,-13.944074
860,-13.776958,-13.779655,-13.942692
861,-13.780568,-13.779266,-13.942453
862,-13.783430,-13.781778,-13.940311
863,-13.783456,-13.778909,-13.934927
864,-13.787522,-13.781149,-13.932686
865,-13.787146,-13.783683,-13.934632
866,-13.785838,-13.784353,-13.938987
867,-13.786958,-13.785921,-13.933882
868,-13.789018,-13.785738,-13.939133
869,-13.787911,-13.783360,-13.941285
870,-13.786792,-13.782319,-13.942022
871,-13.786082,-13.781849,-13.936069
872,-13.786290,-13.782184,-13.931839
873,-13.786354,-13.787205,-13.939073
874,-13.787434,-13.783151,-13.934452
875,-13.788186,-13.783577,-13.939716
876,-13.791945,-13.780523,-13.938399
877,-13.793709,-13.778003,-13.940190
878,-13.798365,-13.776945,-13.943849
879,-13.800886,-13.778282,-13.940112
880,-13.797795,-13.778990,-13.942084
881,-13.797814,-13.783854,-13.935343
882,-13.796547,-13.785156,-13.935050
883,-13.796324,-13.781513,-13.940342
884,-13.794579,-13.782915,-13.939454
885,-13.794439,-13.781878,-13.934312
886,-13.793756,-13.784760,-13.936615
887,-13.796203,-13.781399,-13.943141
888,-13.793517,-13.782054,-13.935153
889,-13.797677,-13.781380,-13.933467
890,-13.795683,-13.780984,-13.932385
891,-13.794229,-13.778137,-13.932346
892,-13.790657,-13.781244,-13.932649
893,-13.787748,-13.780270,-13.933680
894,-13.788826,-13.782220,-13.930878
895,-13.787600,-13.782410,-13.932152
896,-13.789540,-13.785557,-13.930707
897,-13.789380,-13.786230,-13.938154
898,-13.794195,-13.789452,-13.940536
899,-13.794409,-13.790954,-13.936675
900,-13.789890,-13.790024,-13.941664
901,-13.793169,-13.790381,-13.941811
902,-13.795339,-13.788934,-13.934368
903,-13.794009,-13.787097,-13.932877
904,-13.794868,-13.787246,-13.936389
905,-13.796000,-13.788786,-13.938843
906,-13.794566,-13.787120,-13.937265
907,-13.795549,-13.790309,-13.932222
908,-13.798002,-13.788829,-13.935885
909,-13.794366,-13.787775,-13.935192
910,-13.792740,-13.789083,-13.935450
911,-13.792263,-13.788996,-13.936468
912,-13.795908,-13.792192,-13.942968
913,-13.794814,-13.790852,-13.941011
914,-13.793053,-13.787617,-13.942991
915,-13.791174,-13.786751,-13.942421
916,-13.793499,-13.785936,-13.938387
917,-13.794156,-13.787513,-13.938975
918,-13.795280,-13.783564,-13.941842
919,-13.797006,-13.782183,-13.948077
920,-13.796327,-13.779880,-13.938541
921,-13.799629,-13.780138,-13.932689
922,-13.800149,-13.781156,-13.930358
923,-13.801771,-13.780321,-13.931795
924,-13.801324,-13.780018,-13.934475
925,-13.803611,-13.782734,-13.932313
926,-13.801387,-13.784428,-13.934071
927,-13.801407,-13.785562,-13.931318
928,-13.801393,-13.783114,-13.934083
929,-13.801986,-13.782021,-13.932073
930,-13.801902,-13.781595,-13.938341
931,-13.802817,-13.784895,-13.932951
932,-13.800985,-13.783414,-13.931033
933,-13.798746,-13.784640,-13.930231
934,-13.798064,-13.785410,-13.927250
935,-13.797817,-13.780808,-13.930472
936,-13.804454,-13.784668,-13.930905
937,-13.803732,-13.780690,-13.925343
938,-13.803351,-13.779376,-13.926289
939,-13.804369,-13.777928,-13.923795
940,-13.803148,-13.778975,-13.923847
941,-13.799070,-13.776263,-13.921736
942,-13.797907,-13.780676,-13.918914
943,-13.795187,-13.783270,-13.920403
944,-13.796268,-13.783339,-13.921009
945,-13.794283,-13.779383,-13.921985
946,-13.792937,-13.780971,-13.926356
947,-13.792715,-13.784261,-13.921996
948,-13.790068,-13.785929,-13.923815
949,-13.791450,-13.783453,-13.928734
950,-13.788776,-13.785565,-13.932262
951,-13.790554,-13.784845,-13.925578
952,-13.793709,-13.785319,-13.924669
953,-13.792182,-13.784185,-13.926334
954,-13.792817,-13.783508,-13.924197
955,-13.792738,-13.781989,-13.928678
956,-13.792947,-13.782873,-13.923237
957,-13.797258,-13.782216,-13.922137
958,-13.797736,-13.783553,-13.923712
959,-13.795498,-13.783995,-13.922853
960,-13.799540,-13.786014,-13.922158
961,-13.797507,-13.786232,-13.924839
962,-13.800853,-13.785342,-13.927935
963,-13.799304,-13.782398,-13.928262
964,-13.800358,-13.785304,-13.931297
965,-13.801348,-13.785511,-13.928839
966,-13.802539,-13.787876,-13.927710
967,-13.802255,-13.785888,-13.929893
968,-13.800756,-13.786769,-13.938069
969,-13.802094,-13.789446,-13.940165
970,-13.802377,-13.791068,-13.935048
971,-13.800809,-13.790952,-13.933954
972,-13.800535,-13.790692,-13.924538
973,-13.801912,-13.788349,-13.922388
974,-13.801826,-13.789537,-13.918266
975,-13.801650,-13.790660,-13.923146
976,-13.801624,-13.789392,-13.927833
977,-13.803188,-13.793146,-13.931360
978,-13.803293,-13.794677,-13.933714
979,-13.801934,-13.795189,-13.932461
980,-13.802247,-13.791988,-13.934030
981,-13.798034,-13.790100,-13.931454
982,-13.799747,-13.789047,-13.927073
983,-13.801697,-13.788837,-13.931654
984,-13.803395,-13.789952,-13.924485
985,-13.803353,-13.786467,-13.927042
986,-13.797472,-13.785764,-13.927570
987,-13.800382,-13.786754,-13.921901
988,-13.798945,-13.789545,-13.924195
989,-13.799022,-13.792301,-13.925115
990,-13.800452,-13.790901,-13.925949
991,-13.798986,-13.786371,-13.921002
992,-13.800460,-13.783761,-13.922999
993,-13.801763,-13.784358,-13.923039
994,-13.804839,-13.784741,-13.919157
995,-13.801604,-13.779375,-13.923122
996,-13.800743,-13.779895,-13.924347
997,-13.799901,-13.780459,-13.922397
998,-13.799327,-13.782570,-13.925649
999,-13.801590,-13.784202,-13.921790
1000,-13.800869,-13.779939,-13.922941
