Epoch,beta_max/4,beta_max,4beta_max
1,-18.462212,-19.815365,-79.020991
2,-18.456842,-19.702543,-73.498123
3,-18.451122,-19.590880,-69.057045
4,-18.445288,-19.487990,-65.322363
5,-18.438997,-19.389427,-62.211024
6,-18.432505,-19.294840,-59.385006
7,-18.425518,-19.205203,-56.866416
8,-18.418161,-19.124468,-54.519526
9,-18.410504,-19.045482,-52.397647
10,-18.402163,-18.965890,-50.485841
11,-18.393287,-18.888157,-48.663874
12,-18.384110,-18.815106,-46.984884
13,-18.374209,-18.746141,-45.433733
14,-18.364094,-18.677674,-44.045316
15,-18.353095,-18.613340,-42.718852
16,-18.341633,-18.552560,-41.498960
17,-18.329735,-18.495156,-40.263662
18,-18.317099,-18.433837,-39.152029
19,-18.303931,-18.379005,-38.120633
20,-18.290244,-18.326481,-37.167751
21,-18.275636,-18.273239,-36.220336
22,-18.260131,-18.222143,-35.403799
23,-18.243357,-18.173596,-34.580684
24,-18.225889,-18.127272,-33.812620
25,-18.208018,-18.082117,-33.089994
26,-18.189498,-18.037945,-32.387291
27,-18.169440,-17.995692,-31.742734
28,-18.148236,-17.956430,-31.129586
29,-18.126864,-17.917543,-30.533411
30,-18.104793,-17.878622,-29.990366
31,-18.081514,-17.841794,-29.470028
32,-18.056908,-17.804838,-28.939062
33,-18.033059,-17.769254,-28.454569
34,-18.008784,-17.735617,-28.001102
35,-17.983570,-17.703922,-27.556972
36,-17.957795,-17.669372,-27.128281
37,-17.931199,-17.637850,-26.737248
38,-17.904613,-17.607157,-26.377845
39,-17.877317,-17.577782,-26.011786
40,-17.852031,-17.548085,-25.666204
41,-17.826472,-17.521392,-25.334310
42,-17.799437,-17.496018,-25.014007
43,-17.772429,-17.471798,-24.710013
44,-17.745484,-17.449058,-24.421825
45,-17.720433,-17.427214,-24.148491
46,-17.693867,-17.405196,-23.888941
47,-17.668942,-17.383680,-23.635374
48,-17.644452,-17.363477,-23.384717
49,-17.619838,-17.343829,-23.148373
50,-17.597639,-17.324785,-22.922161
51,-17.573469,-17.306835,-22.706800
52,-17.551256,-17.289782,-22.495719
53,-17.527468,-17.272468,-22.303221
54,-17.505887,-17.255802,-22.123323
55,-17.485470,-17.239852,-21.942670
56,-17.466402,-17.223347,-21.765498
57,-17.446486,-17.207567,-21.598305
58,-17.428794,-17.193279,-21.432232
59,-17.409482,-17.178463,-21.281790
60,-17.394652,-17.164279,-21.128495
61,-17.378236,-17.150448,-20.981954
62,-17.363468,-17.137195,-20.841733
63,-17.348870,-17.124096,-20.713195
64,-17.333582,-17.112728,-20.586601
65,-17.320220,-17.099717,-20.459440
66,-17.306567,-17.087343,-20.336046
67,-17.294096,-17.074716,-20.214294
68,-17.282234,-17.061986,-20.105339
69,-17.270767,-17.050580,-20.000501
70,-17.259082,-17.039411,-19.895568
71,-17.248232,-17.028279,-19.797533
72,-17.239214,-17.017382,-19.696761
73,-17.228392,-17.006738,-19.597635
74,-17.219311,-16.994919,-19.500268
75,-17.210148,-16.984091,-19.415459
76,-17.201220,-16.973910,-19.329609
77,-17.193127,-16.964369,-19.247481
78,-17.185164,-16.954690,-19.173846
79,-17.176398,-16.945065,-19.091327
80,-17.169394,-16.936138,-19.016083
81,-17.160879,-16.927041,-18.946241
82,-17.153268,-16.917701,-18.870137
83,-17.145875,-16.908474,-18.798061
84,-17.138749,-16.900294,-18.731348
85,-17.132432,-16.891569,-18.665165
86,-17.126214,-16.882615,-18.599914
87,-17.119887,-16.874668,-18.536644
88,-17.113857,-16.867047,-18.472024
89,-17.108222,-16.858599,-18.410920
90,-17.102103,-16.850044,-18.353068
91,-17.096376,-16.842504,-18.297610
92,-17.090974,-16.834345,-18.242821
93,-17.085520,-16.826904,-18.189502
94,-17.079716,-16.819018,-18.139147
95,-17.073966,-16.811423,-18.086737
96,-17.068064,-16.803978,-18.038207
97,-17.062198,-16.796929,-17.991718
98,-17.056543,-16.789836,-17.944091
99,-17.050738,-16.782346,-17.899696
100,-17.045054,-16.775571,-17.854349
101,-17.039424,-16.769106,-17.810783
102,-17.033967,-16.762547,-17.770742
103,-17.028496,-16.756125,-17.728060
104,-17.023089,-16.749734,-17.693508
105,-17.017132,-16.742924,-17.658087
106,-17.011999,-16.736238,-17.618924
107,-17.006893,-16.730500,-17.582609
108,-17.001395,-16.724142,-17.547319
109,-16.996091,-16.717007,-17.511583
110,-16.990710,-16.710452,-17.479122
111,-16.985518,-16.704326,-17.443856
112,-16.980424,-16.698301,-17.413643
113,-16.974999,-16.692451,-17.381510
114,-16.969372,-16.686543,-17.349385
115,-16.963766,-16.681076,-17.319092
116,-16.957940,-16.674634,-17.289780
117,-16.952306,-16.669255,-17.261186
118,-16.946563,-16.663111,-17.229922
119,-16.941117,-16.656834,-17.201436
120,-16.935721,-16.651110,-17.173518
121,-16.930438,-16.644911,-17.147739
122,-16.925367,-16.639690,-17.121237
123,-16.920157,-16.633778,-17.096422
124,-16.915080,-16.627996,-17.072382
125,-16.909932,-16.622611,-17.048905
126,-16.904722,-16.617578,-17.023608
127,-16.899455,-16.612396,-17.000373
128,-16.894201,-16.606852,-16.976918
129,-16.888963,-16.601726,-16.953076
130,-16.883586,-16.597316,-16.930030
131,-16.878363,-16.592216,-16.908631
132,-16.873488,-16.586675,-16.889677
133,-16.868633,-16.581937,-16.865780
134,-16.863272,-16.576368,-16.846182
135,-16.858709,-16.571431,-16.825567
136,-16.853990,-16.566455,-16.807370
137,-16.849381,-16.561299,-16.789946
138,-16.844213,-16.556514,-16.771483
139,-16.839592,-16.551663,-16.753337
140,-16.834439,-16.547119,-16.735507
141,-16.829581,-16.542002,-16.717929
142,-16.824395,-16.537184,-16.703010
143,-16.819022,-16.532328,-16.686545
144,-16.814300,-16.527544,-16.668794
145,-16.809399,-16.522713,-16.652170
146,-16.804231,-16.518039,-16.635917
147,-16.799463,-16.512979,-16.620970
148,-16.794869,-16.508611,-16.604733
149,-16.790038,-16.504286,-16.589986
150,-16.785651,-16.499818,-16.575595
151,-16.780965,-16.495470,-16.559317
152,-16.775948,-16.491126,-16.545216
153,-16.771142,-16.486558,-16.532144
154,-16.766568,-16.482491,-16.519718
155,-16.761648,-16.478259,-16.505574
156,-16.757292,-16.473994,-16.491899
157,-16.753232,-16.469612,-16.478004
158,-16.748665,-16.465135,-16.464942
159,-16.744225,-16.460641,-16.451908
160,-16.739965,-16.456289,-16.439929
161,-16.736073,-16.451932,-16.427839
162,-16.731731,-16.447673,-16.417035
163,-16.727565,-16.443490,-16.404772
164,-16.723244,-16.439269,-16.393710
165,-16.719204,-16.435264,-16.381627
166,-16.715423,-16.431272,-16.372672
167,-16.711485,-16.427154,-16.359638
168,-16.707377,-16.423001,-16.347933
169,-16.703141,-16.418284,-16.336334
170,-16.698702,-16.414598,-16.323886
171,-16.694407,-16.410791,-16.313280
172,-16.689776,-16.406632,-16.302342
173,-16.685497,-16.403190,-16.291253
174,-16.681150,-16.398543,-16.280763
175,-16.676618,-16.394772,-16.269452
176,-16.672696,-16.391061,-16.260381
177,-16.668514,-16.386961,-16.250823
178,-16.664899,-16.383089,-16.241756
179,-16.660926,-16.378809,-16.232073
180,-16.656623,-16.375295,-16.223239
181,-16.652679,-16.370989,-16.215661
182,-16.649158,-16.367347,-16.206930
183,-16.645272,-16.363199,-16.198271
184,-16.641683,-16.359079,-16.188084
185,-16.638325,-16.355005,-16.180557
186,-16.634416,-16.351411,-16.171995
187,-16.630736,-16.348022,-16.164533
188,-16.627172,-16.343290,-16.155273
189,-16.623888,-16.339122,-16.148383
190,-16.619960,-16.335411,-16.140791
191,-16.616204,-16.331855,-16.132995
192,-16.612541,-16.327840,-16.125064
193,-16.608651,-16.323944,-16.116357
194,-16.605057,-16.320522,-16.107700
195,-16.601747,-16.316841,-16.101266
196,-16.597765,-16.313165,-16.092689
197,-16.593969,-16.309719,-16.084878
198,-16.589894,-16.305776,-16.078961
199,-16.586584,-16.302690,-16.071734
200,-16.582832,-16.298611,-16.064408
201,-16.578965,-16.295301,-16.056623
202,-16.575452,-16.291990,-16.048779
203,-16.571679,-16.288812,-16.042221
204,-16.568163,-16.285202,-16.035225
205,-16.564581,-16.281517,-16.027952
206,-16.561224,-16.277961,-16.021194
207,-16.557551,-16.274041,-16.014345
208,-16.554937,-16.270145,-16.005495
209,-16.551759,-16.266977,-15.998737
210,-16.548250,-16.263801,-15.992893
211,-16.545191,-16.259589,-15.986716
212,-16.541748,-16.256313,-15.980111
213,-16.538229,-16.252462,-15.974304
214,-16.535280,-16.249231,-15.968297
215,-16.531574,-16.245310,-15.962291
216,-16.528026,-16.242249,-15.956969
217,-16.524447,-16.238206,-15.951111
218,-16.520907,-16.234332,-15.945521
219,-16.517318,-16.230544,-15.940093
220,-16.513661,-16.227685,-15.934878
221,-16.510599,-16.224474,-15.930405
222,-16.507556,-16.220602,-15.925307
223,-16.504251,-16.217602,-15.919853
224,-16.501146,-16.214390,-15.912917
225,-16.498143,-16.211289,-15.908515
226,-16.494570,-16.207950,-15.902600
227,-16.491260,-16.204861,-15.897378
228,-16.487646,-16.201250,-15.890637
229,-16.484397,-16.197657,-15.885352
230,-16.481348,-16.194154,-15.880156
231,-16.478201,-16.190581,-15.874872
232,-16.474721,-16.187261,-15.870405
233,-16.471626,-16.183311,-15.866376
234,-16.468598,-16.179858,-15.860654
235,-16.465424,-16.176533,-15.856158
236,-16.462294,-16.173586,-15.851062
237,-16.459130,-16.170396,-15.844807
238,-16.455768,-16.167395,-15.838557
239,-16.453063,-16.163673,-15.834388
240,-16.450073,-16.160553,-15.829739
241,-16.446942,-16.156831,-15.825985
242,-16.444530,-16.153689,-15.821101
243,-16.441562,-16.150537,-15.816871
244,-16.438442,-16.146957,-15.813133
245,-16.434827,-16.143381,-15.809079
246,-16.431811,-16.140105,-15.804408
247,-16.428324,-16.136725,-15.799876
248,-16.425679,-16.134058,-15.794814
249,-16.422741,-16.130667,-15.790975
250,-16.419757,-16.127388,-15.786829
251,-16.416708,-16.124339,-15.781593
252,-16.413866,-16.121040,-15.777464
253,-16.410956,-16.117610,-15.772744
254,-16.407733,-16.114678,-15.768092
255,-16.404492,-16.111907,-15.764436
256,-16.401190,-16.108516,-15.760027
257,-16.398096,-16.105267,-15.756376
258,-16.395246,-16.102160,-15.752736
259,-16.391989,-16.099291,-15.749097
260,-16.388827,-16.096160,-15.745154
261,-16.385817,-16.092793,-15.740838
262,-16.382986,-16.089503,-15.736488
263,-16.379561,-16.086445,-15.733081
264,-16.376624,-16.083141,-15.729568
265,-16.373696,-16.079797,-15.725509
266,-16.370319,-16.076663,-15.722377
267,-16.367003,-16.073520,-15.717889
268,-16.364108,-16.071066,-15.714431
269,-16.361367,-16.067890,-15.711163
270,-16.357909,-16.064515,-15.707372
271,-16.354898,-16.061966,-15.703982
272,-16.351832,-16.058832,-15.699803
273,-16.348775,-16.055727,-15.696181
274,-16.345804,-16.052529,-15.693344
275,-16.343277,-16.050054,-15.688567
276,-16.340606,-16.047335,-15.685465
277,-16.337241,-16.043970,-15.681763
278,-16.334453,-16.040909,-15.678496
279,-16.330845,-16.038030,-15.673601
280,-16.327631,-16.035550,-15.670248
281,-16.325106,-16.032792,-15.667388
282,-16.322802,-16.029591,-15.662797
283,-16.319884,-16.026883,-15.658594
284,-16.316695,-16.024437,-15.655015
285,-16.313657,-16.021148,-15.651303
286,-16.310327,-16.018068,-15.648181
287,-16.307132,-16.015266,-15.645257
288,-16.304140,-16.012194,-15.641295
289,-16.301166,-16.008532,-15.638344
290,-16.298217,-16.005577,-15.635182
291,-16.295268,-16.002525,-15.632317
292,-16.292424,-15.999951,-15.629219
293,-16.289581,-15.996920,-15.625975
294,-16.286600,-15.993558,-15.623994
295,-16.283438,-15.990491,-15.619189
296,-16.280073,-15.987452,-15.616411
297,-16.277389,-15.984503,-15.612707
298,-16.274496,-15.982008,-15.609041
299,-16.271309,-15.979074,-15.605939
300,-16.268291,-15.976112,-15.601858
301,-16.265616,-15.973406,-15.598544
302,-16.262757,-15.970241,-15.594025
303,-16.259784,-15.967543,-15.591017
304,-16.257025,-15.964423,-15.587676
305,-16.254091,-15.961618,-15.584009
306,-16.251299,-15.958573,-15.582292
307,-16.248610,-15.955850,-15.579930
308,-16.245744,-15.953450,-15.576257
309,-16.242336,-15.950562,-15.573610
310,-16.239367,-15.947593,-15.570014
311,-16.236320,-15.945146,-15.567927
312,-16.232843,-15.941856,-15.565339
313,-16.229792,-15.938525,-15.561582
314,-16.227325,-15.935742,-15.558176
315,-16.224770,-15.932288,-15.555566
316,-16.221755,-15.929451,-15.552867
317,-16.218698,-15.927329,-15.551834
318,-16.215606,-15.923974,-15.549945
319,-16.212304,-15.921276,-15.546766
320,-16.209262,-15.918539,-15.544421
321,-16.206151,-15.915567,-15.540722
322,-16.203396,-15.912798,-15.537818
323,-16.200371,-15.909541,-15.534662
324,-16.197766,-15.906511,-15.531895
325,-16.195133,-15.903348,-15.528397
326,-16.192262,-15.900459,-15.526068
327,-16.189240,-15.897701,-15.523063
328,-16.186777,-15.895546,-15.519292
329,-16.183492,-15.893088,-15.516312
330,-16.180841,-15.890043,-15.513240
331,-16.178240,-15.887962,-15.511269
332,-16.174964,-15.885702,-15.508613
333,-16.171858,-15.882981,-15.506831
334,-16.168814,-15.879710,-15.503704
335,-16.165521,-15.876597,-15.500512
336,-16.162368,-15.873598,-15.499757
337,-16.159510,-15.870829,-15.496957
338,-16.156475,-15.867703,-15.495420
339,-16.154044,-15.864932,-15.492396
340,-16.151449,-15.862246,-15.489093
341,-16.148898,-15.859213,-15.486031
342,-16.145846,-15.856976,-15.482727
343,-16.142674,-15.854802,-15.480633
344,-16.139680,-15.852123,-15.478649
345,-16.137030,-15.849142,-15.476692
346,-16.134170,-15.846395,-15.474553
347,-16.131156,-15.843238,-15.470807
348,-16.128424,-15.840812,-15.468989
349,-16.125549,-15.838328,-15.467313
350,-16.122707,-15.835000,-15.465047
351,-16.119657,-15.832236,-15.462858
352,-16.116888,-15.829537,-15.461200
353,-16.113710,-15.826997,-15.457779
354,-16.110833,-15.824529,-15.454835
355,-16.108024,-15.821278,-15.452253
356,-16.105120,-15.818761,-15.449788
357,-16.101930,-15.816324,-15.447804
358,-16.098530,-15.813430,-15.445734
359,-16.095684,-15.810081,-15.444367
360,-16.092887,-15.807294,-15.441950
361,-16.090248,-15.804346,-15.438652
362,-16.088004,-15.801307,-15.436778
363,-16.085157,-15.798928,-15.433914
364,-16.082536,-15.796336,-15.431603
365,-16.079747,-15.794050,-15.428771
366,-16.077279,-15.791267,-15.425734
367,-16.074299,-15.789101,-15.424246
368,-16.071842,-15.786884,-15.422498
369,-16.069383,-15.783582,-15.420628
370,-16.066208,-15.780829,-15.418844
371,-16.063318,-15.778384,-15.416575
372,-16.060734,-15.776222,-15.415151
373,-16.057829,-15.773710,-15.412532
374,-16.054713,-15.770787,-15.410420
375,-16.051896,-15.768485,-15.408075
376,-16.049295,-15.766477,-15.405453
377,-16.046653,-15.763141,-15.404140
378,-16.043580,-15.760289,-15.402458
379,-16.040909,-15.757762,-15.401031
380,-16.037375,-15.755122,-15.398894
381,-16.034534,-15.752299,-15.396560
382,-16.031641,-15.750153,-15.394476
383,-16.028953,-15.747714,-15.390489
384,-16.026278,-15.744878,-15.388395
385,-16.023901,-15.742733,-15.387026
386,-16.021064,-15.740083,-15.386145
387,-16.018497,-15.737172,-15.384397
388,-16.015474,-15.734376,-15.381807
389,-16.012763,-15.731851,-15.379800
390,-16.009983,-15.729454,-15.378884
391,-16.007612,-15.727354,-15.377455
392,-16.004709,-15.724884,-15.375176
393,-16.002236,-15.722043,-15.373420
394,-15.999347,-15.719555,-15.371660
395,-15.996728,-15.716635,-15.368785
396,-15.994073,-15.714328,-15.366765
397,-15.991313,-15.711154,-15.365722
398,-15.988567,-15.708679,-15.363794
399,-15.986175,-15.706410,-15.361557
400,-15.983659,-15.703843,-15.358666
401,-15.981385,-15.701861,-15.355318
402,-15.978738,-15.699171,-15.353404
403,-15.975912,-15.696765,-15.352465
404,-15.973320,-15.693956,-15.349267
405,-15.970294,-15.691403,-15.345796
406,-15.967576,-15.688856,-15.343509
407,-15.965303,-15.686690,-15.341690
408,-15.962551,-15.683951,-15.339137
409,-15.959666,-15.681437,-15.337804
410,-15.956428,-15.679154,-15.335929
411,-15.954248,-15.676782,-15.333656
412,-15.951602,-15.674117,-15.331598
413,-15.949035,-15.671636,-15.329383
414,-15.946397,-15.669053,-15.328173
415,-15.943418,-15.667032,-15.327029
416,-15.941137,-15.664728,-15.324430
417,-15.938420,-15.662571,-15.322468
418,-15.935675,-15.659759,-15.321902
419,-15.933237,-15.657519,-15.320663
420,-15.930492,-15.655618,-15.317676
421,-15.928056,-15.653398,-15.314669
422,-15.925169,-15.651357,-15.314200
423,-15.921625,-15.649295,-15.313107
424,-15.918627,-15.647064,-15.310482
425,-15.916012,-15.644159,-15.310335
426,-15.913611,-15.641652,-15.308849
427,-15.910868,-15.639129,-15.307976
428,-15.908297,-15.636898,-15.306832
429,-15.906203,-15.635038,-15.305120
430,-15.904173,-15.633199,-15.304343
431,-15.901193,-15.630621,-15.302696
432,-15.898463,-15.628163,-15.301068
433,-15.896230,-15.625490,-15.299675
434,-15.893360,-15.623136,-15.299206
435,-15.891411,-15.620281,-15.296489
436,-15.888301,-15.618211,-15.295616
437,-15.885401,-15.615270,-15.293144
438,-15.883030,-15.613119,-15.289509
439,-15.880479,-15.610933,-15.287204
440,-15.877929,-15.608912,-15.285079
441,-15.875554,-15.606898,-15.283911
442,-15.873012,-15.604740,-15.281937
443,-15.870653,-15.602490,-15.279544
444,-15.868458,-15.600615,-15.277641
445,-15.865842,-15.598407,-15.277632
446,-15.863450,-15.595849,-15.276329
447,-15.860656,-15.593176,-15.274069
448,-15.858206,-15.590866,-15.272087
449,-15.855854,-15.588550,-15.271052
450,-15.852894,-15.586445,-15.268245
451,-15.850456,-15.584200,-15.266419
452,-15.848282,-15.581862,-15.264307
453,-15.845944,-15.579415,-15.262487
454,-15.843278,-15.576929,-15.261549
455,-15.840924,-15.574212,-15.260089
456,-15.838375,-15.571563,-15.257728
457,-15.836042,-15.569375,-15.256784
458,-15.833863,-15.567289,-15.255298
459,-15.831479,-15.564634,-15.252921
460,-15.828752,-15.562233,-15.253619
461,-15.826089,-15.560067,-15.252704
462,-15.823405,-15.558287,-15.249685
463,-15.821228,-15.555814,-15.247906
464,-15.818429,-15.553724,-15.245585
465,-15.815852,-15.552001,-15.243198
466,-15.813276,-15.550029,-15.242225
467,-15.810860,-15.547818,-15.240410
468,-15.808045,-15.545994,-15.238202
469,-15.805614,-15.543754,-15.236925
470,-15.803568,-15.541494,-15.235550
471,-15.800646,-15.538919,-15.233890
472,-15.798091,-15.536002,-15.231237
473,-15.795186,-15.533638,-15.229502
474,-15.791997,-15.531386,-15.228576
475,-15.790112,-15.528762,-15.227119
476,-15.787707,-15.526512,-15.225229
477,-15.785138,-15.523958,-15.222243
478,-15.782873,-15.522064,-15.221878
479,-15.780224,-15.519502,-15.219578
480,-15.777643,-15.517056,-15.218061
481,-15.774965,-15.514659,-15.215939
482,-15.772200,-15.512479,-15.214879
483,-15.770170,-15.510783,-15.212791
484,-15.767684,-15.509443,-15.209756
485,-15.765607,-15.507343,-15.206837
486,-15.762858,-15.505309,-15.205323
487,-15.760955,-15.503236,-15.204119
488,-15.758890,-15.501407,-15.203840
489,-15.756325,-15.499519,-15.202517
490,-15.754299,-15.497870,-15.201233
491,-15.751701,-15.495905,-15.199897
492,-15.749188,-15.493485,-15.197867
493,-15.746303,-15.491209,-15.196389
494,-15.744178,-15.489983,-15.195596
495,-15.741832,-15.487889,-15.194404
496,-15.739245,-15.486026,-15.194202
497,-15.737230,-15.484353,-15.191472
498,-15.734406,-15.482198,-15.189966
499,-15.731778,-15.480102,-15.189874
500,-15.729327,-15.478766,-15.188992
501,-15.727440,-15.476251,-15.188319
502,-15.725376,-15.474401,-15.186146
503,-15.722963,-15.471969,-15.184525
504,-15.720710,-15.469928,-15.183069
505,-15.718886,-15.467327,-15.182300
506,-15.715973,-15.465153,-15.180045
507,-15.713937,-15.463571,-15.177525
508,-15.711689,-15.461684,-15.173580
509,-15.709244,-15.459641,-15.173166
510,-15.706773,-15.457369,-15.171881
511,-15.704751,-15.455196,-15.171858
512,-15.702311,-15.453071,-15.168926
513,-15.700853,-15.450739,-15.166538
514,-15.698448,-15.448765,-15.166134
515,-15.695825,-15.447041,-15.164000
516,-15.693682,-15.445147,-15.162467
517,-15.691607,-15.442408,-15.162374
518,-15.689280,-15.440497,-15.161689
519,-15.687020,-15.438259,-15.159814
520,-15.684677,-15.435630,-15.159044
521,-15.681657,-15.433240,-15.156307
522,-15.679422,-15.431039,-15.154612
523,-15.676930,-15.429354,-15.153319
524,-15.675554,-15.427648,-15.152401
525,-15.673375,-15.425644,-15.152563
526,-15.671210,-15.422995,-15.152521
527,-15.668593,-15.421091,-15.153150
528,-15.666109,-15.419008,-15.152117
529,-15.663509,-15.417295,-15.150977
530,-15.661514,-15.415365,-15.150882
531,-15.659343,-15.413323,-15.148950
532,-15.656911,-15.411051,-15.148270
533,-15.654683,-15.409172,-15.146769
534,-15.652572,-15.407166,-15.144675
535,-15.650508,-15.405262,-15.142395
536,-15.648307,-15.403749,-15.139956
537,-15.645714,-15.401409,-15.137936
538,-15.643464,-15.399120,-15.135699
539,-15.640841,-15.397052,-15.133871
540,-15.638314,-15.395082,-15.132641
541,-15.635652,-15.392981,-15.131493
542,-15.633107,-15.390924,-15.129104
543,-15.631369,-15.389173,-15.127671
544,-15.629762,-15.387646,-15.126769
545,-15.627263,-15.386086,-15.125875
546,-15.625028,-15.384706,-15.125758
547,-15.622489,-15.382319,-15.124337
548,-15.620458,-15.379984,-15.123759
549,-15.618406,-15.378323,-15.123352
550,-15.615939,-15.376085,-15.120888
551,-15.612970,-15.373883,-15.119436
552,-15.610859,-15.372235,-15.116164
553,-15.608991,-15.370424,-15.115516
554,-15.606654,-15.368633,-15.113638
555,-15.603936,-15.367219,-15.112671
556,-15.601660,-15.365298,-15.111462
557,-15.599066,-15.363860,-15.110995
558,-15.597216,-15.361639,-15.109985
559,-15.594988,-15.359841,-15.108221
560,-15.592796,-15.358009,-15.107012
561,-15.590812,-15.356752,-15.105541
562,-15.588700,-15.355077,-15.104308
563,-15.586516,-15.353597,-15.102489
564,-15.584742,-15.351340,-15.101699
565,-15.582359,-15.350140,-15.101149
566,-15.580322,-15.348613,-15.099042
567,-15.577669,-15.346211,-15.099260
568,-15.575663,-15.344245,-15.100099
569,-15.574148,-15.342314,-15.099225
570,-15.572117,-15.341133,-15.099412
571,-15.569708,-15.338527,-15.098976
572,-15.568076,-15.336116,-15.097688
573,-15.565473,-15.334264,-15.095998
574,-15.563328,-15.332629,-15.096998
575,-15.561253,-15.331455,-15.093960
576,-15.558720,-15.329246,-15.091994
577,-15.556251,-15.327396,-15.091137
578,-15.554402,-15.325295,-15.091767
579,-15.551958,-15.323123,-15.090234
580,-15.550201,-15.321725,-15.088538
581,-15.548651,-15.320089,-15.088388
582,-15.546536,-15.317879,-15.085397
583,-15.545169,-15.316215,-15.083532
584,-15.542425,-15.314117,-15.082045
585,-15.540198,-15.311429,-15.082031
586,-15.538175,-15.309288,-15.080012
587,-15.536311,-15.307959,-15.078835
588,-15.534595,-15.306863,-15.077198
589,-15.533128,-15.304036,-15.075180
590,-15.531643,-15.302352,-15.072447
591,-15.529626,-15.300745,-15.071015
592,-15.527565,-15.299149,-15.070508
593,-15.524897,-15.297111,-15.070017
594,-15.522693,-15.295817,-15.068248
595,-15.520570,-15.294852,-15.068313
596,-15.518385,-15.293217,-15.067621
597,-15.516426,-15.291521,-15.066426
598,-15.514466,-15.289777,-15.066465
599,-15.512161,-15.287459,-15.064643
600,-15.510168,-15.284859,-15.063859
601,-15.508630,-15.283071,-15.062761
602,-15.506446,-15.281302,-15.062440
603,-15.503726,-15.279812,-15.060858
604,-15.501367,-15.277553,-15.060294
605,-15.499729,-15.275774,-15.057933
606,-15.497012,-15.274169,-15.057669
607,-15.495358,-15.271506,-15.058292
608,-15.493267,-15.269695,-15.056218
609,-15.491824,-15.267142,-15.055421
610,-15.489151,-15.265565,-15.053993
611,-15.487555,-15.263363,-15.051563
612,-15.485349,-15.261681,-15.049261
613,-15.483403,-15.259947,-15.048957
614,-15.481545,-15.259584,-15.046572
615,-15.480255,-15.257961,-15.045726
616,-15.477447,-15.255916,-15.044195
617,-15.476157,-15.253996,-15.044457
618,-15.474226,-15.252880,-15.043604
619,-15.471438,-15.250717,-15.042046
620,-15.469778,-15.248744,-15.041809
621,-15.467636,-15.247761,-15.041661
622,-15.465467,-15.246029,-15.040011
623,-15.464078,-15.244700,-15.039039
624,-15.462224,-15.243033,-15.037828
625,-15.459632,-15.241036,-15.037860
626,-15.457247,-15.239843,-15.037051
627,-15.455306,-15.237755,-15.036534
628,-15.453420,-15.235642,-15.036018
629,-15.451723,-15.234847,-15.035398
630,-15.449932,-15.232973,-15.035719
631,-15.447984,-15.231219,-15.034692
632,-15.446177,-15.230049,-15.033417
633,-15.443763,-15.227925,-15.032144
634,-15.441575,-15.225767,-15.032350
635,-15.439685,-15.224365,-15.032127
636,-15.438268,-15.222898,-15.034528
637,-15.436838,-15.220829,-15.032200
638,-15.434774,-15.218815,-15.032499
639,-15.432275,-15.216876,-15.030288
640,-15.430484,-15.215800,-15.030470
641,-15.428757,-15.214377,-15.027811
642,-15.427153,-15.212657,-15.026733
643,-15.425830,-15.211111,-15.025353
644,-15.423876,-15.208915,-15.023276
645,-15.422874,-15.206946,-15.021318
646,-15.420728,-15.205287,-15.019106
647,-15.419259,-15.203845,-15.019335
648,-15.417312,-15.203148,-15.018676
649,-15.415912,-15.201529,-15.016579
650,-15.413403,-15.200535,-15.015567
651,-15.411353,-15.199333,-15.013696
652,-15.410087,-15.198235,-15.010902
653,-15.408049,-15.196996,-15.010041
654,-15.406214,-15.195045,-15.009516
655,-15.404351,-15.192909,-15.008294
656,-15.401728,-15.190810,-15.007521
657,-15.399532,-15.189852,-15.005922
658,-15.398124,-15.189146,-15.004600
659,-15.395925,-15.186914,-15.003437
660,-15.394150,-15.185905,-15.002945
661,-15.391731,-15.183973,-15.002148
662,-15.390475,-15.182476,-15.000224
663,-15.388116,-15.180531,-14.999013
664,-15.386810,-15.179191,-14.997544
665,-15.385053,-15.178319,-14.995939
666,-15.382782,-15.177172,-14.993582
667,-15.381871,-15.176142,-14.992742
668,-15.380932,-15.174145,-14.991921
669,-15.379037,-15.172975,-14.990965
670,-15.378025,-15.171762,-14.990700
671,-15.375960,-15.169398,-14.990555
672,-15.374351,-15.168300,-14.988587
673,-15.372707,-15.166483,-14.987531
674,-15.370574,-15.163992,-14.986975
675,-15.368724,-15.163074,-14.986013
676,-15.367014,-15.162176,-14.985417
677,-15.365006,-15.160588,-14.984024
678,-15.363768,-15.159448,-14.982728
679,-15.361554,-15.158819,-14.983373
680,-15.359679,-15.157686,-14.982053
681,-15.357340,-15.154946,-14.979629
682,-15.355867,-15.153251,-14.979542
683,-15.354598,-15.151777,-14.979729
684,-15.352936,-15.150710,-14.978570
685,-15.351562,-15.149756,-14.978144
686,-15.349550,-15.148841,-14.978102
687,-15.347579,-15.147722,-14.976435
688,-15.345178,-15.146816,-14.976705
689,-15.343439,-15.144925,-14.974488
690,-15.342065,-15.144128,-14.974286
691,-15.341127,-15.142343,-14.973897
692,-15.339523,-15.141125,-14.974034
693,-15.337965,-15.139848,-14.974825
694,-15.336220,-15.138162,-14.973972
695,-15.334098,-15.136241,-14.971670
696,-15.332864,-15.135162,-14.968925
697,-15.331283,-15.133131,-14.968059
698,-15.329252,-15.132419,-14.966893
699,-15.327429,-15.130767,-14.964914
700,-15.325504,-15.129185,-14.962338
701,-15.323965,-15.127666,-14.961487
702,-15.322064,-15.125877,-14.961392
703,-15.321260,-15.124069,-14.960107
704,-15.319620,-15.121584,-14.957795
705,-15.318053,-15.120845,-14.956425
706,-15.316172,-15.119252,-14.955932
707,-15.314390,-15.118349,-14.955054
708,-15.313226,-15.116270,-14.956274
709,-15.310883,-15.114713,-14.954493
710,-15.308977,-15.114047,-14.953989
711,-15.307605,-15.112674,-14.951923
712,-15.305900,-15.111303,-14.952360
713,-15.304838,-15.109822,-14.951445
714,-15.302511,-15.108359,-14.950637
715,-15.301051,-15.107323,-14.948828
716,-15.300122,-15.106105,-14.946789
717,-15.298716,-15.104268,-14.945401
718,-15.297179,-15.103812,-14.945406
719,-15.294877,-15.102948,-14.944446
720,-15.293389,-15.101302,-14.943704
721,-15.291858,-15.100123,-14.943364
722,-15.290844,-15.098096,-14.942574
723,-15.289410,-15.097324,-14.941263
724,-15.287118,-15.095923,-14.942203
725,-15.285643,-15.095228,-14.942501
726,-15.283831,-15.094513,-14.940769
727,-15.282083,-15.093125,-14.939866
728,-15.280445,-15.091772,-14.940317
729,-15.278787,-15.090091,-14.939471
730,-15.277326,-15.088215,-14.938991
731,-15.276099,-15.086183,-14.938707
732,-15.275481,-15.084227,-14.936929
733,-15.274683,-15.082910,-14.935906
734,-15.273493,-15.080619,-14.936266
735,-15.271707,-15.078766,-14.934478
736,-15.269924,-15.077309,-14.934806
737,-15.268715,-15.076950,-14.933926
738,-15.266656,-15.075636,-14.932769
739,-15.265225,-15.072328,-14.930774
740,-15.263986,-15.071575,-14.931134
741,-15.262408,-15.069994,-14.930611
742,-15.261277,-15.069069,-14.930974
743,-15.260060,-15.068065,-14.929450
744,-15.258494,-15.066804,-14.927286
745,-15.257400,-15.065763,-14.926311
746,-15.255874,-15.064216,-14.925796
747,-15.254108,-15.063047,-14.925293
748,-15.251703,-15.061647,-14.923857
749,-15.250440,-15.060713,-14.922062
750,-15.248453,-15.059191,-14.921262
751,-15.246989,-15.057150,-14.919136
752,-15.244757,-15.055872,-14.920743
753,-15.243957,-15.054247,-14.920269
754,-15.242841,-15.053820,-14.920157
755,-15.240784,-15.051840,-14.919066
756,-15.239216,-15.050805,-14.918160
757,-15.238309,-15.049584,-14.919202
758,-15.237280,-15.048231,-14.917237
759,-15.236698,-15.046163,-14.916733
760,-15.235108,-15.045025,-14.916945
761,-15.233340,-15.043736,-14.916518
762,-15.232261,-15.042236,-14.915496
763,-15.230326,-15.041044,-14.915744
764,-15.228851,-15.038983,-14.913198
765,-15.227151,-15.038214,-14.913160
766,-15.225411,-15.036353,-14.912758
767,-15.224469,-15.035629,-14.913582
768,-15.222375,-15.034425,-14.912464
769,-15.220521,-15.033040,-14.910570
770,-15.218733,-15.032406,-14.909486
771,-15.217429,-15.031940,-14.909683
772,-15.215857,-15.031576,-14.909889
773,-15.213281,-15.030348,-14.908248
774,-15.211298,-15.028954,-14.906147
775,-15.209350,-15.028151,-14.905391
776,-15.207160,-15.025244,-14.904685
777,-15.206581,-15.023232,-14.903471
778,-15.204920,-15.021809,-14.902534
779,-15.203359,-15.020960,-14.900474
780,-15.201688,-15.018483,-14.899084
781,-15.200210,-15.017770,-14.898179
782,-15.198775,-15.016419,-14.895990
783,-15.198321,-15.015975,-14.896612
784,-15.197091,-15.014424,-14.895144
785,-15.195564,-15.013999,-14.892755
786,-15.194335,-15.012679,-14.890956
787,-15.192764,-15.011063,-14.889107
788,-15.191605,-15.010340,-14.888800
789,-15.190476,-15.009267,-14.888469
790,-15.189658,-15.007621,-14.887297
791,-15.189055,-15.005785,-14.888403
792,-15.187973,-15.003832,-14.886711
793,-15.186595,-15.003189,-14.886770
794,-15.184818,-15.002897,-14.885038
795,-15.184280,-15.001766,-14.882843
796,-15.182319,-14.999950,-14.881397
797,-15.181588,-14.998788,-14.879933
798,-15.180347,-14.998014,-14.878573
799,-15.178815,-14.997276,-14.878543
800,-15.178599,-14.996682,-14.877125
801,-15.177026,-14.995558,-14.877668
802,-15.175147,-14.995438,-14.876239
803,-15.173835,-14.994757,-14.875039
804,-15.172471,-14.993140,-14.875137
805,-15.171089,-14.991894,-14.873716
806,-15.169926,-14.991061,-14.872739
807,-15.168623,-14.989709,-14.872460
808,-15.168004,-14.988986,-14.871871
809,-15.167766,-14.987873,-14.870848
810,-15.166151,-14.986843,-14.869857
811,-15.165115,-14.985001,-14.868899
812,-15.163426,-14.983285,-14.868590
813,-15.161205,-14.983357,-14.867698
814,-15.159317,-14.981151,-14.867979
815,-15.157193,-14.980075,-14.870502
816,-15.155662,-14.979137,-14.869706
817,-15.154797,-14.978205,-14.868538
818,-15.153880,-14.976756,-14.867530
819,-15.152433,-14.975873,-14.866240
820,-15.152013,-14.973210,-14.865349
821,-15.150676,-14.971871,-14.863807
822,-15.149595,-14.969979,-14.862569
823,-15.147936,-14.968870,-14.861495
824,-15.146208,-14.967001,-14.860861
825,-15.145827,-14.965880,-14.859302
826,-15.144678,-14.964165,-14.859411
827,-15.143208,-14.962776,-14.860073
828,-15.141680,-14.962312,-14.859973
829,-15.140346,-14.960476,-14.858359
830,-15.139194,-14.959279,-14.856982
831,-15.138851,-14.958588,-14.856021
832,-15.137142,-14.957468,-14.855489
833,-15.136204,-14.956685,-14.853571
834,-15.135699,-14.955647,-14.853027
835,-15.133938,-14.953099,-14.852310
836,-15.131451,-14.952149,-14.849864
837,-15.130018,-14.950054,-14.852059
838,-15.128603,-14.949357,-14.851573
839,-15.127924,-14.948576,-14.852376
840,-15.127044,-14.948427,-14.851221
841,-15.125230,-14.946202,-14.850336
842,-15.124419,-14.945151,-14.851638
843,-15.122990,-14.944189,-14.849917
844,-15.121556,-14.942570,-14.851148
845,-15.119704,-14.942379,-14.849295
846,-15.118327,-14.940623,-14.849023
847,-15.117880,-14.939250,-14.850412
848,-15.117681,-14.938307,-14.851216
849,-15.118082,-14.937332,-14.849741
850,-15.117314,-14.936446,-14.849634
851,-15.115763,-14.935562,-14.847742
852,-15.113939,-14.934455,-14.844508
853,-15.112644,-14.933318,-14.844832
854,-15.111754,-14.932675,-14.845225
855,-15.110580,-14.931657,-14.843827
856,-15.109861,-14.931789,-14.844417
857,-15.108977,-14.930648,-14.841010
858,-15.107015,-14.929181,-14.839782
859,-15.105572,-14.928988,-14.840239
860,-15.104852,-14.928099,-14.839950
861,-15.104166,-14.927636,-14.840166
862,-15.103167,-14.927142,-14.840482
863,-15.102846,-14.927033,-14.838209
864,-15.101772,-14.926783,-14.838448
865,-15.099902,-14.924210,-14.838841
866,-15.097402,-14.923693,-14.836678
867,-15.096967,-14.922720,-14.835166
868,-15.095707,-14.921156,-14.835508
869,-15.094562,-14.921060,-14.835813
870,-15.091848,-14.920767,-14.833109
871,-15.090711,-14.920166,-14.833795
872,-15.089936,-14.918396,-14.830944
873,-15.087487,-14.917835,-14.832035
874,-15.086103,-14.916815,-14.831872
875,-15.084064,-14.915561,-14.831551
876,-15.083691,-14.914313,-14.829571
877,-15.083364,-14.913849,-14.827101
878,-15.082086,-14.913196,-14.827986
879,-15.081569,-14.912692,-14.827730
880,-15.079695,-14.911482,-14.827508
881,-15.077604,-14.910700,-14.827253
882,-15.076998,-14.909732,-14.826324
883,-15.075686,-14.908724,-14.824650
884,-15.074315,-14.909277,-14.823055
885,-15.073780,-14.908568,-14.822441
886,-15.072712,-14.907590,-14.821466
887,-15.071141,-14.907183,-14.821539
888,-15.070113,-14.905863,-14.820285
889,-15.068775,-14.905603,-14.819545
890,-15.067104,-14.904244,-14.817479
891,-15.066413,-14.902677,-14.818455
892,-15.064575,-14.901307,-14.816539
893,-15.063350,-14.900599,-14.813544
894,-15.061669,-14.899271,-14.814144
895,-15.060968,-14.898880,-14.812729
896,-15.059087,-14.898730,-14.812478
897,-15.056895,-14.897214,-14.812814
898,-15.056012,-14.896881,-14.813234
899,-15.054821,-14.896765,-14.813336
900,-15.053113,-14.895596,-14.811833
901,-15.052819,-14.893694,-14.812820
902,-15.051936,-14.892062,-14.811354
903,-15.049868,-14.890572,-14.810386
904,-15.049602,-14.889822,-14.809469
905,-15.048282,-14.887903,-14.808980
906,-15.048046,-14.886626,-14.809054
907,-15.047055,-14.885263,-14.807326
908,-15.046304,-14.884541,-14.808512
909,-15.045982,-14.883665,-14.809217
910,-15.044983,-14.881471,-14.808374
911,-15.043212,-14.881752,-14.806069
912,-15.042995,-14.880994,-14.803846
913,-15.040945,-14.880894,-14.804499
914,-15.040287,-14.879637,-14.804447
915,-15.039394,-14.879319,-14.804908
916,-15.037330,-14.877773,-14.805178
917,-15.036023,-14.876770,-14.804911
918,-15.034158,-14.875081,-14.801464
919,-15.033312,-14.874221,-14.800075
920,-15.032209,-14.873962,-14.799112
921,-15.030866,-14.872988,-14.798281
922,-15.030248,-14.873015,-14.798434
923,-15.029129,-14.871962,-14.797406
924,-15.028476,-14.869039,-14.797837
925,-15.026857,-14.869441,-14.796726
926,-15.026721,-14.868540,-14.795161
927,-15.026206,-14.867449,-14.793208
928,-15.023046,-14.866806,-14.793394
929,-15.022538,-14.865005,-14.793435
930,-15.022394,-14.864772,-14.791747
931,-15.020386,-14.864210,-14.791334
932,-15.019219,-14.862910,-14.789200
933,-15.017736,-14.861236,-14.787358
934,-15.018198,-14.862057,-14.788049
935,-15.016567,-14.860474,-14.785854
936,-15.016445,-14.858546,-14.785855
937,-15.016278,-14.857221,-14.785529
938,-15.014310,-14.855248,-14.782821
939,-15.014122,-14.856415,-14.782603
940,-15.012754,-14.855750,-14.781143
941,-15.011336,-14.855183,-14.782237
942,-15.010245,-14.853468,-14.782144
943,-15.009247,-14.853438,-14.783448
944,-15.007118,-14.851404,-14.781914
945,-15.006471,-14.851316,-14.780360
946,-15.005675,-14.849253,-14.779025
947,-15.003662,-14.847724,-14.777361
948,-15.003802,-14.846638,-14.778606
949,-15.002976,-14.845219,-14.776628
950,-15.002204,-14.844159,-14.777141
951,-15.001085,-14.843297,-14.775971
952,-15.000845,-14.842075,-14.775277
953,-15.000529,-14.840423,-14.775073
954,-14.998253,-14.839015,-14.774921
955,-14.996653,-14.838528,-14.774201
956,-14.996215,-14.836499,-14.772203
957,-14.993502,-14.836491,-14.772796
958,-14.992049,-14.835779,-14.772013
959,-14.992338,-14.834540,-14.771852
960,-14.991010,-14.834384,-14.772561
961,-14.989446,-14.833986,-14.771647
962,-14.987191,-14.831620,-14.770805
963,-14.986672,-14.831741,-14.769893
964,-14.985902,-14.829876,-14.767408
965,-14.984241,-14.828747,-14.767871
966,-14.983707,-14.827515,-14.769804
967,-14.983152,-14.827600,-14.767756
968,-14.982570,-14.825681,-14.764896
969,-14.981190,-14.826261,-14.766849
970,-14.980494,-14.825923,-14.766784
971,-14.979433,-14.824842,-14.764734
972,-14.977780,-14.823269,-14.764606
973,-14.975936,-14.821696,-14.762052
974,-14.975364,-14.819132,-14.760559
975,-14.973783,-14.819213,-14.759902
976,-14.972445,-14.819133,-14.761195
977,-14.971455,-14.817553,-14.759195
978,-14.971248,-14.816399,-14.757642
979,-14.968984,-14.816485,-14.756445
980,-14.967855,-14.814878,-14.756478
981,-14.967608,-14.814524,-14.755760
982,-14.966683,-14.815205,-14.755429
983,-14.965140,-14.813276,-14.756782
984,-14.964212,-14.811927,-14.755738
985,-14.963376,-14.811545,-14.755250
986,-14.962049,-14.809961,-14.755831
987,-14.962384,-14.808768,-14.755286
988,-14.960204,-14.808306,-14.756168
989,-14.960080,-14.808709,-14.755880
990,-14.959040,-14.806668,-14.754836
991,-14.957315,-14.805975,-14.753027
992,-14.956720,-14.804814,-14.751778
993,-14.955636,-14.803682,-14.750793
994,-14.955257,-14.804126,-14.749978
995,-14.954397,-14.803398,-14.749358
996,-14.954805,-14.802525,-14.749502
997,-14.954561,-14.802773,-14.749040
998,-14.953036,-14.802835,-14.749824
999,-14.950908,-14.803065,-14.748379
1000,-14.950840,-14.801028,-14.746982
