Epoch,beta_max/4,beta_max,4beta_max
1,-18.434449,-19.823466,-138.557969
2,-18.425020,-19.679008,-124.448740
3,-18.414678,-19.545395,-113.603417
4,-18.403918,-19.418752,-104.655352
5,-18.392721,-19.303299,-97.144932
6,-18.381060,-19.191440,-90.412131
7,-18.368271,-19.088527,-84.686293
8,-18.354697,-18.991049,-79.656305
9,-18.340966,-18.898549,-75.035088
10,-18.326146,-18.807615,-70.881634
11,-18.310512,-18.723126,-67.215803
12,-18.293450,-18.639659,-63.917480
13,-18.276491,-18.563011,-60.912521
14,-18.258224,-18.488304,-58.183362
15,-18.237853,-18.423143,-55.702554
16,-18.217137,-18.356776,-53.375687
17,-18.196251,-18.297986,-51.261546
18,-18.173201,-18.237443,-49.252543
19,-18.149874,-18.179297,-47.383968
20,-18.125347,-18.125204,-45.614003
21,-18.099912,-18.074554,-44.006551
22,-18.074325,-18.023088,-42.512492
23,-18.045602,-17.976220,-41.090099
24,-18.016181,-17.930015,-39.836453
25,-17.987308,-17.886000,-38.602475
26,-17.957718,-17.845603,-37.474851
27,-17.928073,-17.806307,-36.376364
28,-17.896460,-17.769025,-35.347072
29,-17.863425,-17.732767,-34.432499
30,-17.831122,-17.699582,-33.549637
31,-17.797684,-17.667614,-32.732268
32,-17.764805,-17.635802,-31.933375
33,-17.731290,-17.604248,-31.169228
34,-17.698961,-17.573558,-30.487087
35,-17.666082,-17.544679,-29.830773
36,-17.633645,-17.519296,-29.206929
37,-17.602151,-17.494813,-28.601815
38,-17.570643,-17.471732,-28.049004
39,-17.539805,-17.447668,-27.531677
40,-17.511403,-17.424636,-27.019619
41,-17.482906,-17.402077,-26.557816
42,-17.456473,-17.382199,-26.102864
43,-17.434078,-17.363894,-25.696420
44,-17.409725,-17.344931,-25.289605
45,-17.389885,-17.326212,-24.909258
46,-17.370438,-17.308357,-24.546974
47,-17.349799,-17.290791,-24.190040
48,-17.329984,-17.271740,-23.878091
49,-17.314003,-17.254659,-23.552332
50,-17.299615,-17.238484,-23.259135
51,-17.282851,-17.222628,-22.980957
52,-17.268284,-17.208264,-22.703443
53,-17.252604,-17.191973,-22.443045
54,-17.238890,-17.177766,-22.209839
55,-17.226767,-17.163412,-21.982280
56,-17.212566,-17.148308,-21.747681
57,-17.201654,-17.134499,-21.534195
58,-17.192498,-17.121773,-21.336899
59,-17.182932,-17.109022,-21.147108
60,-17.175292,-17.096194,-20.952954
61,-17.166086,-17.083732,-20.779289
62,-17.156511,-17.071739,-20.602400
63,-17.148789,-17.059718,-20.436560
64,-17.142058,-17.047067,-20.282530
65,-17.134515,-17.035814,-20.130168
66,-17.126611,-17.024888,-19.982748
67,-17.118858,-17.014436,-19.844964
68,-17.110977,-17.003163,-19.715887
69,-17.103142,-16.993096,-19.582612
70,-17.096201,-16.982599,-19.460729
71,-17.089183,-16.972051,-19.347949
72,-17.082677,-16.961939,-19.231260
73,-17.076336,-16.952457,-19.114822
74,-17.069907,-16.943233,-19.012609
75,-17.063620,-16.933084,-18.913574
76,-17.056711,-16.923798,-18.815213
77,-17.050943,-16.915255,-18.722457
78,-17.044298,-16.906779,-18.631090
79,-17.038029,-16.897175,-18.540533
80,-17.032074,-16.889156,-18.454479
81,-17.024987,-16.880312,-18.369743
82,-17.019266,-16.872440,-18.285474
83,-17.012871,-16.863655,-18.210654
84,-17.006584,-16.855035,-18.135941
85,-17.000142,-16.847456,-18.062652
86,-16.994403,-16.839340,-17.989833
87,-16.988785,-16.830974,-17.923231
88,-16.982236,-16.823415,-17.856794
89,-16.976220,-16.814781,-17.798163
90,-16.971224,-16.807035,-17.739316
91,-16.965040,-16.799619,-17.685945
92,-16.958656,-16.792061,-17.631598
93,-16.952820,-16.784471,-17.580927
94,-16.946250,-16.776933,-17.531040
95,-16.940488,-16.768740,-17.477974
96,-16.935091,-16.760811,-17.426406
97,-16.930321,-16.753762,-17.379260
98,-16.924604,-16.746725,-17.331138
99,-16.918897,-16.740017,-17.281030
100,-16.912955,-16.732908,-17.239143
101,-16.907571,-16.725950,-17.196481
102,-16.901954,-16.719314,-17.153426
103,-16.895783,-16.713034,-17.115714
104,-16.889953,-16.706989,-17.073579
105,-16.884778,-16.700278,-17.033508
106,-16.879048,-16.694155,-16.995766
107,-16.873809,-16.688533,-16.960335
108,-16.868731,-16.682146,-16.924582
109,-16.863645,-16.675749,-16.893975
110,-16.858747,-16.670433,-16.862340
111,-16.853248,-16.664243,-16.831729
112,-16.848343,-16.658149,-16.797229
113,-16.843101,-16.652394,-16.765248
114,-16.838383,-16.645919,-16.735118
115,-16.833363,-16.639581,-16.709397
116,-16.828890,-16.633527,-16.681559
117,-16.823842,-16.628313,-16.653598
118,-16.819868,-16.622666,-16.622382
119,-16.814322,-16.616870,-16.599517
120,-16.809931,-16.611409,-16.571569
121,-16.806184,-16.605311,-16.547789
122,-16.801604,-16.600107,-16.520907
123,-16.797276,-16.594639,-16.499627
124,-16.792531,-16.588592,-16.473988
125,-16.788274,-16.583345,-16.447675
126,-16.783724,-16.578323,-16.424442
127,-16.779450,-16.573364,-16.405508
128,-16.775321,-16.567961,-16.385444
129,-16.771544,-16.562987,-16.364405
130,-16.767199,-16.557194,-16.345317
131,-16.763280,-16.552164,-16.323984
132,-16.759322,-16.546737,-16.302713
133,-16.755059,-16.541196,-16.282000
134,-16.750791,-16.536742,-16.262524
135,-16.746834,-16.531517,-16.245205
136,-16.742645,-16.526638,-16.227795
137,-16.739099,-16.521997,-16.210987
138,-16.734769,-16.517276,-16.196341
139,-16.730740,-16.512212,-16.178234
140,-16.726689,-16.506590,-16.161112
141,-16.723507,-16.501966,-16.146926
142,-16.719964,-16.497350,-16.131470
143,-16.716629,-16.492054,-16.116522
144,-16.713152,-16.487056,-16.101705
145,-16.709751,-16.482845,-16.086344
146,-16.705828,-16.478636,-16.072628
147,-16.702070,-16.473580,-16.058073
148,-16.697883,-16.468848,-16.045153
149,-16.694628,-16.463807,-16.030646
150,-16.690633,-16.459198,-16.017524
151,-16.686634,-16.454875,-16.003106
152,-16.682374,-16.450487,-15.991148
153,-16.678443,-16.445886,-15.978652
154,-16.675111,-16.442120,-15.965190
155,-16.671260,-16.437037,-15.952712
156,-16.667746,-16.432132,-15.943749
157,-16.663943,-16.427534,-15.933254
158,-16.660769,-16.423492,-15.920778
159,-16.656488,-16.419006,-15.908865
160,-16.653307,-16.414768,-15.897861
161,-16.649795,-16.410992,-15.886157
162,-16.646174,-16.406950,-15.876190
163,-16.642902,-16.402548,-15.863909
164,-16.639371,-16.398135,-15.852493
165,-16.635441,-16.392813,-15.842320
166,-16.632037,-16.388166,-15.828984
167,-16.628856,-16.383515,-15.821494
168,-16.625359,-16.378938,-15.811370
169,-16.621991,-16.374634,-15.801534
170,-16.618690,-16.370322,-15.792640
171,-16.615231,-16.366291,-15.782518
172,-16.612025,-16.361719,-15.773789
173,-16.609132,-16.357439,-15.764386
174,-16.605786,-16.353181,-15.755834
175,-16.602542,-16.348717,-15.745147
176,-16.599101,-16.344843,-15.735095
177,-16.595936,-16.340401,-15.726450
178,-16.593053,-16.336592,-15.717868
179,-16.589830,-16.332163,-15.709816
180,-16.586264,-16.328285,-15.701046
181,-16.583155,-16.324214,-15.692005
182,-16.579867,-16.320825,-15.683833
183,-16.576322,-16.317142,-15.674331
184,-16.572668,-16.313921,-15.668318
185,-16.569602,-16.309857,-15.661473
186,-16.566218,-16.305570,-15.654788
187,-16.563373,-16.301617,-15.646945
188,-16.559803,-16.297420,-15.641221
189,-16.557037,-16.292984,-15.634236
190,-16.553831,-16.289041,-15.625452
191,-16.550711,-16.284721,-15.619212
192,-16.547425,-16.280833,-15.611519
193,-16.544019,-16.276937,-15.604862
194,-16.540738,-16.272799,-15.596471
195,-16.537005,-16.269045,-15.588340
196,-16.533885,-16.265502,-15.582086
197,-16.530754,-16.261765,-15.574007
198,-16.527722,-16.258368,-15.568452
199,-16.524896,-16.254270,-15.561146
200,-16.522052,-16.250381,-15.556148
201,-16.518850,-16.246522,-15.549458
202,-16.515510,-16.242310,-15.544368
203,-16.512202,-16.238740,-15.537839
204,-16.508493,-16.234926,-15.531310
205,-16.505150,-16.231395,-15.525622
206,-16.502146,-16.227062,-15.518102
207,-16.498757,-16.223789,-15.512172
208,-16.495551,-16.219510,-15.504709
209,-16.492375,-16.216228,-15.499108
210,-16.489134,-16.212824,-15.493496
211,-16.486318,-16.209002,-15.486296
212,-16.483046,-16.205190,-15.482240
213,-16.480165,-16.201337,-15.475790
214,-16.476788,-16.197265,-15.469863
215,-16.473658,-16.193963,-15.465292
216,-16.470777,-16.190401,-15.460533
217,-16.467880,-16.186546,-15.454838
218,-16.464821,-16.183217,-15.450238
219,-16.461590,-16.179192,-15.446354
220,-16.458599,-16.175350,-15.442792
221,-16.454623,-16.172162,-15.438764
222,-16.451364,-16.167894,-15.433273
223,-16.447991,-16.163547,-15.428714
224,-16.444890,-16.159890,-15.424061
225,-16.442055,-16.156541,-15.419856
226,-16.438767,-16.153006,-15.415526
227,-16.435938,-16.149388,-15.410235
228,-16.432417,-16.146209,-15.404728
229,-16.428861,-16.142863,-15.400788
230,-16.425570,-16.139071,-15.395245
231,-16.422324,-16.135681,-15.390445
232,-16.419242,-16.132057,-15.387202
233,-16.415853,-16.128303,-15.382104
234,-16.412503,-16.124923,-15.379364
235,-16.409580,-16.121237,-15.376422
236,-16.406656,-16.118068,-15.372483
237,-16.403441,-16.115269,-15.366923
238,-16.400761,-16.111326,-15.362307
239,-16.397857,-16.107886,-15.357887
240,-16.394390,-16.104190,-15.353607
241,-16.391412,-16.101073,-15.350091
242,-16.387989,-16.097665,-15.345493
243,-16.384666,-16.094291,-15.340389
244,-16.381664,-16.090332,-15.336566
245,-16.378780,-16.087157,-15.331082
246,-16.376311,-16.083648,-15.327017
247,-16.373953,-16.080826,-15.321324
248,-16.370959,-16.077534,-15.316415
249,-16.367482,-16.073995,-15.312919
250,-16.364570,-16.070822,-15.307505
251,-16.361050,-16.067578,-15.303783
252,-16.357931,-16.064514,-15.301283
253,-16.354435,-16.061561,-15.297981
254,-16.352011,-16.058179,-15.293482
255,-16.349565,-16.055065,-15.290573
256,-16.346313,-16.051162,-15.286888
257,-16.342786,-16.046965,-15.281489
258,-16.339406,-16.043222,-15.280967
259,-16.336041,-16.039715,-15.277049
260,-16.332969,-16.036514,-15.273938
261,-16.329364,-16.033576,-15.270429
262,-16.326123,-16.029990,-15.267162
263,-16.323215,-16.027592,-15.263062
264,-16.320591,-16.023112,-15.260923
265,-16.317460,-16.020013,-15.257652
266,-16.313926,-16.016902,-15.254490
267,-16.310896,-16.013807,-15.251087
268,-16.308357,-16.010468,-15.245166
269,-16.305005,-16.007243,-15.241970
270,-16.302042,-16.004182,-15.239471
271,-16.299012,-16.001672,-15.235802
272,-16.295936,-15.998818,-15.233851
273,-16.292831,-15.995658,-15.231365
274,-16.289913,-15.992414,-15.229019
275,-16.286741,-15.989169,-15.226267
276,-16.283461,-15.986366,-15.221297
277,-16.280489,-15.983644,-15.216319
278,-16.277542,-15.980273,-15.212752
279,-16.275144,-15.976833,-15.210590
280,-16.272180,-15.973365,-15.208516
281,-16.269200,-15.970021,-15.203900
282,-16.265401,-15.966768,-15.198385
283,-16.262537,-15.963888,-15.195325
284,-16.259133,-15.960500,-15.193212
285,-16.255966,-15.956955,-15.189753
286,-16.252891,-15.953627,-15.188951
287,-16.249450,-15.950262,-15.185524
288,-16.246170,-15.947479,-15.181825
289,-16.243180,-15.944178,-15.178790
290,-16.240393,-15.941304,-15.175167
291,-16.238310,-15.937955,-15.170344
292,-16.235678,-15.935605,-15.166679
293,-16.232647,-15.932285,-15.163592
294,-16.228956,-15.929650,-15.160934
295,-16.226250,-15.926826,-15.157997
296,-16.223092,-15.924250,-15.156416
297,-16.220107,-15.921344,-15.153780
298,-16.217492,-15.918002,-15.151464
299,-16.214585,-15.915424,-15.147558
300,-16.211546,-15.912218,-15.143278
301,-16.208823,-15.908759,-15.139978
302,-16.206164,-15.906163,-15.139029
303,-16.202600,-15.903316,-15.135035
304,-16.199904,-15.901012,-15.133793
305,-16.196550,-15.898167,-15.130702
306,-16.193573,-15.894747,-15.127200
307,-16.190450,-15.891586,-15.124459
308,-16.187382,-15.888192,-15.122869
309,-16.183744,-15.885432,-15.119911
310,-16.180946,-15.882368,-15.115586
311,-16.178145,-15.878601,-15.111201
312,-16.176091,-15.875151,-15.110285
313,-16.173347,-15.871305,-15.107307
314,-16.170420,-15.868214,-15.106585
315,-16.167585,-15.865258,-15.103020
316,-16.164476,-15.862420,-15.099475
317,-16.161464,-15.859193,-15.096193
318,-16.158159,-15.855867,-15.092752
319,-16.155348,-15.852756,-15.090311
320,-16.151947,-15.849673,-15.086891
321,-16.148794,-15.846700,-15.086611
322,-16.145218,-15.844222,-15.082975
323,-16.142185,-15.841874,-15.082013
324,-16.138929,-15.839246,-15.080693
325,-16.136053,-15.836265,-15.078498
326,-16.133038,-15.833140,-15.076848
327,-16.130564,-15.830857,-15.074556
328,-16.127908,-15.828262,-15.072790
329,-16.124871,-15.825420,-15.070845
330,-16.121547,-15.822592,-15.067549
331,-16.118739,-15.818996,-15.064605
332,-16.116029,-15.815880,-15.061670
333,-16.112693,-15.813901,-15.061268
334,-16.110104,-15.811145,-15.058767
335,-16.107268,-15.808409,-15.055598
336,-16.103486,-15.805210,-15.051683
337,-16.100452,-15.802901,-15.050380
338,-16.097685,-15.800557,-15.048280
339,-16.094680,-15.797925,-15.045303
340,-16.091863,-15.794926,-15.042481
341,-16.088753,-15.791899,-15.041196
342,-16.085725,-15.788941,-15.039825
343,-16.082261,-15.786088,-15.037562
344,-16.079385,-15.782773,-15.034531
345,-16.076500,-15.779954,-15.029528
346,-16.074036,-15.776866,-15.026010
347,-16.071677,-15.774586,-15.023940
348,-16.070017,-15.771386,-15.021309
349,-16.067058,-15.768677,-15.017074
350,-16.063798,-15.765858,-15.015966
351,-16.060552,-15.762415,-15.014894
352,-16.057655,-15.760199,-15.013516
353,-16.055001,-15.757353,-15.013588
354,-16.050973,-15.753874,-15.009931
355,-16.047991,-15.751293,-15.007764
356,-16.045300,-15.748598,-15.004666
357,-16.042210,-15.745923,-15.002689
358,-16.039942,-15.743120,-14.999112
359,-16.037214,-15.739894,-14.998110
360,-16.034956,-15.737221,-14.994536
361,-16.031286,-15.735011,-14.993295
362,-16.028373,-15.732661,-14.989746
363,-16.024779,-15.729945,-14.987792
364,-16.021761,-15.727004,-14.985249
365,-16.018685,-15.724303,-14.983446
366,-16.015217,-15.721953,-14.979171
367,-16.012574,-15.718942,-14.975976
368,-16.009156,-15.715959,-14.974454
369,-16.006515,-15.713536,-14.974615
370,-16.003086,-15.710954,-14.972573
371,-16.000455,-15.708323,-14.970150
372,-15.997793,-15.705836,-14.968308
373,-15.995032,-15.703189,-14.966647
374,-15.992315,-15.700589,-14.968721
375,-15.989765,-15.698214,-14.966967
376,-15.986902,-15.695701,-14.964913
377,-15.983650,-15.693068,-14.962951
378,-15.980622,-15.690383,-14.961372
379,-15.978439,-15.687042,-14.959649
380,-15.975460,-15.684604,-14.957028
381,-15.972549,-15.681953,-14.954615
382,-15.969352,-15.679462,-14.952678
383,-15.966140,-15.676828,-14.953290
384,-15.963370,-15.674837,-14.951356
385,-15.960706,-15.671800,-14.948258
386,-15.957407,-15.669770,-14.945699
387,-15.954720,-15.667417,-14.943760
388,-15.951354,-15.664858,-14.943604
389,-15.948863,-15.662375,-14.940741
390,-15.945811,-15.659778,-14.939493
391,-15.942558,-15.657568,-14.936882
392,-15.939746,-15.655379,-14.938138
393,-15.937289,-15.652801,-14.936213
394,-15.934568,-15.650087,-14.935595
395,-15.932427,-15.647613,-14.935584
396,-15.929918,-15.644878,-14.932292
397,-15.927600,-15.642500,-14.929316
398,-15.924807,-15.639814,-14.927756
399,-15.921782,-15.637526,-14.924722
400,-15.919520,-15.635038,-14.921370
401,-15.916389,-15.633054,-14.920296
402,-15.913996,-15.630734,-14.918409
403,-15.911605,-15.628659,-14.915222
404,-15.908752,-15.626233,-14.912847
405,-15.906538,-15.623526,-14.909162
406,-15.903903,-15.620692,-14.909536
407,-15.901426,-15.618180,-14.908589
408,-15.898633,-15.615293,-14.907394
409,-15.896208,-15.612776,-14.906715
410,-15.893542,-15.609877,-14.905777
411,-15.890816,-15.607685,-14.905743
412,-15.887973,-15.604956,-14.905552
413,-15.885458,-15.602089,-14.903150
414,-15.882752,-15.599262,-14.899804
415,-15.880367,-15.596537,-14.897799
416,-15.877362,-15.595020,-14.896405
417,-15.874731,-15.592877,-14.894591
418,-15.871632,-15.590183,-14.890456
419,-15.868888,-15.587769,-14.887316
420,-15.866185,-15.584380,-14.887513
421,-15.863760,-15.581609,-14.885500
422,-15.860502,-15.579032,-14.884003
423,-15.858317,-15.576343,-14.880762
424,-15.855740,-15.573587,-14.880660
425,-15.853109,-15.571322,-14.877581
426,-15.850425,-15.568615,-14.876213
427,-15.847968,-15.566184,-14.875832
428,-15.845268,-15.563252,-14.873214
429,-15.842449,-15.561166,-14.871307
430,-15.839829,-15.558871,-14.869554
431,-15.837035,-15.556602,-14.865507
432,-15.834700,-15.553690,-14.863217
433,-15.832539,-15.551085,-14.860114
434,-15.830304,-15.549085,-14.856926
435,-15.827058,-15.546776,-14.855716
436,-15.824175,-15.544527,-14.855306
437,-15.821520,-15.542192,-14.853075
438,-15.819327,-15.540208,-14.850606
439,-15.816388,-15.537684,-14.850245
440,-15.813871,-15.535669,-14.848559
441,-15.810454,-15.533021,-14.846297
442,-15.808128,-15.530993,-14.845502
443,-15.805146,-15.528427,-14.846115
444,-15.802263,-15.526575,-14.842941
445,-15.799712,-15.524210,-14.840498
446,-15.796522,-15.522074,-14.840962
447,-15.794417,-15.520165,-14.840464
448,-15.792571,-15.517836,-14.839195
449,-15.789543,-15.515417,-14.839749
450,-15.786845,-15.513193,-14.838130
451,-15.784574,-15.510695,-14.836320
452,-15.781990,-15.508186,-14.834121
453,-15.779629,-15.505073,-14.832398
454,-15.777359,-15.501953,-14.831535
455,-15.775053,-15.499766,-14.828852
456,-15.772375,-15.497201,-14.828010
457,-15.769422,-15.494597,-14.824904
458,-15.767471,-15.492144,-14.823159
459,-15.765174,-15.489789,-14.821623
460,-15.761888,-15.487526,-14.821384
461,-15.759745,-15.485380,-14.817641
462,-15.757221,-15.482769,-14.817133
463,-15.754653,-15.480783,-14.814227
464,-15.752528,-15.478431,-14.814562
465,-15.750545,-15.476356,-14.812295
466,-15.747467,-15.474366,-14.809333
467,-15.744800,-15.472146,-14.811000
468,-15.742711,-15.470197,-14.805503
469,-15.740107,-15.467580,-14.803728
470,-15.736763,-15.464816,-14.803003
471,-15.734301,-15.462258,-14.800972
472,-15.731653,-15.460699,-14.798917
473,-15.729021,-15.457289,-14.795380
474,-15.725732,-15.454612,-14.795450
475,-15.723844,-15.451993,-14.794358
476,-15.721398,-15.451069,-14.791949
477,-15.718679,-15.448486,-14.790962
478,-15.716271,-15.446166,-14.789330
479,-15.713657,-15.443808,-14.786306
480,-15.711150,-15.441484,-14.785643
481,-15.709103,-15.438813,-14.782073
482,-15.707201,-15.436304,-14.781059
483,-15.704417,-15.434038,-14.779736
484,-15.701585,-15.431433,-14.776662
485,-15.698909,-15.429061,-14.774632
486,-15.696255,-15.427304,-14.777588
487,-15.693859,-15.424759,-14.776788
488,-15.690793,-15.423448,-14.773441
489,-15.688585,-15.420041,-14.772628
490,-15.686738,-15.417689,-14.773226
491,-15.684645,-15.414640,-14.771341
492,-15.682516,-15.412922,-14.772495
493,-15.680382,-15.410565,-14.769246
494,-15.678248,-15.407970,-14.767068
495,-15.675773,-15.406046,-14.766984
496,-15.672871,-15.403331,-14.766943
497,-15.670190,-15.401203,-14.765177
498,-15.667956,-15.398951,-14.763570
499,-15.665339,-15.396494,-14.763217
500,-15.663398,-15.394245,-14.762169
501,-15.661346,-15.391516,-14.762931
502,-15.659135,-15.389443,-14.762088
503,-15.656724,-15.386926,-14.758527
504,-15.654103,-15.384927,-14.758576
505,-15.651953,-15.382475,-14.757111
506,-15.649758,-15.380267,-14.757348
507,-15.647009,-15.377826,-14.755492
508,-15.644688,-15.376377,-14.752419
509,-15.642592,-15.373655,-14.752518
510,-15.640588,-15.372260,-14.751159
511,-15.637795,-15.369866,-14.747097
512,-15.636153,-15.367592,-14.746231
513,-15.633811,-15.365279,-14.745042
514,-15.630654,-15.363529,-14.742980
515,-15.628240,-15.361687,-14.742558
516,-15.626660,-15.359290,-14.741534
517,-15.624388,-15.356826,-14.741951
518,-15.621940,-15.354953,-14.742124
519,-15.619895,-15.353425,-14.740998
520,-15.617480,-15.351627,-14.740294
521,-15.615151,-15.349561,-14.739102
522,-15.613412,-15.347516,-14.738110
523,-15.611204,-15.345170,-14.739251
524,-15.608579,-15.343747,-14.739228
525,-15.606141,-15.342445,-14.737713
526,-15.603972,-15.340408,-14.735586
527,-15.601887,-15.338377,-14.732824
528,-15.599013,-15.335763,-14.731488
529,-15.596843,-15.334046,-14.727851
530,-15.594724,-15.332667,-14.725341
531,-15.592580,-15.330781,-14.724825
532,-15.590308,-15.327844,-14.722475
533,-15.587816,-15.326332,-14.724804
534,-15.585442,-15.323123,-14.721985
535,-15.582781,-15.320804,-14.723464
536,-15.580090,-15.319536,-14.722300
537,-15.577433,-15.317342,-14.721157
538,-15.575569,-15.315596,-14.717929
539,-15.573640,-15.313988,-14.717138
540,-15.571238,-15.312268,-14.715642
541,-15.569036,-15.310532,-14.715347
542,-15.567117,-15.308000,-14.715104
543,-15.564826,-15.305977,-14.712213
544,-15.562631,-15.303709,-14.712674
545,-15.561128,-15.301683,-14.711116
546,-15.558952,-15.299974,-14.710542
547,-15.556703,-15.297903,-14.707397
548,-15.554764,-15.295339,-14.704679
549,-15.551845,-15.293384,-14.701896
550,-15.549411,-15.291527,-14.696743
551,-15.546732,-15.289167,-14.696143
552,-15.544353,-15.287176,-14.693856
553,-15.542228,-15.284929,-14.693023
554,-15.540084,-15.283097,-14.690064
555,-15.538430,-15.281216,-14.688292
556,-15.535892,-15.279165,-14.688214
557,-15.534212,-15.277286,-14.689140
558,-15.532838,-15.275642,-14.685728
559,-15.530289,-15.273758,-14.682194
560,-15.528454,-15.271562,-14.682817
561,-15.526608,-15.269989,-14.681146
562,-15.524093,-15.268740,-14.681021
563,-15.521595,-15.266811,-14.679564
564,-15.519294,-15.265169,-14.678202
565,-15.518084,-15.263148,-14.676655
566,-15.516107,-15.260890,-14.676705
567,-15.514131,-15.258317,-14.677204
568,-15.511452,-15.256419,-14.675059
569,-15.509591,-15.254438,-14.675672
570,-15.506708,-15.252389,-14.676612
571,-15.504400,-15.251145,-14.677799
572,-15.502656,-15.249173,-14.680053
573,-15.500397,-15.246963,-14.677343
574,-15.497913,-15.245014,-14.677418
575,-15.495776,-15.243012,-14.677048
576,-15.494081,-15.241341,-14.674422
577,-15.491820,-15.238741,-14.671954
578,-15.489116,-15.237588,-14.670409
579,-15.486225,-15.235477,-14.668920
580,-15.483580,-15.232716,-14.668274
581,-15.481664,-15.231367,-14.667676
582,-15.479931,-15.229554,-14.666135
583,-15.477909,-15.227345,-14.666371
584,-15.475840,-15.225784,-14.663571
585,-15.474317,-15.224064,-14.661968
586,-15.473101,-15.222144,-14.659994
587,-15.470971,-15.220533,-14.657975
588,-15.468780,-15.219129,-14.656862
589,-15.466708,-15.217672,-14.656326
590,-15.465186,-15.216116,-14.655302
591,-15.462950,-15.213892,-14.654737
592,-15.460502,-15.210933,-14.653942
593,-15.457953,-15.208921,-14.651566
594,-15.456030,-15.206758,-14.648918
595,-15.453338,-15.205152,-14.648465
596,-15.450784,-15.204415,-14.647424
597,-15.448783,-15.203071,-14.646234
598,-15.447079,-15.201319,-14.644029
599,-15.445667,-15.198742,-14.642309
600,-15.443885,-15.197240,-14.641560
601,-15.441652,-15.194725,-14.643338
602,-15.439765,-15.192833,-14.641852
603,-15.437511,-15.190376,-14.639439
604,-15.436087,-15.189045,-14.636915
605,-15.433981,-15.186418,-14.635064
606,-15.431889,-15.184566,-14.631001
607,-15.429988,-15.183146,-14.628790
608,-15.427634,-15.181334,-14.628326
609,-15.424867,-15.180069,-14.626791
610,-15.422405,-15.177836,-14.625609
611,-15.420458,-15.175934,-14.625041
612,-15.418806,-15.173867,-14.623982
613,-15.416922,-15.171893,-14.622577
614,-15.414980,-15.170753,-14.619994
615,-15.412750,-15.169228,-14.621816
616,-15.410707,-15.167442,-14.621528
617,-15.408508,-15.165113,-14.618446
618,-15.406155,-15.163430,-14.618119
619,-15.404263,-15.162617,-14.615670
620,-15.403527,-15.161124,-14.615993
621,-15.401229,-15.159538,-14.615884
622,-15.399279,-15.157629,-14.616208
623,-15.396572,-15.155486,-14.613382
624,-15.394399,-15.153514,-14.612112
625,-15.392938,-15.151184,-14.611544
626,-15.390776,-15.148329,-14.609949
627,-15.388973,-15.145407,-14.610537
628,-15.387072,-15.143846,-14.607891
629,-15.385408,-15.142280,-14.607846
630,-15.383754,-15.140337,-14.607048
631,-15.382409,-15.138935,-14.606941
632,-15.380335,-15.136115,-14.605349
633,-15.378398,-15.134245,-14.606415
634,-15.376267,-15.131760,-14.604483
635,-15.374810,-15.129902,-14.601890
636,-15.373015,-15.128451,-14.596343
637,-15.369984,-15.127189,-14.597253
638,-15.368626,-15.124234,-14.597360
639,-15.366822,-15.122849,-14.597529
640,-15.364915,-15.120563,-14.596746
641,-15.362902,-15.118748,-14.595715
642,-15.360514,-15.116607,-14.594857
643,-15.358521,-15.115354,-14.593240
644,-15.356316,-15.113015,-14.593572
645,-15.354089,-15.111551,-14.594273
646,-15.352433,-15.110854,-14.593133
647,-15.351314,-15.110694,-14.593338
648,-15.349564,-15.108982,-14.591881
649,-15.347093,-15.107046,-14.591818
650,-15.345912,-15.106377,-14.591721
651,-15.344187,-15.104567,-14.589182
652,-15.342739,-15.102670,-14.588047
653,-15.341444,-15.100895,-14.586775
654,-15.339261,-15.099485,-14.585518
655,-15.337351,-15.097662,-14.584057
656,-15.334718,-15.096987,-14.583982
657,-15.333506,-15.094796,-14.582814
658,-15.331219,-15.093335,-14.581656
659,-15.329538,-15.091824,-14.581557
660,-15.326902,-15.089927,-14.580484
661,-15.325575,-15.088659,-14.577765
662,-15.323470,-15.087035,-14.580346
663,-15.322314,-15.085716,-14.577911
664,-15.321073,-15.082878,-14.576251
665,-15.318867,-15.080923,-14.574342
666,-15.316719,-15.078659,-14.573102
667,-15.314259,-15.076884,-14.571507
668,-15.312709,-15.075464,-14.570018
669,-15.311202,-15.073346,-14.569331
670,-15.309802,-15.071670,-14.566895
671,-15.308870,-15.070549,-14.565341
672,-15.307626,-15.067785,-14.562672
673,-15.306121,-15.066118,-14.559338
674,-15.303611,-15.064497,-14.559988
675,-15.302249,-15.063122,-14.557522
676,-15.300306,-15.062226,-14.556316
677,-15.298551,-15.060476,-14.557233
678,-15.297213,-15.059272,-14.556700
679,-15.295183,-15.057898,-14.554618
680,-15.292813,-15.055868,-14.553520
681,-15.290950,-15.054391,-14.554333
682,-15.289123,-15.053300,-14.556713
683,-15.287659,-15.051740,-14.557628
684,-15.286546,-15.049681,-14.557073
685,-15.285311,-15.048088,-14.559994
686,-15.284596,-15.046522,-14.559783
687,-15.282309,-15.045082,-14.557006
688,-15.279455,-15.043893,-14.558497
689,-15.278062,-15.041481,-14.560133
690,-15.276191,-15.039616,-14.560742
691,-15.274434,-15.037813,-14.559204
692,-15.272530,-15.035791,-14.559247
693,-15.270264,-15.033422,-14.557165
694,-15.268481,-15.032676,-14.553819
695,-15.266661,-15.030303,-14.551504
696,-15.265028,-15.029069,-14.552649
697,-15.262809,-15.027412,-14.551443
698,-15.260228,-15.025940,-14.547321
699,-15.259310,-15.024447,-14.548292
700,-15.257173,-15.022614,-14.546008
701,-15.254708,-15.021614,-14.546892
702,-15.253865,-15.019853,-14.546148
703,-15.251661,-15.018575,-14.544046
704,-15.251465,-15.017544,-14.543339
705,-15.249506,-15.016479,-14.540583
706,-15.247993,-15.015441,-14.540007
707,-15.246021,-15.014185,-14.537253
708,-15.244188,-15.011777,-14.534770
709,-15.241977,-15.009457,-14.533953
710,-15.239883,-15.008771,-14.534145
711,-15.238153,-15.007402,-14.535720
712,-15.236207,-15.005375,-14.534979
713,-15.234598,-15.003290,-14.533328
714,-15.232684,-15.002629,-14.531928
715,-15.230757,-15.000841,-14.532934
716,-15.229219,-14.999519,-14.533005
717,-15.228025,-14.997766,-14.534370
718,-15.225778,-14.996402,-14.531251
719,-15.225158,-14.994661,-14.528943
720,-15.223728,-14.993348,-14.530819
721,-15.221756,-14.991835,-14.529196
722,-15.219960,-14.990109,-14.525599
723,-15.218923,-14.988098,-14.524513
724,-15.216956,-14.986944,-14.524423
725,-15.216261,-14.987220,-14.524134
726,-15.213418,-14.986222,-14.522545
727,-15.211840,-14.985016,-14.522788
728,-15.209910,-14.982977,-14.523681
729,-15.208898,-14.980910,-14.521430
730,-15.207968,-14.979308,-14.522673
731,-15.206839,-14.978044,-14.521880
732,-15.204653,-14.975322,-14.520885
733,-15.202764,-14.973166,-14.521623
734,-15.200002,-14.972571,-14.518555
735,-15.198461,-14.971026,-14.518097
736,-15.196276,-14.969186,-14.514987
737,-15.194869,-14.967055,-14.514056
738,-15.193879,-14.965039,-14.515532
739,-15.191844,-14.963840,-14.515023
740,-15.190001,-14.963373,-14.512349
741,-15.188390,-14.961378,-14.511874
742,-15.187117,-14.959018,-14.510033
743,-15.185150,-14.958514,-14.506266
744,-15.182980,-14.957724,-14.503354
745,-15.181934,-14.957856,-14.504101
746,-15.179858,-14.956626,-14.501014
747,-15.178326,-14.954660,-14.498679
748,-15.177020,-14.952724,-14.496854
749,-15.175987,-14.951609,-14.497163
750,-15.174447,-14.951080,-14.498088
751,-15.172066,-14.950272,-14.497785
752,-15.170601,-14.950165,-14.498146
753,-15.168310,-14.948067,-14.498657
754,-15.166547,-14.946617,-14.496482
755,-15.164551,-14.944524,-14.497928
756,-15.163219,-14.943035,-14.495637
757,-15.161044,-14.940606,-14.494056
758,-15.159830,-14.938393,-14.492489
759,-15.159107,-14.936449,-14.493750
760,-15.157718,-14.934589,-14.493272
761,-15.155547,-14.933409,-14.494178
762,-15.153354,-14.933456,-14.495393
763,-15.152233,-14.932493,-14.495086
764,-15.150084,-14.931032,-14.496466
765,-15.149581,-14.929193,-14.496743
766,-15.147385,-14.925978,-14.497315
767,-15.145327,-14.924115,-14.496156
768,-15.144139,-14.924226,-14.497901
769,-15.142924,-14.922510,-14.494545
770,-15.142070,-14.920688,-14.491956
771,-15.140903,-14.918825,-14.489167
772,-15.138495,-14.917431,-14.484237
773,-15.135933,-14.915576,-14.485026
774,-15.134129,-14.914007,-14.485157
775,-15.132882,-14.912334,-14.485155
776,-15.131122,-14.911574,-14.485278
777,-15.129842,-14.910511,-14.485866
778,-15.128240,-14.908959,-14.482732
779,-15.126499,-14.906816,-14.485316
780,-15.124165,-14.904805,-14.484501
781,-15.122769,-14.902595,-14.486901
782,-15.120621,-14.902144,-14.485820
783,-15.118685,-14.900590,-14.483666
784,-15.117053,-14.898337,-14.483031
785,-15.114818,-14.896819,-14.481580
786,-15.113778,-14.894585,-14.479741
787,-15.112618,-14.892975,-14.476087
788,-15.111413,-14.891074,-14.474199
789,-15.109839,-14.889757,-14.470054
790,-15.107971,-14.888962,-14.467738
791,-15.106266,-14.888704,-14.468014
792,-15.104087,-14.887036,-14.465941
793,-15.103024,-14.885016,-14.462774
794,-15.101339,-14.884459,-14.462783
795,-15.100035,-14.883051,-14.460557
796,-15.099692,-14.881778,-14.459228
797,-15.098232,-14.880286,-14.460299
798,-15.096372,-14.879444,-14.461981
799,-15.095621,-14.878074,-14.458188
800,-15.094435,-14.878054,-14.457213
801,-15.093000,-14.876543,-14.455377
802,-15.091429,-14.876017,-14.453446
803,-15.089315,-14.873217,-14.454207
804,-15.087902,-14.871805,-14.455323
805,-15.086734,-14.870453,-14.454507
806,-15.086672,-14.869957,-14.454076
807,-15.086362,-14.869511,-14.454715
808,-15.084280,-14.868956,-14.449485
809,-15.083282,-14.867253,-14.449399
810,-15.080538,-14.866149,-14.450364
811,-15.078724,-14.864119,-14.451430
812,-15.076690,-14.863410,-14.448221
813,-15.074926,-14.862433,-14.447562
814,-15.072928,-14.861567,-14.449142
815,-15.070654,-14.859249,-14.449226
816,-15.069539,-14.857474,-14.447656
817,-15.068186,-14.856208,-14.447175
818,-15.067181,-14.854730,-14.444920
819,-15.065496,-14.853313,-14.443860
820,-15.063429,-14.851759,-14.444235
821,-15.061164,-14.850448,-14.441679
822,-15.059795,-14.849314,-14.442654
823,-15.058729,-14.848643,-14.443710
824,-15.057001,-14.847708,-14.443718
825,-15.054973,-14.846582,-14.444510
826,-15.053072,-14.844835,-14.443555
827,-15.051032,-14.843836,-14.442499
828,-15.050123,-14.842662,-14.440183
829,-15.048934,-14.841657,-14.440204
830,-15.047758,-14.839407,-14.440075
831,-15.046510,-14.838649,-14.439339
832,-15.046096,-14.837713,-14.440128
833,-15.045340,-14.836079,-14.438224
834,-15.044383,-14.835734,-14.435202
835,-15.042295,-14.835119,-14.432774
836,-15.041134,-14.835046,-14.431926
837,-15.039998,-14.834802,-14.433905
838,-15.038132,-14.833947,-14.432569
839,-15.036310,-14.833123,-14.432175
840,-15.035468,-14.831745,-14.432054
841,-15.034573,-14.831201,-14.430540
842,-15.034672,-14.830593,-14.432605
843,-15.033781,-14.830300,-14.429950
844,-15.030645,-14.828744,-14.433480
845,-15.028144,-14.827783,-14.434899
846,-15.027049,-14.825450,-14.431184
847,-15.026021,-14.824812,-14.432017
848,-15.024545,-14.824590,-14.431734
849,-15.022988,-14.823353,-14.432407
850,-15.021733,-14.822145,-14.435460
851,-15.020856,-14.820132,-14.435644
852,-15.018923,-14.819440,-14.433094
853,-15.017937,-14.817132,-14.432907
854,-15.016250,-14.815622,-14.428277
855,-15.014207,-14.813581,-14.426977
856,-15.014022,-14.812639,-14.425005
857,-15.013776,-14.811806,-14.424721
858,-15.011818,-14.810667,-14.423819
859,-15.010888,-14.809318,-14.421637
860,-15.010786,-14.806973,-14.424850
861,-15.009283,-14.805434,-14.421414
862,-15.008498,-14.804536,-14.419306
863,-15.008441,-14.803714,-14.419239
864,-15.008248,-14.802596,-14.418310
865,-15.006085,-14.800412,-14.416998
866,-15.003817,-14.800824,-14.413117
867,-15.002551,-14.799361,-14.410683
868,-15.000052,-14.798682,-14.411108
869,-14.999474,-14.796889,-14.406632
870,-14.998362,-14.795370,-14.402952
871,-14.996504,-14.795022,-14.404825
872,-14.995712,-14.794279,-14.406350
873,-14.993080,-14.792628,-14.408303
874,-14.991972,-14.790836,-14.405791
875,-14.991197,-14.790414,-14.403341
876,-14.990260,-14.789628,-14.403527
877,-14.989526,-14.789016,-14.404679
878,-14.986976,-14.787094,-14.404160
879,-14.984692,-14.786042,-14.403946
880,-14.983841,-14.784214,-14.406119
881,-14.981939,-14.783992,-14.402832
882,-14.980722,-14.783885,-14.403135
883,-14.978303,-14.782706,-14.400658
884,-14.975670,-14.780858,-14.400726
885,-14.972673,-14.780675,-14.400948
886,-14.971547,-14.777898,-14.401040
887,-14.969936,-14.776858,-14.400459
888,-14.968314,-14.774493,-14.403710
889,-14.966967,-14.772754,-14.403542
890,-14.965320,-14.771387,-14.398018
891,-14.963589,-14.769762,-14.396508
892,-14.963361,-14.768018,-14.402102
893,-14.961520,-14.766498,-14.400893
894,-14.959924,-14.765614,-14.401903
895,-14.958102,-14.763978,-14.400355
896,-14.956846,-14.764023,-14.402314
897,-14.956679,-14.764896,-14.403566
898,-14.954902,-14.764069,-14.402713
899,-14.954066,-14.763499,-14.401752
900,-14.952671,-14.763036,-14.401614
901,-14.951799,-14.762414,-14.403169
902,-14.951024,-14.760717,-14.398383
903,-14.950777,-14.759324,-14.399050
904,-14.949661,-14.757833,-14.398129
905,-14.947718,-14.757720,-14.396595
906,-14.947222,-14.755721,-14.394261
907,-14.945624,-14.754734,-14.394299
908,-14.943434,-14.754465,-14.393174
909,-14.942408,-14.753375,-14.391003
910,-14.939470,-14.752330,-14.390660
911,-14.938376,-14.750220,-14.388516
912,-14.936717,-14.749709,-14.386447
913,-14.935082,-14.748497,-14.386561
914,-14.933556,-14.747079,-14.385562
915,-14.931904,-14.747391,-14.385577
916,-14.929742,-14.747307,-14.383325
917,-14.928532,-14.744497,-14.383010
918,-14.927139,-14.742585,-14.384648
919,-14.925305,-14.741990,-14.384961
920,-14.923554,-14.740081,-14.384193
921,-14.922378,-14.739024,-14.385234
922,-14.920636,-14.737171,-14.382325
923,-14.919650,-14.736726,-14.380731
924,-14.918294,-14.735650,-14.378673
925,-14.917929,-14.734249,-14.379602
926,-14.916946,-14.732539,-14.377259
927,-14.916083,-14.731223,-14.375787
928,-14.914974,-14.728992,-14.372859
929,-14.914216,-14.727957,-14.372168
930,-14.913138,-14.726661,-14.370821
931,-14.910967,-14.726022,-14.374573
932,-14.910125,-14.725172,-14.376265
933,-14.907889,-14.725243,-14.376231
934,-14.907773,-14.724806,-14.377696
935,-14.906398,-14.725698,-14.374386
936,-14.904973,-14.725445,-14.372652
937,-14.903486,-14.723336,-14.373544
938,-14.902290,-14.719409,-14.370016
939,-14.900568,-14.717522,-14.368346
940,-14.899205,-14.715663,-14.365805
941,-14.897889,-14.713648,-14.365342
942,-14.897316,-14.714475,-14.365630
943,-14.895904,-14.713661,-14.367845
944,-14.895773,-14.713449,-14.368650
945,-14.895023,-14.713459,-14.368098
946,-14.893290,-14.713240,-14.367371
947,-14.892586,-14.710824,-14.368038
948,-14.891290,-14.711638,-14.367144
949,-14.891106,-14.711173,-14.364777
950,-14.890348,-14.710881,-14.366846
951,-14.888292,-14.709014,-14.366417
952,-14.886253,-14.707930,-14.363289
953,-14.885405,-14.706390,-14.364890
954,-14.883457,-14.706037,-14.364227
955,-14.882496,-14.704109,-14.364739
956,-14.881809,-14.703888,-14.364357
957,-14.880430,-14.703422,-14.361570
958,-14.879713,-14.701314,-14.359706
959,-14.879279,-14.700746,-14.359820
960,-14.877818,-14.700646,-14.360769
961,-14.876928,-14.699339,-14.358951
962,-14.875155,-14.697090,-14.359600
963,-14.872511,-14.695324,-14.358874
964,-14.871204,-14.693527,-14.359413
965,-14.869129,-14.693154,-14.357258
966,-14.867730,-14.691053,-14.353950
967,-14.867354,-14.688822,-14.351786
968,-14.866490,-14.690072,-14.353643
969,-14.865788,-14.688629,-14.351657
970,-14.864411,-14.687981,-14.354046
971,-14.863156,-14.687216,-14.348861
972,-14.860697,-14.686032,-14.348047
973,-14.859925,-14.684697,-14.349387
974,-14.857779,-14.683604,-14.347994
975,-14.856575,-14.683737,-14.346746
976,-14.854477,-14.681498,-14.345983
977,-14.852712,-14.681213,-14.344131
978,-14.850890,-14.679605,-14.345944
979,-14.850360,-14.678277,-14.344847
980,-14.849759,-14.676625,-14.345925
981,-14.848847,-14.676243,-14.342356
982,-14.848227,-14.674415,-14.342171
983,-14.846871,-14.672963,-14.340862
984,-14.846270,-14.671920,-14.340401
985,-14.845375,-14.671657,-14.340353
986,-14.844527,-14.672147,-14.338951
987,-14.843724,-14.671261,-14.337039
988,-14.842269,-14.669112,-14.337025
989,-14.840118,-14.668000,-14.334643
990,-14.838319,-14.667574,-14.332641
991,-14.837306,-14.666972,-14.331858
992,-14.836235,-14.666233,-14.331940
993,-14.834611,-14.664396,-14.333538
994,-14.833346,-14.665244,-14.333503
995,-14.832625,-14.663743,-14.332166
996,-14.830466,-14.661666,-14.331327
997,-14.829837,-14.659755,-14.331467
998,-14.829068,-14.658542,-14.331688
999,-14.828905,-14.659074,-14.329228
1000,-14.828081,-14.658636,-14.327027
