Epoch,beta_max/4,beta_max,4beta_max
1,-18.439426,-19.224038,-60.548130
2,-18.434495,-19.171424,-57.826420
3,-18.429233,-19.118664,-55.295677
4,-18.423474,-19.068546,-53.047293
5,-18.417750,-19.020017,-51.068763
6,-18.411594,-18.973541,-49.263758
7,-18.405202,-18.926260,-47.625121
8,-18.398328,-18.880639,-46.158792
9,-18.390808,-18.836139,-44.808252
10,-18.382889,-18.794146,-43.587825
11,-18.374884,-18.751258,-42.416313
12,-18.366758,-18.709419,-41.321840
13,-18.357906,-18.668475,-40.258531
14,-18.348263,-18.627908,-39.320615
15,-18.338491,-18.587857,-38.401330
16,-18.327960,-18.548875,-37.530199
17,-18.316587,-18.510606,-36.734707
18,-18.305062,-18.471946,-35.969692
19,-18.292768,-18.433474,-35.226625
20,-18.280684,-18.396410,-34.519765
21,-18.267138,-18.359970,-33.875374
22,-18.253846,-18.324852,-33.248570
23,-18.239637,-18.289476,-32.652989
24,-18.224184,-18.255257,-32.106829
25,-18.208219,-18.220761,-31.575264
26,-18.192084,-18.184889,-31.076270
27,-18.174431,-18.150972,-30.603435
28,-18.156792,-18.118288,-30.136849
29,-18.138316,-18.086066,-29.720392
30,-18.119586,-18.054788,-29.335926
31,-18.099902,-18.023136,-28.946025
32,-18.081062,-17.991561,-28.565739
33,-18.060390,-17.961131,-28.204319
34,-18.039846,-17.930486,-27.867982
35,-18.019194,-17.900768,-27.531042
36,-17.997402,-17.872315,-27.206847
37,-17.975791,-17.844421,-26.914335
38,-17.953110,-17.817512,-26.603105
39,-17.930762,-17.791277,-26.318691
40,-17.908008,-17.764870,-26.043898
41,-17.885648,-17.739386,-25.770978
42,-17.862563,-17.714208,-25.517278
43,-17.839300,-17.689797,-25.271646
44,-17.816123,-17.665992,-25.031992
45,-17.792307,-17.642481,-24.796222
46,-17.770595,-17.619844,-24.573910
47,-17.749219,-17.598158,-24.363085
48,-17.727042,-17.575589,-24.170428
49,-17.705058,-17.553369,-23.974366
50,-17.682359,-17.532156,-23.787801
51,-17.659425,-17.511577,-23.601122
52,-17.638588,-17.491094,-23.426331
53,-17.618353,-17.470208,-23.247900
54,-17.598968,-17.451177,-23.076269
55,-17.579358,-17.432204,-22.922732
56,-17.561327,-17.413694,-22.770002
57,-17.542345,-17.396246,-22.623240
58,-17.523655,-17.378983,-22.463962
59,-17.505521,-17.363134,-22.322953
60,-17.489185,-17.347405,-22.185021
61,-17.472298,-17.330608,-22.054851
62,-17.456205,-17.314357,-21.929008
63,-17.442161,-17.298769,-21.793353
64,-17.426463,-17.283150,-21.669847
65,-17.412186,-17.269026,-21.548888
66,-17.397363,-17.254872,-21.426400
67,-17.383940,-17.240269,-21.320158
68,-17.371926,-17.226363,-21.216342
69,-17.358947,-17.212628,-21.110469
70,-17.346001,-17.199100,-21.007558
71,-17.333873,-17.186474,-20.900429
72,-17.323602,-17.174134,-20.804481
73,-17.310917,-17.162716,-20.702904
74,-17.299130,-17.151421,-20.604327
75,-17.289289,-17.140303,-20.511517
76,-17.279284,-17.128988,-20.420952
77,-17.269179,-17.117854,-20.336206
78,-17.259555,-17.106626,-20.247024
79,-17.250422,-17.095848,-20.163179
80,-17.241879,-17.085690,-20.080537
81,-17.233064,-17.075815,-20.003109
82,-17.224591,-17.066187,-19.925123
83,-17.216684,-17.056622,-19.851271
84,-17.208491,-17.047186,-19.778854
85,-17.201180,-17.037661,-19.708506
86,-17.193985,-17.028499,-19.637528
87,-17.186362,-17.019932,-19.569846
88,-17.179393,-17.011092,-19.503348
89,-17.172313,-17.002913,-19.435181
90,-17.166030,-16.994767,-19.377495
91,-17.158943,-16.987508,-19.311776
92,-17.152347,-16.979375,-19.252964
93,-17.146083,-16.970893,-19.191346
94,-17.139672,-16.963054,-19.134642
95,-17.133653,-16.955270,-19.082254
96,-17.127761,-16.947126,-19.027900
97,-17.122248,-16.939351,-18.969681
98,-17.116072,-16.932110,-18.914638
99,-17.110225,-16.925449,-18.867097
100,-17.104070,-16.918720,-18.818437
101,-17.098851,-16.912007,-18.769286
102,-17.093235,-16.904941,-18.721872
103,-17.088162,-16.897840,-18.675154
104,-17.082389,-16.890958,-18.631098
105,-17.077071,-16.884537,-18.587980
106,-17.071961,-16.878018,-18.542149
107,-17.066972,-16.871855,-18.496979
108,-17.061851,-16.865764,-18.451628
109,-17.057372,-16.859741,-18.409263
110,-17.052850,-16.853842,-18.367382
111,-17.047783,-16.847592,-18.331469
112,-17.043014,-16.841472,-18.290128
113,-17.038123,-16.835697,-18.249342
114,-17.033345,-16.829643,-18.211312
115,-17.028669,-16.823900,-18.172018
116,-17.023993,-16.817837,-18.132738
117,-17.019424,-16.812521,-18.099338
118,-17.014618,-16.806800,-18.063777
119,-17.010192,-16.801442,-18.027723
120,-17.005361,-16.795838,-17.999234
121,-17.000965,-16.790373,-17.967448
122,-16.996149,-16.784779,-17.934695
123,-16.991719,-16.779434,-17.908459
124,-16.986956,-16.774002,-17.877419
125,-16.982269,-16.768781,-17.851151
126,-16.977704,-16.763620,-17.822487
127,-16.973084,-16.759044,-17.795621
128,-16.968317,-16.754033,-17.768596
129,-16.963864,-16.749184,-17.739298
130,-16.959236,-16.743977,-17.711411
131,-16.954739,-16.739132,-17.683771
132,-16.950214,-16.733927,-17.658994
133,-16.945674,-16.729705,-17.633456
134,-16.941018,-16.725159,-17.607835
135,-16.936413,-16.720364,-17.582580
136,-16.931744,-16.715140,-17.556244
137,-16.927126,-16.710170,-17.533800
138,-16.922545,-16.705618,-17.505745
139,-16.918462,-16.701303,-17.483618
140,-16.914405,-16.696860,-17.461295
141,-16.910333,-16.692571,-17.439293
142,-16.905925,-16.688238,-17.415614
143,-16.901730,-16.683699,-17.395560
144,-16.897673,-16.679141,-17.373950
145,-16.893629,-16.675287,-17.353710
146,-16.889373,-16.671311,-17.334325
147,-16.885434,-16.667042,-17.317130
148,-16.881148,-16.662992,-17.296215
149,-16.876711,-16.658987,-17.279624
150,-16.872680,-16.655008,-17.260456
151,-16.868785,-16.651281,-17.241859
152,-16.864750,-16.647657,-17.224184
153,-16.860878,-16.643340,-17.207249
154,-16.856801,-16.638961,-17.189391
155,-16.852639,-16.635563,-17.171150
156,-16.848715,-16.631007,-17.155181
157,-16.844784,-16.626783,-17.138961
158,-16.840815,-16.622787,-17.122311
159,-16.836656,-16.618544,-17.103633
160,-16.832618,-16.614880,-17.086290
161,-16.828249,-16.610745,-17.070909
162,-16.824305,-16.606344,-17.055628
163,-16.820436,-16.602466,-17.040949
164,-16.816425,-16.598195,-17.025221
165,-16.812406,-16.594564,-17.012968
166,-16.808350,-16.590762,-16.998154
167,-16.804673,-16.586807,-16.983825
168,-16.800695,-16.583070,-16.969343
169,-16.797148,-16.579265,-16.956643
170,-16.793550,-16.575454,-16.945798
171,-16.789924,-16.571797,-16.932584
172,-16.785808,-16.568325,-16.917658
173,-16.782199,-16.564714,-16.904635
174,-16.778482,-16.561389,-16.891404
175,-16.774676,-16.558023,-16.880964
176,-16.770784,-16.554287,-16.867515
177,-16.766687,-16.550362,-16.855357
178,-16.762735,-16.546984,-16.843452
179,-16.759275,-16.543763,-16.830612
180,-16.755381,-16.540138,-16.820214
181,-16.751420,-16.536366,-16.809344
182,-16.748012,-16.532977,-16.797889
183,-16.744207,-16.529838,-16.787820
184,-16.740451,-16.526125,-16.777664
185,-16.736698,-16.522799,-16.768478
186,-16.732620,-16.519544,-16.756788
187,-16.728902,-16.516235,-16.746759
188,-16.725052,-16.512697,-16.738254
189,-16.721527,-16.508770,-16.727473
190,-16.717968,-16.505128,-16.717796
191,-16.714297,-16.501785,-16.708212
192,-16.710544,-16.498383,-16.698228
193,-16.706889,-16.495205,-16.687806
194,-16.703576,-16.491716,-16.677839
195,-16.699969,-16.488435,-16.670891
196,-16.696368,-16.485276,-16.661593
197,-16.692661,-16.481975,-16.652259
198,-16.689239,-16.478921,-16.644886
199,-16.685557,-16.475471,-16.637137
200,-16.682067,-16.472376,-16.629138
201,-16.678468,-16.468643,-16.621583
202,-16.674826,-16.465266,-16.613227
203,-16.671502,-16.462138,-16.604931
204,-16.667904,-16.458947,-16.598044
205,-16.664434,-16.455490,-16.590991
206,-16.661112,-16.452087,-16.582754
207,-16.658010,-16.448998,-16.575890
208,-16.654749,-16.445880,-16.568045
209,-16.651424,-16.442760,-16.560125
210,-16.647787,-16.439570,-16.553252
211,-16.644559,-16.436692,-16.545495
212,-16.641082,-16.433814,-16.538290
213,-16.637717,-16.430836,-16.531254
214,-16.634237,-16.427650,-16.524736
215,-16.630937,-16.424969,-16.518196
216,-16.627804,-16.422085,-16.509544
217,-16.624563,-16.418726,-16.502798
218,-16.621048,-16.415516,-16.496375
219,-16.618102,-16.412539,-16.491371
220,-16.614736,-16.409530,-16.486170
221,-16.611552,-16.406164,-16.479868
222,-16.608498,-16.403077,-16.474317
223,-16.605304,-16.400205,-16.467143
224,-16.602035,-16.397655,-16.460198
225,-16.598592,-16.394278,-16.454410
226,-16.595631,-16.390931,-16.448060
227,-16.592335,-16.388020,-16.441192
228,-16.589225,-16.385282,-16.435228
229,-16.585727,-16.382133,-16.430027
230,-16.582692,-16.379007,-16.424415
231,-16.579680,-16.375936,-16.418952
232,-16.576703,-16.373592,-16.412599
233,-16.573255,-16.370266,-16.407923
234,-16.570219,-16.367121,-16.401836
235,-16.567103,-16.364479,-16.395675
236,-16.563863,-16.361233,-16.389988
237,-16.560875,-16.358387,-16.385276
238,-16.557730,-16.355269,-16.379566
239,-16.554555,-16.352598,-16.373196
240,-16.551269,-16.349391,-16.367706
241,-16.547958,-16.346222,-16.362827
242,-16.544980,-16.342977,-16.357889
243,-16.541607,-16.339869,-16.352896
244,-16.538085,-16.336939,-16.347598
245,-16.535060,-16.334176,-16.342369
246,-16.532060,-16.331105,-16.337607
247,-16.529105,-16.328409,-16.333530
248,-16.525604,-16.325291,-16.328715
249,-16.522596,-16.322135,-16.323981
250,-16.519895,-16.319436,-16.319626
251,-16.516442,-16.316506,-16.314948
252,-16.513324,-16.313254,-16.310299
253,-16.510134,-16.310582,-16.305385
254,-16.507209,-16.307708,-16.301650
255,-16.504301,-16.304691,-16.297554
256,-16.501388,-16.301790,-16.293464
257,-16.498352,-16.298836,-16.289816
258,-16.495416,-16.296343,-16.286058
259,-16.492431,-16.293589,-16.281234
260,-16.489763,-16.290467,-16.276209
261,-16.486593,-16.287931,-16.271788
262,-16.483629,-16.284804,-16.267044
263,-16.480916,-16.281938,-16.263082
264,-16.478058,-16.278819,-16.258232
265,-16.475613,-16.276148,-16.254034
266,-16.472640,-16.273622,-16.250317
267,-16.469756,-16.270894,-16.245980
268,-16.466858,-16.268224,-16.242367
269,-16.464171,-16.265903,-16.239399
270,-16.461208,-16.263370,-16.234968
271,-16.458266,-16.260722,-16.231166
272,-16.455379,-16.258011,-16.226805
273,-16.452998,-16.255214,-16.223485
274,-16.450147,-16.252294,-16.219556
275,-16.447187,-16.249399,-16.216313
276,-16.444258,-16.247473,-16.211917
277,-16.441509,-16.244941,-16.207411
278,-16.438624,-16.242207,-16.203978
279,-16.435921,-16.239759,-16.201442
280,-16.433054,-16.237379,-16.197573
281,-16.430179,-16.234435,-16.193604
282,-16.427106,-16.231435,-16.190364
283,-16.424975,-16.228654,-16.187139
284,-16.422094,-16.226370,-16.184635
285,-16.418878,-16.223687,-16.181414
286,-16.415937,-16.221166,-16.178949
287,-16.413040,-16.218503,-16.176313
288,-16.410613,-16.215912,-16.173260
289,-16.407847,-16.213109,-16.170612
290,-16.405254,-16.210258,-16.167250
291,-16.402700,-16.207534,-16.164488
292,-16.400381,-16.204763,-16.161115
293,-16.397643,-16.201916,-16.158733
294,-16.395051,-16.199084,-16.154912
295,-16.392129,-16.196268,-16.152679
296,-16.389594,-16.193596,-16.149336
297,-16.386600,-16.190925,-16.145595
298,-16.383773,-16.188860,-16.142562
299,-16.381175,-16.186070,-16.140119
300,-16.378266,-16.183037,-16.137671
301,-16.375499,-16.180562,-16.134905
302,-16.372923,-16.177964,-16.132329
303,-16.370235,-16.175586,-16.129267
304,-16.367375,-16.173079,-16.127480
305,-16.364625,-16.170486,-16.124047
306,-16.362158,-16.167696,-16.121532
307,-16.359678,-16.164460,-16.118148
308,-16.357421,-16.161826,-16.114798
309,-16.354659,-16.159060,-16.112464
310,-16.352472,-16.156019,-16.109958
311,-16.349955,-16.153534,-16.106259
312,-16.347171,-16.150903,-16.103607
313,-16.344357,-16.148227,-16.100677
314,-16.341563,-16.145395,-16.098242
315,-16.339190,-16.142693,-16.097092
316,-16.336863,-16.140041,-16.094520
317,-16.334388,-16.137291,-16.091422
318,-16.331520,-16.134652,-16.089148
319,-16.328350,-16.132048,-16.086944
320,-16.325286,-16.129283,-16.084941
321,-16.322514,-16.126525,-16.081840
322,-16.319567,-16.123317,-16.078833
323,-16.317329,-16.121220,-16.076444
324,-16.314545,-16.118924,-16.074207
325,-16.311722,-16.116251,-16.071253
326,-16.309450,-16.113397,-16.068406
327,-16.306913,-16.110965,-16.065398
328,-16.304238,-16.108420,-16.061854
329,-16.301912,-16.105832,-16.059110
330,-16.299003,-16.103241,-16.056776
331,-16.296294,-16.100393,-16.054143
332,-16.293875,-16.098086,-16.051381
333,-16.291294,-16.095805,-16.048168
334,-16.288448,-16.093223,-16.045340
335,-16.285755,-16.091167,-16.042359
336,-16.283132,-16.088896,-16.039893
337,-16.280483,-16.086385,-16.037690
338,-16.278122,-16.083632,-16.035072
339,-16.275772,-16.081055,-16.033114
340,-16.273240,-16.077918,-16.030722
341,-16.270976,-16.075530,-16.027583
342,-16.268814,-16.072800,-16.026491
343,-16.266300,-16.070469,-16.024641
344,-16.263754,-16.068066,-16.022479
345,-16.261274,-16.065142,-16.020344
346,-16.258802,-16.062604,-16.017761
347,-16.256439,-16.060234,-16.015009
348,-16.253583,-16.057940,-16.012995
349,-16.251382,-16.055884,-16.011245
350,-16.248560,-16.053359,-16.008258
351,-16.246019,-16.051005,-16.005907
352,-16.243544,-16.048453,-16.003481
353,-16.241508,-16.045685,-16.001260
354,-16.239190,-16.043588,-15.999670
355,-16.237153,-16.041270,-15.997692
356,-16.234769,-16.039181,-15.995267
357,-16.232282,-16.036641,-15.993441
358,-16.229980,-16.034327,-15.991093
359,-16.227618,-16.031989,-15.989052
360,-16.224797,-16.029682,-15.987567
361,-16.222249,-16.027109,-15.984786
362,-16.219607,-16.024467,-15.981956
363,-16.217311,-16.022032,-15.979009
364,-16.214835,-16.019990,-15.978207
365,-16.212742,-16.018114,-15.975591
366,-16.210500,-16.015262,-15.973544
367,-16.208207,-16.012687,-15.971044
368,-16.205610,-16.010372,-15.968562
369,-16.203336,-16.007549,-15.966297
370,-16.200629,-16.004841,-15.964445
371,-16.198228,-16.002523,-15.962024
372,-16.196027,-16.000208,-15.960242
373,-16.193902,-15.998106,-15.957993
374,-16.191451,-15.996097,-15.956129
375,-16.188869,-15.993417,-15.954375
376,-16.186574,-15.991657,-15.951704
377,-16.184008,-15.988656,-15.949271
378,-16.181827,-15.985979,-15.947529
379,-16.179927,-15.983752,-15.944931
380,-16.177233,-15.981909,-15.943441
381,-16.175113,-15.980023,-15.941734
382,-16.172514,-15.977255,-15.939166
383,-16.170592,-15.975029,-15.936780
384,-16.168172,-15.972839,-15.934356
385,-16.165589,-15.970636,-15.932032
386,-16.163009,-15.968634,-15.930733
387,-16.160388,-15.966338,-15.928655
388,-16.158276,-15.964351,-15.926923
389,-16.156143,-15.962536,-15.925351
390,-16.153825,-15.960180,-15.923529
391,-16.151354,-15.958271,-15.921694
392,-16.148916,-15.955476,-15.919901
393,-16.147165,-15.953623,-15.917562
394,-16.144788,-15.950969,-15.915315
395,-16.142498,-15.948238,-15.912530
396,-16.140145,-15.946017,-15.911216
397,-16.137662,-15.943797,-15.909485
398,-16.135437,-15.941001,-15.907707
399,-16.132715,-15.938792,-15.905780
400,-16.131091,-15.936401,-15.904672
401,-16.128944,-15.934076,-15.902266
402,-16.126645,-15.931634,-15.900839
403,-16.124174,-15.929794,-15.899667
404,-16.121903,-15.927477,-15.898342
405,-16.119921,-15.925464,-15.898179
406,-16.117343,-15.922868,-15.896644
407,-16.115479,-15.920877,-15.894266
408,-16.113561,-15.918181,-15.892159
409,-16.112055,-15.916154,-15.890459
410,-16.109813,-15.913715,-15.888387
411,-16.107825,-15.910978,-15.886508
412,-16.105882,-15.908952,-15.884658
413,-16.103747,-15.906195,-15.882639
414,-16.101467,-15.904240,-15.880127
415,-16.098935,-15.901893,-15.878436
416,-16.097050,-15.899867,-15.876555
417,-16.095104,-15.897721,-15.875180
418,-16.093257,-15.895896,-15.873606
419,-16.091414,-15.894019,-15.871396
420,-16.089189,-15.891963,-15.869446
421,-16.086796,-15.890022,-15.867420
422,-16.084681,-15.887856,-15.866007
423,-16.082773,-15.885499,-15.864777
424,-16.081153,-15.883369,-15.862951
425,-16.078968,-15.881369,-15.860710
426,-16.076883,-15.879537,-15.859977
427,-16.074258,-15.877365,-15.858742
428,-16.071919,-15.875570,-15.856608
429,-16.069390,-15.873457,-15.854114
430,-16.067672,-15.871070,-15.852243
431,-16.065089,-15.868706,-15.849808
432,-16.062870,-15.866868,-15.849136
433,-16.060539,-15.864611,-15.846801
434,-16.058695,-15.862779,-15.844853
435,-16.056894,-15.860962,-15.842596
436,-16.054747,-15.858705,-15.840827
437,-16.052403,-15.856617,-15.838981
438,-16.049913,-15.854211,-15.838047
439,-16.048139,-15.851936,-15.836472
440,-16.045932,-15.850914,-15.835065
441,-16.043690,-15.848790,-15.833015
442,-16.041610,-15.846431,-15.831459
443,-16.039385,-15.844652,-15.830293
444,-16.037153,-15.842516,-15.829233
445,-16.035121,-15.840442,-15.828000
446,-16.032841,-15.838717,-15.826811
447,-16.030868,-15.837149,-15.825780
448,-16.028632,-15.834811,-15.823968
449,-16.026309,-15.832716,-15.822843
450,-16.024550,-15.830421,-15.820984
451,-16.022493,-15.827918,-15.819236
452,-16.019938,-15.826140,-15.818124
453,-16.017708,-15.823504,-15.816663
454,-16.015878,-15.821866,-15.815598
455,-16.014265,-15.819817,-15.815052
456,-16.011737,-15.817567,-15.814562
457,-16.009504,-15.815870,-15.813834
458,-16.007806,-15.813101,-15.812224
459,-16.005564,-15.811154,-15.811171
460,-16.003764,-15.809158,-15.810637
461,-16.001481,-15.807392,-15.807886
462,-15.999321,-15.805477,-15.806906
463,-15.997339,-15.803633,-15.804961
464,-15.995056,-15.801513,-15.803473
465,-15.992882,-15.799277,-15.801327
466,-15.990718,-15.797653,-15.800628
467,-15.988816,-15.795643,-15.798997
468,-15.986905,-15.793079,-15.797808
469,-15.985265,-15.791091,-15.796180
470,-15.983121,-15.788750,-15.793835
471,-15.981895,-15.787276,-15.792408
472,-15.980572,-15.785376,-15.791758
473,-15.978866,-15.784014,-15.790986
474,-15.977406,-15.782393,-15.789779
475,-15.974706,-15.779971,-15.788481
476,-15.972523,-15.778211,-15.787464
477,-15.970660,-15.776947,-15.786274
478,-15.968106,-15.775193,-15.785336
479,-15.966385,-15.773204,-15.783769
480,-15.964052,-15.771542,-15.782549
481,-15.962378,-15.769890,-15.780875
482,-15.960315,-15.768505,-15.779319
483,-15.957733,-15.766989,-15.777644
484,-15.955779,-15.765403,-15.775633
485,-15.953697,-15.763303,-15.774356
486,-15.951594,-15.761035,-15.773538
487,-15.949633,-15.759208,-15.772976
488,-15.947667,-15.757124,-15.771997
489,-15.945558,-15.755521,-15.770698
490,-15.943287,-15.754250,-15.769085
491,-15.941651,-15.752445,-15.768609
492,-15.939754,-15.750530,-15.767239
493,-15.938270,-15.748648,-15.765278
494,-15.936210,-15.746825,-15.764105
495,-15.934097,-15.745317,-15.762751
496,-15.932358,-15.743453,-15.762497
497,-15.930466,-15.741509,-15.761953
498,-15.928389,-15.739976,-15.759946
499,-15.926715,-15.738227,-15.759640
500,-15.924464,-15.735680,-15.758645
501,-15.922749,-15.733675,-15.757801
502,-15.920357,-15.731563,-15.755467
503,-15.919161,-15.729314,-15.754898
504,-15.916840,-15.727500,-15.753840
505,-15.915092,-15.725788,-15.753343
506,-15.912483,-15.724124,-15.751663
507,-15.911076,-15.722210,-15.750441
508,-15.909639,-15.720069,-15.748582
509,-15.907106,-15.718378,-15.747423
510,-15.905321,-15.716620,-15.745446
511,-15.903507,-15.715226,-15.744283
512,-15.901700,-15.713593,-15.743346
513,-15.899811,-15.712580,-15.742594
514,-15.897666,-15.710368,-15.740491
515,-15.895916,-15.709660,-15.738946
516,-15.894416,-15.708471,-15.738331
517,-15.892110,-15.706773,-15.736736
518,-15.890713,-15.705416,-15.736227
519,-15.888759,-15.703281,-15.735286
520,-15.886701,-15.702102,-15.734712
521,-15.885076,-15.700380,-15.732699
522,-15.883223,-15.698128,-15.731628
523,-15.881113,-15.696184,-15.730228
524,-15.879296,-15.695156,-15.730441
525,-15.877594,-15.692647,-15.729703
526,-15.876358,-15.690778,-15.728144
527,-15.874820,-15.688736,-15.727222
528,-15.872744,-15.687578,-15.726148
529,-15.871146,-15.685345,-15.726074
530,-15.868770,-15.682778,-15.724185
531,-15.866948,-15.681278,-15.722562
532,-15.864906,-15.679363,-15.723214
533,-15.862821,-15.678029,-15.721891
534,-15.861363,-15.675899,-15.720310
535,-15.860387,-15.674440,-15.718189
536,-15.858527,-15.672691,-15.716400
537,-15.856276,-15.671070,-15.715977
538,-15.854355,-15.669491,-15.715159
539,-15.852848,-15.667121,-15.713276
540,-15.850720,-15.665286,-15.712377
541,-15.848379,-15.663679,-15.711006
542,-15.846415,-15.662148,-15.710018
543,-15.844805,-15.661161,-15.709481
544,-15.843019,-15.659153,-15.707854
545,-15.840974,-15.658547,-15.706655
546,-15.839070,-15.656843,-15.705725
547,-15.837213,-15.655125,-15.703730
548,-15.835233,-15.653331,-15.702503
549,-15.833412,-15.652276,-15.701433
550,-15.831433,-15.650805,-15.699749
551,-15.829346,-15.649212,-15.699634
552,-15.827173,-15.647309,-15.698803
553,-15.825850,-15.645882,-15.698112
554,-15.823965,-15.644320,-15.697055
555,-15.822058,-15.643911,-15.696069
556,-15.819917,-15.641901,-15.695532
557,-15.818163,-15.639986,-15.693632
558,-15.816137,-15.638255,-15.692259
559,-15.814428,-15.636253,-15.691859
560,-15.812687,-15.634852,-15.689964
561,-15.811047,-15.632833,-15.690170
562,-15.809460,-15.630459,-15.688920
563,-15.808334,-15.628985,-15.687516
564,-15.805915,-15.627731,-15.686511
565,-15.804404,-15.626060,-15.685390
566,-15.802573,-15.624228,-15.683887
567,-15.800363,-15.622276,-15.681578
568,-15.798669,-15.621046,-15.680747
569,-15.796683,-15.619381,-15.679427
570,-15.795177,-15.617677,-15.678601
571,-15.794258,-15.615750,-15.678124
572,-15.792494,-15.614272,-15.676172
573,-15.790574,-15.613404,-15.675242
574,-15.789224,-15.611438,-15.674083
575,-15.786567,-15.610777,-15.672965
576,-15.784972,-15.609185,-15.671470
577,-15.783588,-15.607392,-15.670221
578,-15.781850,-15.605568,-15.669792
579,-15.780314,-15.603323,-15.668426
580,-15.778591,-15.601908,-15.667646
581,-15.777873,-15.599896,-15.667323
582,-15.776445,-15.598804,-15.666894
583,-15.775127,-15.597508,-15.666085
584,-15.773594,-15.595989,-15.665083
585,-15.771609,-15.594607,-15.663485
586,-15.770007,-15.592808,-15.663876
587,-15.768694,-15.591313,-15.662577
588,-15.766703,-15.589540,-15.661421
589,-15.765508,-15.587836,-15.660292
590,-15.764056,-15.585895,-15.659443
591,-15.762445,-15.583526,-15.657205
592,-15.760977,-15.581989,-15.655750
593,-15.759255,-15.580328,-15.654740
594,-15.757593,-15.579040,-15.653300
595,-15.756404,-15.577248,-15.652315
596,-15.754547,-15.574844,-15.652469
597,-15.752563,-15.574129,-15.652334
598,-15.750452,-15.572296,-15.650563
599,-15.748540,-15.570639,-15.648913
600,-15.747422,-15.569065,-15.646981
601,-15.745223,-15.566746,-15.646464
602,-15.743920,-15.565007,-15.646043
603,-15.741812,-15.563244,-15.644798
604,-15.739311,-15.561145,-15.644519
605,-15.736946,-15.559428,-15.643310
606,-15.735646,-15.558828,-15.642568
607,-15.733927,-15.557445,-15.641773
608,-15.732277,-15.555888,-15.640985
609,-15.731064,-15.554037,-15.638959
610,-15.729539,-15.552274,-15.638443
611,-15.727689,-15.550720,-15.636387
612,-15.726459,-15.548957,-15.635195
613,-15.724419,-15.547293,-15.633366
614,-15.722125,-15.545829,-15.631274
615,-15.720420,-15.543918,-15.630775
616,-15.719039,-15.543228,-15.630288
617,-15.718012,-15.542280,-15.628553
618,-15.716463,-15.540763,-15.626540
619,-15.715296,-15.539466,-15.626292
620,-15.713465,-15.538170,-15.626419
621,-15.712191,-15.536547,-15.625074
622,-15.710847,-15.536022,-15.624048
623,-15.709804,-15.534680,-15.623857
624,-15.708551,-15.532971,-15.622565
625,-15.707217,-15.531818,-15.622041
626,-15.705386,-15.530708,-15.621177
627,-15.704091,-15.529821,-15.622497
628,-15.702961,-15.528849,-15.621368
629,-15.701300,-15.527085,-15.620738
630,-15.699292,-15.525672,-15.618700
631,-15.697839,-15.524707,-15.618044
632,-15.695810,-15.523290,-15.616985
633,-15.693315,-15.521787,-15.615916
634,-15.692224,-15.520186,-15.615312
635,-15.691045,-15.519410,-15.614452
636,-15.689923,-15.517800,-15.613497
637,-15.688052,-15.516462,-15.611462
638,-15.686830,-15.515480,-15.610609
639,-15.686332,-15.513993,-15.610426
640,-15.684103,-15.512796,-15.608952
641,-15.681830,-15.512315,-15.608139
642,-15.680741,-15.510937,-15.606681
643,-15.679828,-15.509409,-15.604645
644,-15.678282,-15.508639,-15.602143
645,-15.676578,-15.507663,-15.601219
646,-15.675383,-15.506089,-15.599963
647,-15.673712,-15.504544,-15.599093
648,-15.672321,-15.504046,-15.598530
649,-15.671227,-15.502871,-15.597787
650,-15.669468,-15.501136,-15.598134
651,-15.667562,-15.500046,-15.597926
652,-15.666182,-15.499285,-15.596742
653,-15.664763,-15.497974,-15.595830
654,-15.663527,-15.496915,-15.596237
655,-15.662676,-15.495765,-15.595764
656,-15.660324,-15.494078,-15.593203
657,-15.658348,-15.492906,-15.592546
658,-15.656218,-15.491244,-15.590927
659,-15.655539,-15.489716,-15.590035
660,-15.653864,-15.488233,-15.588659
661,-15.652348,-15.486514,-15.587406
662,-15.651189,-15.485609,-15.586519
663,-15.649550,-15.483855,-15.584386
664,-15.647924,-15.482439,-15.582840
665,-15.646445,-15.481880,-15.582763
666,-15.645512,-15.481297,-15.581907
667,-15.644141,-15.479886,-15.581520
668,-15.642594,-15.477894,-15.579539
669,-15.641386,-15.477385,-15.579583
670,-15.640719,-15.476982,-15.579222
671,-15.640083,-15.476091,-15.577779
672,-15.638537,-15.475596,-15.577653
673,-15.637539,-15.474447,-15.576752
674,-15.635586,-15.472962,-15.575684
675,-15.634580,-15.471588,-15.574961
676,-15.632780,-15.471202,-15.573909
677,-15.631413,-15.469793,-15.573980
678,-15.630694,-15.469165,-15.572106
679,-15.629127,-15.467342,-15.571593
680,-15.628071,-15.465920,-15.570496
681,-15.626866,-15.464760,-15.569803
682,-15.624984,-15.464039,-15.569262
683,-15.623419,-15.463070,-15.567890
684,-15.622432,-15.462348,-15.566958
685,-15.620084,-15.461760,-15.566136
686,-15.619270,-15.459961,-15.564684
687,-15.617920,-15.458166,-15.564512
688,-15.616029,-15.457039,-15.563117
689,-15.614275,-15.455864,-15.562314
690,-15.612098,-15.454189,-15.561052
691,-15.610118,-15.453089,-15.560067
692,-15.609340,-15.452162,-15.560166
693,-15.607340,-15.450528,-15.559835
694,-15.606508,-15.450219,-15.559394
695,-15.605469,-15.448593,-15.558134
696,-15.603744,-15.448404,-15.556920
697,-15.602611,-15.447188,-15.556410
698,-15.600943,-15.446638,-15.555936
699,-15.600467,-15.446494,-15.556426
700,-15.598549,-15.446496,-15.555994
701,-15.598443,-15.444791,-15.555691
702,-15.596766,-15.442940,-15.554978
703,-15.595558,-15.441599,-15.554226
704,-15.594455,-15.439892,-15.552598
705,-15.593048,-15.437827,-15.551621
706,-15.591741,-15.436246,-15.550271
707,-15.590180,-15.435336,-15.549629
708,-15.588646,-15.434123,-15.549798
709,-15.587008,-15.432758,-15.548434
710,-15.585561,-15.430845,-15.546349
711,-15.584323,-15.430658,-15.546019
712,-15.583253,-15.429432,-15.545559
713,-15.581565,-15.428570,-15.544914
714,-15.579885,-15.427087,-15.543197
715,-15.578778,-15.425413,-15.542035
716,-15.577187,-15.424293,-15.541904
717,-15.576464,-15.423764,-15.541047
718,-15.575158,-15.422145,-15.540600
719,-15.573728,-15.421141,-15.538624
720,-15.572799,-15.420132,-15.538843
721,-15.571181,-15.419665,-15.538377
722,-15.570014,-15.418821,-15.537092
723,-15.569846,-15.417932,-15.536725
724,-15.568911,-15.416327,-15.535773
725,-15.568550,-15.415049,-15.535197
726,-15.567398,-15.414366,-15.533748
727,-15.566481,-15.413669,-15.534123
728,-15.565439,-15.411485,-15.534401
729,-15.564208,-15.409556,-15.533091
730,-15.562597,-15.408815,-15.532131
731,-15.561106,-15.407590,-15.531233
732,-15.559944,-15.405702,-15.530407
733,-15.558394,-15.404032,-15.528518
734,-15.557749,-15.403545,-15.527654
735,-15.556310,-15.402336,-15.526486
736,-15.554800,-15.401292,-15.525354
737,-15.553376,-15.401148,-15.524669
738,-15.553534,-15.400420,-15.523625
739,-15.552374,-15.399502,-15.523050
740,-15.550265,-15.398298,-15.520773
741,-15.548937,-15.396388,-15.520223
742,-15.547078,-15.396281,-15.520000
743,-15.546154,-15.394904,-15.518002
744,-15.544131,-15.392696,-15.517115
745,-15.542736,-15.391485,-15.515415
746,-15.541378,-15.390149,-15.514530
747,-15.539649,-15.388649,-15.513399
748,-15.539127,-15.387501,-15.511706
749,-15.537313,-15.386043,-15.512143
750,-15.536364,-15.384983,-15.511426
751,-15.535193,-15.383294,-15.510693
752,-15.534065,-15.381741,-15.510048
753,-15.533337,-15.380832,-15.508457
754,-15.531955,-15.379954,-15.507619
755,-15.530168,-15.379309,-15.507728
756,-15.529236,-15.377424,-15.507321
757,-15.527651,-15.376773,-15.507026
758,-15.525917,-15.375859,-15.506725
759,-15.524997,-15.374514,-15.506170
760,-15.523097,-15.372751,-15.505030
761,-15.522836,-15.371423,-15.503115
762,-15.522405,-15.370397,-15.503097
763,-15.521233,-15.368335,-15.501969
764,-15.519335,-15.367581,-15.501921
765,-15.518623,-15.366507,-15.501384
766,-15.516955,-15.366161,-15.501190
767,-15.515646,-15.365354,-15.501414
768,-15.514492,-15.365480,-15.500495
769,-15.513914,-15.365126,-15.499383
770,-15.512768,-15.363055,-15.499057
771,-15.512085,-15.360529,-15.499120
772,-15.511003,-15.358439,-15.499170
773,-15.510139,-15.358601,-15.499714
774,-15.509457,-15.357367,-15.498873
775,-15.507803,-15.356541,-15.498145
776,-15.507595,-15.355602,-15.497343
777,-15.506976,-15.355631,-15.498186
778,-15.506806,-15.354420,-15.497958
779,-15.505726,-15.353255,-15.496733
780,-15.503151,-15.352493,-15.495922
781,-15.501558,-15.351696,-15.495777
782,-15.500206,-15.351287,-15.493512
783,-15.498139,-15.350249,-15.493853
784,-15.497415,-15.349925,-15.493868
785,-15.496338,-15.348394,-15.493826
786,-15.495132,-15.347664,-15.492385
787,-15.493946,-15.346845,-15.492538
788,-15.493403,-15.344928,-15.492187
789,-15.492283,-15.343494,-15.490818
790,-15.491205,-15.342714,-15.490942
791,-15.489309,-15.341214,-15.489768
792,-15.488846,-15.340307,-15.489369
793,-15.488123,-15.338950,-15.487455
794,-15.487243,-15.337921,-15.484860
795,-15.486102,-15.336477,-15.483663
796,-15.485313,-15.335342,-15.482471
797,-15.484192,-15.335259,-15.481423
798,-15.483170,-15.333697,-15.480177
799,-15.481812,-15.332270,-15.478607
800,-15.480658,-15.331575,-15.478475
801,-15.479930,-15.330764,-15.478558
802,-15.478907,-15.330707,-15.477939
803,-15.477877,-15.329787,-15.477557
804,-15.477174,-15.328469,-15.477565
805,-15.475502,-15.328319,-15.475958
806,-15.474832,-15.327733,-15.475419
807,-15.474413,-15.325805,-15.474522
808,-15.473304,-15.325401,-15.474203
809,-15.471621,-15.323460,-15.472962
810,-15.470946,-15.322090,-15.472986
811,-15.469378,-15.321538,-15.471692
812,-15.467986,-15.320194,-15.471101
813,-15.466624,-15.320094,-15.469608
814,-15.465601,-15.318482,-15.469557
815,-15.465388,-15.317369,-15.468440
816,-15.465255,-15.316094,-15.465967
817,-15.463944,-15.315410,-15.465459
818,-15.463439,-15.314333,-15.465292
819,-15.461738,-15.313542,-15.463128
820,-15.460773,-15.311949,-15.462614
821,-15.459431,-15.310516,-15.461486
822,-15.458586,-15.309781,-15.460895
823,-15.457665,-15.308843,-15.459200
824,-15.455731,-15.307336,-15.458735
825,-15.455413,-15.306005,-15.457818
826,-15.453980,-15.304585,-15.456680
827,-15.452585,-15.303455,-15.457030
828,-15.451917,-15.303312,-15.457291
829,-15.451237,-15.303873,-15.457156
830,-15.449676,-15.302178,-15.456470
831,-15.448278,-15.301978,-15.455752
832,-15.449375,-15.300907,-15.455312
833,-15.447370,-15.300443,-15.455578
834,-15.446302,-15.299198,-15.454674
835,-15.445108,-15.298448,-15.453751
836,-15.443554,-15.298256,-15.453175
837,-15.441406,-15.297215,-15.452327
838,-15.440653,-15.295459,-15.450895
839,-15.439262,-15.293963,-15.449592
840,-15.437981,-15.292699,-15.448786
841,-15.436686,-15.292034,-15.447250
842,-15.436702,-15.292063,-15.446652
843,-15.435667,-15.291302,-15.446115
844,-15.434264,-15.290031,-15.446460
845,-15.434431,-15.289219,-15.447232
846,-15.433897,-15.289527,-15.447161
847,-15.432948,-15.289327,-15.446624
848,-15.432626,-15.288028,-15.445666
849,-15.431391,-15.287653,-15.444459
850,-15.431121,-15.287047,-15.443323
851,-15.430352,-15.286558,-15.442523
852,-15.428929,-15.286086,-15.443238
853,-15.427256,-15.284775,-15.441704
854,-15.426446,-15.283750,-15.441757
855,-15.425558,-15.282879,-15.442234
856,-15.424629,-15.282135,-15.441631
857,-15.423797,-15.281048,-15.440187
858,-15.423366,-15.279595,-15.439043
859,-15.422286,-15.278409,-15.439335
860,-15.420999,-15.277790,-15.437745
861,-15.419793,-15.276556,-15.437586
862,-15.418744,-15.275931,-15.437119
863,-15.418811,-15.276214,-15.435936
864,-15.417603,-15.275753,-15.435090
865,-15.416902,-15.274502,-15.433520
866,-15.415665,-15.273934,-15.433105
867,-15.415872,-15.272797,-15.433026
868,-15.415159,-15.271851,-15.432708
869,-15.414945,-15.271375,-15.432144
870,-15.415631,-15.270470,-15.431360
871,-15.415309,-15.269161,-15.430441
872,-15.414169,-15.268603,-15.429234
873,-15.412669,-15.267095,-15.427675
874,-15.411852,-15.265613,-15.426954
875,-15.410737,-15.264371,-15.426397
876,-15.409610,-15.263237,-15.426275
877,-15.409048,-15.261671,-15.425349
878,-15.407880,-15.260852,-15.424684
879,-15.407720,-15.260095,-15.424959
880,-15.407215,-15.259264,-15.423900
881,-15.405366,-15.258816,-15.422430
882,-15.405313,-15.257639,-15.421089
883,-15.403400,-15.255706,-15.420781
884,-15.402602,-15.254542,-15.420826
885,-15.402701,-15.254063,-15.420445
886,-15.400587,-15.253737,-15.419582
887,-15.400285,-15.253355,-15.420384
888,-15.399957,-15.252056,-15.419876
889,-15.398651,-15.250559,-15.418700
890,-15.396617,-15.249724,-15.417509
891,-15.396521,-15.249108,-15.417369
892,-15.395521,-15.247695,-15.418136
893,-15.394708,-15.246622,-15.418351
894,-15.393857,-15.245957,-15.419223
895,-15.392615,-15.245517,-15.418455
896,-15.391120,-15.245555,-15.418046
897,-15.390753,-15.244819,-15.416936
898,-15.388857,-15.244182,-15.416907
899,-15.388580,-15.242879,-15.415949
900,-15.388057,-15.241262,-15.415334
901,-15.386470,-15.240869,-15.415192
902,-15.385289,-15.239699,-15.414628
903,-15.383611,-15.238964,-15.413498
904,-15.383345,-15.237951,-15.412622
905,-15.383504,-15.237012,-15.411342
906,-15.382195,-15.236466,-15.410745
907,-15.381010,-15.235747,-15.410431
908,-15.381118,-15.234081,-15.410323
909,-15.379773,-15.232936,-15.409772
910,-15.378893,-15.232429,-15.409200
911,-15.377973,-15.231490,-15.408478
912,-15.377770,-15.230311,-15.408435
913,-15.376108,-15.229797,-15.407675
914,-15.375280,-15.228369,-15.405822
915,-15.373451,-15.229072,-15.405331
916,-15.371930,-15.228648,-15.404556
917,-15.371263,-15.227903,-15.404452
918,-15.370907,-15.226876,-15.403752
919,-15.369903,-15.226746,-15.403516
920,-15.367419,-15.226163,-15.403009
921,-15.366823,-15.225265,-15.401747
922,-15.366258,-15.224560,-15.400696
923,-15.364894,-15.224684,-15.399537
924,-15.364187,-15.223088,-15.398176
925,-15.362833,-15.222814,-15.397783
926,-15.362985,-15.221696,-15.397072
927,-15.361983,-15.220683,-15.397042
928,-15.360139,-15.221040,-15.395610
929,-15.358972,-15.220189,-15.395963
930,-15.357751,-15.218931,-15.396534
931,-15.357707,-15.217876,-15.395494
932,-15.356512,-15.217361,-15.395155
933,-15.355910,-15.216621,-15.395059
934,-15.355120,-15.216124,-15.395196
935,-15.353158,-15.216031,-15.393868
936,-15.352598,-15.215975,-15.392498
937,-15.351751,-15.215462,-15.392562
938,-15.351725,-15.213543,-15.391524
939,-15.351020,-15.212907,-15.390554
940,-15.350301,-15.212338,-15.389699
941,-15.349173,-15.211199,-15.389503
942,-15.349158,-15.209077,-15.388917
943,-15.348879,-15.208581,-15.387633
944,-15.347528,-15.207690,-15.387296
945,-15.348033,-15.207290,-15.386603
946,-15.348750,-15.207139,-15.385720
947,-15.347534,-15.205785,-15.386740
948,-15.346214,-15.204153,-15.385616
949,-15.344236,-15.204280,-15.385560
950,-15.343039,-15.203433,-15.384910
951,-15.342051,-15.202785,-15.384907
952,-15.340111,-15.202277,-15.384356
953,-15.339207,-15.201604,-15.384039
954,-15.339045,-15.200779,-15.384029
955,-15.338527,-15.199731,-15.383407
956,-15.336947,-15.198712,-15.382411
957,-15.335005,-15.197786,-15.381727
958,-15.334160,-15.196716,-15.380972
959,-15.334030,-15.195698,-15.379474
960,-15.334249,-15.195341,-15.377816
961,-15.333437,-15.195329,-15.377339
962,-15.333482,-15.194089,-15.378303
963,-15.332231,-15.193157,-15.377156
964,-15.331960,-15.191816,-15.377620
965,-15.332105,-15.191246,-15.377175
966,-15.332196,-15.190535,-15.376928
967,-15.332140,-15.188584,-15.377593
968,-15.331906,-15.187915,-15.376382
969,-15.331811,-15.188306,-15.376059
970,-15.330430,-15.187330,-15.375270
971,-15.329273,-15.186203,-15.375285
972,-15.327507,-15.185608,-15.374772
973,-15.326736,-15.184635,-15.374218
974,-15.325504,-15.184469,-15.374060
975,-15.324233,-15.184790,-15.374228
976,-15.323221,-15.183891,-15.372467
977,-15.322327,-15.182198,-15.371983
978,-15.321356,-15.180885,-15.372869
979,-15.319959,-15.179806,-15.371178
980,-15.319300,-15.178783,-15.371175
981,-15.318273,-15.177484,-15.371826
982,-15.317285,-15.176931,-15.370725
983,-15.317001,-15.176351,-15.369589
984,-15.314670,-15.175524,-15.369263
985,-15.314053,-15.175216,-15.368331
986,-15.313259,-15.174483,-15.367515
987,-15.313620,-15.174317,-15.365001
988,-15.312732,-15.173027,-15.365447
989,-15.311597,-15.171791,-15.363822
990,-15.310462,-15.171000,-15.363595
991,-15.310258,-15.171890,-15.363353
992,-15.309939,-15.171042,-15.363246
993,-15.310096,-15.169363,-15.364005
994,-15.308754,-15.168216,-15.364794
995,-15.307597,-15.167381,-15.364125
996,-15.306832,-15.167842,-15.362461
997,-15.305902,-15.168042,-15.362588
998,-15.306217,-15.168757,-15.362350
999,-15.306242,-15.168506,-15.362160
1000,-15.306289,-15.167907,-15.361921
