Epoch,beta_max/4,beta_max,4beta_max
1,-14.196325,-15.357882,-77.255230
2,-14.191589,-15.245844,-69.918001
3,-14.186567,-15.145166,-63.758476
4,-14.181303,-15.050744,-58.790396
5,-14.175790,-14.962298,-54.585798
6,-14.169971,-14.881939,-50.960263
7,-14.163931,-14.807603,-47.842561
8,-14.157532,-14.735924,-45.115670
9,-14.150866,-14.670585,-42.627036
10,-14.143662,-14.609780,-40.415926
11,-14.136354,-14.550430,-38.500051
12,-14.128563,-14.492975,-36.707822
13,-14.120385,-14.440364,-35.120289
14,-14.111858,-14.388770,-33.663427
15,-14.102845,-14.340086,-32.327441
16,-14.093443,-14.293921,-31.128152
17,-14.083505,-14.249866,-30.034017
18,-14.073029,-14.208759,-28.997070
19,-14.062124,-14.168545,-28.049591
20,-14.050677,-14.129062,-27.188706
21,-14.038726,-14.092107,-26.402488
22,-14.026311,-14.056953,-25.679542
23,-14.013281,-14.023425,-24.992366
24,-13.999992,-13.991774,-24.358870
25,-13.986046,-13.960979,-23.766634
26,-13.971784,-13.931860,-23.212612
27,-13.957360,-13.903813,-22.697299
28,-13.942110,-13.877701,-22.222640
29,-13.926331,-13.851565,-21.771964
30,-13.910236,-13.826804,-21.341495
31,-13.894341,-13.802157,-20.939101
32,-13.877423,-13.779456,-20.556977
33,-13.860194,-13.757301,-20.199096
34,-13.842626,-13.736321,-19.871155
35,-13.824683,-13.716350,-19.554879
36,-13.807396,-13.697061,-19.261818
37,-13.789345,-13.678047,-18.990206
38,-13.771066,-13.660662,-18.727944
39,-13.753028,-13.643545,-18.480544
40,-13.735072,-13.627429,-18.240942
41,-13.716786,-13.611933,-18.018612
42,-13.698221,-13.596561,-17.803520
43,-13.680330,-13.582377,-17.600751
44,-13.662039,-13.568225,-17.411593
45,-13.644763,-13.554695,-17.234593
46,-13.627660,-13.542336,-17.061907
47,-13.610900,-13.530360,-16.904080
48,-13.594774,-13.518649,-16.750465
49,-13.578931,-13.506604,-16.606446
50,-13.564034,-13.495726,-16.468611
51,-13.549949,-13.484868,-16.336738
52,-13.535677,-13.474302,-16.210166
53,-13.521838,-13.463950,-16.088295
54,-13.508603,-13.453955,-15.974984
55,-13.495922,-13.444704,-15.863609
56,-13.483893,-13.435915,-15.756207
57,-13.472102,-13.426822,-15.653934
58,-13.461066,-13.418035,-15.554767
59,-13.450808,-13.409691,-15.462888
60,-13.440960,-13.401236,-15.373576
61,-13.431703,-13.393556,-15.287435
62,-13.423011,-13.385526,-15.205090
63,-13.414457,-13.378023,-15.127223
64,-13.407089,-13.370904,-15.052251
65,-13.399738,-13.364155,-14.981266
66,-13.393020,-13.357482,-14.913449
67,-13.386968,-13.350568,-14.845729
68,-13.380838,-13.343935,-14.783454
69,-13.375284,-13.337515,-14.721777
70,-13.370187,-13.331477,-14.664139
71,-13.365109,-13.325657,-14.607587
72,-13.360874,-13.319829,-14.553800
73,-13.356318,-13.313964,-14.503144
74,-13.352058,-13.308291,-14.453431
75,-13.347929,-13.302884,-14.404954
76,-13.344096,-13.297641,-14.358930
77,-13.340752,-13.292096,-14.313907
78,-13.337621,-13.286914,-14.269890
79,-13.334300,-13.281802,-14.229102
80,-13.331152,-13.276646,-14.188348
81,-13.328063,-13.271763,-14.150372
82,-13.324835,-13.266986,-14.112949
83,-13.322135,-13.262358,-14.077075
84,-13.319654,-13.257524,-14.042183
85,-13.317211,-13.253087,-14.008055
86,-13.314874,-13.248570,-13.975141
87,-13.312582,-13.244256,-13.944360
88,-13.310502,-13.239898,-13.914674
89,-13.308282,-13.235657,-13.885799
90,-13.306099,-13.231526,-13.858158
91,-13.304024,-13.227310,-13.830067
92,-13.302057,-13.223189,-13.803951
93,-13.300117,-13.219179,-13.778724
94,-13.298250,-13.215341,-13.754583
95,-13.296430,-13.211364,-13.730387
96,-13.294496,-13.207531,-13.706660
97,-13.292783,-13.203800,-13.684191
98,-13.291075,-13.199955,-13.662155
99,-13.289236,-13.196279,-13.640752
100,-13.287401,-13.192578,-13.620246
101,-13.285631,-13.188936,-13.600278
102,-13.283846,-13.185454,-13.580988
103,-13.282191,-13.181951,-13.561240
104,-13.280579,-13.178433,-13.542930
105,-13.278878,-13.174939,-13.524622
106,-13.277198,-13.171429,-13.507520
107,-13.275530,-13.168231,-13.490266
108,-13.273919,-13.164811,-13.473489
109,-13.272252,-13.161582,-13.457778
110,-13.270619,-13.158335,-13.441967
111,-13.268987,-13.155024,-13.427257
112,-13.267453,-13.151798,-13.411706
113,-13.265840,-13.148674,-13.397479
114,-13.264191,-13.145565,-13.382613
115,-13.262631,-13.142506,-13.368751
116,-13.261056,-13.139456,-13.355138
117,-13.259532,-13.136444,-13.343189
118,-13.257981,-13.133441,-13.329948
119,-13.256401,-13.130568,-13.317342
120,-13.254887,-13.127746,-13.305486
121,-13.253376,-13.124959,-13.293747
122,-13.251812,-13.122011,-13.282448
123,-13.250220,-13.119224,-13.270852
124,-13.248665,-13.116499,-13.260334
125,-13.247093,-13.113706,-13.248987
126,-13.245545,-13.110802,-13.238490
127,-13.243987,-13.108025,-13.228330
128,-13.242436,-13.105320,-13.217876
129,-13.240923,-13.102622,-13.208149
130,-13.239408,-13.099895,-13.198687
131,-13.237907,-13.097252,-13.189165
132,-13.236412,-13.094577,-13.179926
133,-13.234896,-13.091970,-13.171018
134,-13.233412,-13.089477,-13.162523
135,-13.231907,-13.087035,-13.153647
136,-13.230385,-13.084353,-13.145087
137,-13.228873,-13.081895,-13.136885
138,-13.227366,-13.079257,-13.128389
139,-13.225890,-13.076709,-13.120808
140,-13.224384,-13.074291,-13.113026
141,-13.222874,-13.071884,-13.105185
142,-13.221344,-13.069464,-13.097354
143,-13.219822,-13.067087,-13.090441
144,-13.218331,-13.064726,-13.083060
145,-13.216817,-13.062389,-13.076066
146,-13.215351,-13.060008,-13.069188
147,-13.213900,-13.057623,-13.062358
148,-13.212453,-13.055348,-13.055941
149,-13.210938,-13.053062,-13.049502
150,-13.209430,-13.050800,-13.043208
151,-13.207966,-13.048493,-13.036753
152,-13.206479,-13.046099,-13.030478
153,-13.204993,-13.043837,-13.024517
154,-13.203509,-13.041566,-13.018739
155,-13.202105,-13.039275,-13.012660
156,-13.200602,-13.037015,-13.006919
157,-13.199090,-13.034843,-13.001337
158,-13.197651,-13.032681,-12.994930
159,-13.196192,-13.030566,-12.989430
160,-13.194779,-13.028493,-12.984592
161,-13.193248,-13.026286,-12.979193
162,-13.191804,-13.024127,-12.973944
163,-13.190319,-13.022051,-12.968549
164,-13.188847,-13.019816,-12.963417
165,-13.187363,-13.017741,-12.958354
166,-13.185887,-13.015620,-12.952972
167,-13.184448,-13.013538,-12.948029
168,-13.182922,-13.011431,-12.943237
169,-13.181433,-13.009384,-12.938539
170,-13.179967,-13.007373,-12.933582
171,-13.178454,-13.005288,-12.928798
172,-13.176978,-13.003372,-12.924277
173,-13.175476,-13.001308,-12.919732
174,-13.174032,-12.999323,-12.915260
175,-13.172521,-12.997350,-12.911020
176,-13.171079,-12.995306,-12.906631
177,-13.169613,-12.993321,-12.902454
178,-13.168140,-12.991446,-12.897954
179,-13.166681,-12.989531,-12.893912
180,-13.165251,-12.987596,-12.889882
181,-13.163839,-12.985630,-12.885942
182,-13.162383,-12.983743,-12.882053
183,-13.160986,-12.981894,-12.878053
184,-13.159514,-12.979991,-12.874332
185,-13.158081,-12.978160,-12.870340
186,-13.156627,-12.976309,-12.866929
187,-13.155167,-12.974449,-12.863122
188,-13.153758,-12.972643,-12.859392
189,-13.152324,-12.970823,-12.855552
190,-13.150886,-12.969012,-12.851693
191,-13.149401,-12.967162,-12.847907
192,-13.147917,-12.965363,-12.843890
193,-13.146401,-12.963621,-12.840778
194,-13.145007,-12.961790,-12.837468
195,-13.143540,-12.960016,-12.833934
196,-13.142087,-12.958210,-12.830715
197,-13.140639,-12.956444,-12.827550
198,-13.139169,-12.954581,-12.824607
199,-13.137761,-12.952850,-12.820887
200,-13.136333,-12.951055,-12.817498
201,-13.134920,-12.949366,-12.814142
202,-13.133415,-12.947584,-12.811215
203,-13.131978,-12.945807,-12.808252
204,-13.130565,-12.944111,-12.805268
205,-13.129123,-12.942375,-12.801842
206,-13.127625,-12.940625,-12.798898
207,-13.126109,-12.938958,-12.795885
208,-13.124703,-12.937160,-12.792898
209,-13.123280,-12.935423,-12.790162
210,-13.121837,-12.933797,-12.787239
211,-13.120394,-12.932078,-12.784497
212,-13.118989,-12.930437,-12.781373
213,-13.117594,-12.928690,-12.778950
214,-13.116125,-12.927037,-12.776120
215,-13.114728,-12.925348,-12.773418
216,-13.113278,-12.923710,-12.770350
217,-13.111771,-12.921989,-12.767525
218,-13.110288,-12.920356,-12.764820
219,-13.108884,-12.918740,-12.762271
220,-13.107424,-12.917095,-12.759564
221,-13.105960,-12.915522,-12.757124
222,-13.104556,-12.913941,-12.754292
223,-13.103054,-12.912310,-12.751888
224,-13.101583,-12.910701,-12.749408
225,-13.100153,-12.909070,-12.746560
226,-13.098736,-12.907459,-12.744013
227,-13.097284,-12.905833,-12.741556
228,-13.095876,-12.904190,-12.738680
229,-13.094417,-12.902569,-12.736129
230,-13.093014,-12.900974,-12.733691
231,-13.091511,-12.899411,-12.731430
232,-13.090116,-12.897824,-12.729281
233,-13.088698,-12.896273,-12.727339
234,-13.087227,-12.894701,-12.724852
235,-13.085762,-12.893166,-12.722134
236,-13.084344,-12.891591,-12.720381
237,-13.082937,-12.890027,-12.718066
238,-13.081511,-12.888545,-12.715485
239,-13.080071,-12.886998,-12.713010
240,-13.078662,-12.885449,-12.710947
241,-13.077258,-12.883909,-12.708660
242,-13.075878,-12.882453,-12.706398
243,-13.074505,-12.880857,-12.703376
244,-13.073077,-12.879354,-12.701415
245,-13.071681,-12.877863,-12.698881
246,-13.070287,-12.876335,-12.696378
247,-13.068867,-12.874776,-12.694925
248,-13.067461,-12.873268,-12.692998
249,-13.066054,-12.871838,-12.690218
250,-13.064676,-12.870361,-12.688361
251,-13.063264,-12.868913,-12.686082
252,-13.061875,-12.867527,-12.683769
253,-13.060449,-12.865995,-12.682059
254,-13.059067,-12.864481,-12.679872
255,-13.057666,-12.863029,-12.677262
256,-13.056225,-12.861584,-12.675238
257,-13.054859,-12.860182,-12.673247
258,-13.053487,-12.858806,-12.671581
259,-13.052023,-12.857376,-12.669952
260,-13.050681,-12.855901,-12.668083
261,-13.049326,-12.854447,-12.666079
262,-13.047965,-12.852974,-12.664046
263,-13.046619,-12.851558,-12.662186
264,-13.045179,-12.850241,-12.660004
265,-13.043769,-12.848835,-12.658565
266,-13.042309,-12.847365,-12.656780
267,-13.040967,-12.845948,-12.654686
268,-13.039493,-12.844605,-12.652663
269,-13.038112,-12.843263,-12.650850
270,-13.036713,-12.841875,-12.648692
271,-13.035269,-12.840468,-12.647134
272,-13.033899,-12.839087,-12.645172
273,-13.032532,-12.837742,-12.643630
274,-13.031153,-12.836364,-12.641985
275,-13.029742,-12.834944,-12.639645
276,-13.028320,-12.833557,-12.637508
277,-13.026916,-12.832068,-12.635815
278,-13.025492,-12.830669,-12.634299
279,-13.024077,-12.829290,-12.632224
280,-13.022697,-12.827970,-12.630657
281,-13.021284,-12.826587,-12.629237
282,-13.019879,-12.825238,-12.627730
283,-13.018503,-12.823868,-12.625818
284,-13.017164,-12.822601,-12.624418
285,-13.015802,-12.821246,-12.622748
286,-13.014492,-12.819972,-12.621227
287,-13.013165,-12.818599,-12.619318
288,-13.011733,-12.817246,-12.618046
289,-13.010329,-12.815936,-12.616272
290,-13.008914,-12.814590,-12.614355
291,-13.007567,-12.813313,-12.612939
292,-13.006171,-12.811921,-12.611249
293,-13.004835,-12.810624,-12.609736
294,-13.003420,-12.809319,-12.608292
295,-13.002055,-12.808071,-12.606720
296,-13.000660,-12.806699,-12.604808
297,-12.999345,-12.805523,-12.603671
298,-12.997937,-12.804233,-12.602023
299,-12.996577,-12.803000,-12.600864
300,-12.995248,-12.801686,-12.599409
301,-12.993883,-12.800301,-12.598338
302,-12.992628,-12.799033,-12.596844
303,-12.991244,-12.797705,-12.594875
304,-12.989909,-12.796412,-12.593131
305,-12.988565,-12.795004,-12.592121
306,-12.987108,-12.793665,-12.590327
307,-12.985726,-12.792448,-12.589403
308,-12.984405,-12.791152,-12.587988
309,-12.983096,-12.789862,-12.586459
310,-12.981735,-12.788609,-12.585149
311,-12.980379,-12.787359,-12.583609
312,-12.979040,-12.786154,-12.582100
313,-12.977651,-12.784800,-12.580847
314,-12.976338,-12.783518,-12.579239
315,-12.975074,-12.782273,-12.578352
316,-12.973794,-12.781050,-12.577121
317,-12.972514,-12.779799,-12.575440
318,-12.971249,-12.778535,-12.573940
319,-12.969925,-12.777306,-12.572252
320,-12.968600,-12.776153,-12.570884
321,-12.967173,-12.774941,-12.569638
322,-12.965780,-12.773702,-12.568199
323,-12.964473,-12.772437,-12.566741
324,-12.963130,-12.771149,-12.565459
325,-12.961807,-12.769988,-12.564281
326,-12.960522,-12.768745,-12.562987
327,-12.959223,-12.767470,-12.560741
328,-12.957861,-12.766223,-12.559153
329,-12.956478,-12.764936,-12.557390
330,-12.955098,-12.763702,-12.556442
331,-12.953765,-12.762414,-12.555388
332,-12.952529,-12.761145,-12.554032
333,-12.951163,-12.759857,-12.552708
334,-12.949934,-12.758694,-12.551198
335,-12.948647,-12.757514,-12.549754
336,-12.947373,-12.756361,-12.548487
337,-12.946155,-12.755156,-12.547145
338,-12.944795,-12.753891,-12.546030
339,-12.943520,-12.752660,-12.544864
340,-12.942300,-12.751501,-12.544004
341,-12.941019,-12.750309,-12.542277
342,-12.939727,-12.749135,-12.541347
343,-12.938361,-12.747926,-12.539431
344,-12.937054,-12.746794,-12.537970
345,-12.935804,-12.745678,-12.536368
346,-12.934429,-12.744429,-12.535620
347,-12.933165,-12.743292,-12.534798
348,-12.931933,-12.742123,-12.533495
349,-12.930594,-12.740988,-12.532072
350,-12.929327,-12.739866,-12.530351
351,-12.928018,-12.738735,-12.529007
352,-12.926734,-12.737516,-12.527721
353,-12.925441,-12.736376,-12.526663
354,-12.924214,-12.735217,-12.525581
355,-12.922940,-12.733955,-12.524534
356,-12.921713,-12.732785,-12.522904
357,-12.920487,-12.731573,-12.521578
358,-12.919197,-12.730433,-12.520218
359,-12.917870,-12.729545,-12.519150
360,-12.916682,-12.728394,-12.518501
361,-12.915384,-12.727299,-12.516816
362,-12.914137,-12.726243,-12.515812
363,-12.912887,-12.725237,-12.514051
364,-12.911652,-12.724080,-12.512830
365,-12.910375,-12.722969,-12.511445
366,-12.909098,-12.721954,-12.510560
367,-12.907758,-12.720830,-12.509342
368,-12.906526,-12.719609,-12.508118
369,-12.905324,-12.718529,-12.506788
370,-12.904084,-12.717359,-12.505866
371,-12.902870,-12.716193,-12.504411
372,-12.901660,-12.715078,-12.503465
373,-12.900425,-12.713981,-12.502302
374,-12.899168,-12.712797,-12.500990
375,-12.897870,-12.711712,-12.500230
376,-12.896653,-12.710560,-12.499099
377,-12.895373,-12.709477,-12.498297
378,-12.894116,-12.708463,-12.497307
379,-12.892814,-12.707366,-12.496289
380,-12.891637,-12.706300,-12.495684
381,-12.890412,-12.705172,-12.494757
382,-12.889226,-12.704121,-12.494141
383,-12.887955,-12.703068,-12.492421
384,-12.886712,-12.702148,-12.491190
385,-12.885464,-12.701087,-12.490552
386,-12.884297,-12.699948,-12.489838
387,-12.883188,-12.698937,-12.488277
388,-12.881891,-12.697907,-12.487277
389,-12.880694,-12.696782,-12.485634
390,-12.879550,-12.695774,-12.484976
391,-12.878393,-12.694714,-12.484087
392,-12.877227,-12.693627,-12.482591
393,-12.876015,-12.692617,-12.481293
394,-12.874850,-12.691630,-12.480140
395,-12.873575,-12.690476,-12.479016
396,-12.872468,-12.689231,-12.477884
397,-12.871255,-12.688181,-12.477208
398,-12.870040,-12.687157,-12.476286
399,-12.868887,-12.686156,-12.474740
400,-12.867601,-12.685095,-12.474350
401,-12.866417,-12.684025,-12.472981
402,-12.865293,-12.682972,-12.471516
403,-12.864107,-12.681901,-12.471103
404,-12.862884,-12.680820,-12.470190
405,-12.861757,-12.679680,-12.469175
406,-12.860566,-12.678680,-12.468332
407,-12.859320,-12.677557,-12.466650
408,-12.858145,-12.676646,-12.465703
409,-12.857014,-12.675643,-12.464989
410,-12.855863,-12.674583,-12.464252
411,-12.854664,-12.673648,-12.463234
412,-12.853520,-12.672591,-12.462273
413,-12.852300,-12.671446,-12.461458
414,-12.851069,-12.670461,-12.460359
415,-12.849888,-12.669412,-12.459340
416,-12.848723,-12.668475,-12.458335
417,-12.847685,-12.667448,-12.457600
418,-12.846487,-12.666332,-12.456267
419,-12.845262,-12.665224,-12.454971
420,-12.844053,-12.664123,-12.454338
421,-12.842897,-12.663167,-12.453097
422,-12.841786,-12.662094,-12.452335
423,-12.840759,-12.661022,-12.451809
424,-12.839704,-12.659954,-12.450834
425,-12.838556,-12.658988,-12.449420
426,-12.837392,-12.657982,-12.448729
427,-12.836345,-12.657027,-12.447249
428,-12.835272,-12.656143,-12.446420
429,-12.834118,-12.655135,-12.445391
430,-12.832929,-12.654246,-12.444470
431,-12.831799,-12.653333,-12.443856
432,-12.830544,-12.652259,-12.443162
433,-12.829504,-12.651210,-12.441831
434,-12.828334,-12.650272,-12.440938
435,-12.827271,-12.649208,-12.439674
436,-12.826035,-12.648191,-12.438868
437,-12.824847,-12.647223,-12.437650
438,-12.823695,-12.646437,-12.436112
439,-12.822621,-12.645520,-12.435403
440,-12.821519,-12.644683,-12.434837
441,-12.820437,-12.643718,-12.433324
442,-12.819351,-12.642739,-12.432812
443,-12.818251,-12.641861,-12.432219
444,-12.817057,-12.640869,-12.431653
445,-12.816031,-12.639779,-12.430962
446,-12.814887,-12.638818,-12.430379
447,-12.813688,-12.637876,-12.429495
448,-12.812595,-12.637015,-12.428561
449,-12.811495,-12.635883,-12.427943
450,-12.810332,-12.635001,-12.427353
451,-12.809329,-12.633817,-12.426858
452,-12.808148,-12.632812,-12.425651
453,-12.807036,-12.632016,-12.425352
454,-12.805867,-12.630935,-12.424479
455,-12.804672,-12.629975,-12.423433
456,-12.803520,-12.629043,-12.422230
457,-12.802397,-12.628090,-12.421872
458,-12.801309,-12.627059,-12.420968
459,-12.800142,-12.626086,-12.419808
460,-12.799002,-12.625081,-12.418789
461,-12.797988,-12.624166,-12.417939
462,-12.796858,-12.623287,-12.416996
463,-12.795780,-12.622444,-12.416001
464,-12.794658,-12.621509,-12.414893
465,-12.793677,-12.620554,-12.414269
466,-12.792452,-12.619586,-12.413405
467,-12.791402,-12.618641,-12.412805
468,-12.790303,-12.617908,-12.411989
469,-12.789231,-12.617032,-12.411357
470,-12.788121,-12.616164,-12.410513
471,-12.787065,-12.615181,-12.409812
472,-12.785952,-12.614123,-12.408938
473,-12.784883,-12.613207,-12.408345
474,-12.783774,-12.612252,-12.407309
475,-12.782749,-12.611445,-12.406307
476,-12.781737,-12.610639,-12.405212
477,-12.780645,-12.609847,-12.404275
478,-12.779603,-12.608811,-12.403215
479,-12.778472,-12.608000,-12.402333
480,-12.777405,-12.607048,-12.401248
481,-12.776330,-12.606222,-12.400260
482,-12.775288,-12.605079,-12.399688
483,-12.774304,-12.604202,-12.399047
484,-12.773218,-12.603185,-12.398576
485,-12.772175,-12.602488,-12.397935
486,-12.771144,-12.601574,-12.396503
487,-12.770106,-12.600726,-12.395841
488,-12.769117,-12.599967,-12.394990
489,-12.768141,-12.598986,-12.393934
490,-12.767171,-12.598166,-12.393163
491,-12.766024,-12.597240,-12.392762
492,-12.764953,-12.596374,-12.392156
493,-12.763919,-12.595376,-12.391648
494,-12.762779,-12.594390,-12.390005
495,-12.761682,-12.593630,-12.389334
496,-12.760701,-12.592722,-12.388276
497,-12.759671,-12.591801,-12.387160
498,-12.758703,-12.591081,-12.386180
499,-12.757670,-12.590235,-12.385073
500,-12.756734,-12.589363,-12.383955
501,-12.755635,-12.588496,-12.382354
502,-12.754626,-12.587636,-12.381313
503,-12.753678,-12.586797,-12.380330
504,-12.752724,-12.585967,-12.379593
505,-12.751653,-12.585143,-12.379559
506,-12.750617,-12.584240,-12.378726
507,-12.749590,-12.583351,-12.377391
508,-12.748541,-12.582440,-12.376881
509,-12.747553,-12.581499,-12.375914
510,-12.746515,-12.580670,-12.375812
511,-12.745449,-12.579845,-12.374600
512,-12.744481,-12.578989,-12.374021
513,-12.743529,-12.578382,-12.373690
514,-12.742328,-12.577278,-12.372838
515,-12.741398,-12.576501,-12.372123
516,-12.740365,-12.575765,-12.371454
517,-12.739347,-12.574846,-12.370938
518,-12.738349,-12.573807,-12.370538
519,-12.737407,-12.573029,-12.369876
520,-12.736405,-12.572289,-12.369178
521,-12.735429,-12.571514,-12.368964
522,-12.734404,-12.570791,-12.368218
523,-12.733208,-12.569996,-12.367515
524,-12.732161,-12.569186,-12.366755
525,-12.731096,-12.568435,-12.366282
526,-12.729964,-12.567491,-12.365870
527,-12.728920,-12.566590,-12.364340
528,-12.727931,-12.565735,-12.363685
529,-12.726987,-12.564952,-12.362894
530,-12.726002,-12.564132,-12.361767
531,-12.725124,-12.563402,-12.360911
532,-12.724143,-12.562599,-12.360051
533,-12.723157,-12.561928,-12.359658
534,-12.722182,-12.561051,-12.358926
535,-12.721330,-12.560273,-12.358254
536,-12.720443,-12.559489,-12.357491
537,-12.719546,-12.558791,-12.356452
538,-12.718595,-12.557849,-12.355786
539,-12.717666,-12.557005,-12.355202
540,-12.716722,-12.556237,-12.354836
541,-12.715663,-12.555462,-12.354818
542,-12.714680,-12.554538,-12.353634
543,-12.713736,-12.553901,-12.352579
544,-12.712717,-12.553104,-12.351935
545,-12.711726,-12.552248,-12.351336
546,-12.710849,-12.551435,-12.350083
547,-12.709913,-12.550546,-12.349656
548,-12.709097,-12.549805,-12.348834
549,-12.708039,-12.549048,-12.348079
550,-12.707072,-12.548293,-12.347351
551,-12.706043,-12.547430,-12.346379
552,-12.704992,-12.546500,-12.345999
553,-12.704128,-12.545697,-12.345566
554,-12.703210,-12.544978,-12.345414
555,-12.702153,-12.544032,-12.344679
556,-12.701077,-12.543247,-12.344230
557,-12.700131,-12.542552,-12.343397
558,-12.699307,-12.541734,-12.342190
559,-12.698365,-12.540938,-12.341628
560,-12.697444,-12.540316,-12.341001
561,-12.696530,-12.539521,-12.340196
562,-12.695606,-12.538478,-12.339891
563,-12.694595,-12.537754,-12.339568
564,-12.693616,-12.537181,-12.338519
565,-12.692557,-12.536490,-12.338005
566,-12.691666,-12.535573,-12.336866
567,-12.690683,-12.534833,-12.336244
568,-12.689695,-12.534153,-12.335747
569,-12.688697,-12.533374,-12.334782
570,-12.687676,-12.532768,-12.334474
571,-12.686824,-12.532045,-12.334243
572,-12.685957,-12.531181,-12.333670
573,-12.684937,-12.530511,-12.333171
574,-12.683893,-12.529822,-12.332454
575,-12.682918,-12.529008,-12.331046
576,-12.682030,-12.528273,-12.330168
577,-12.681247,-12.527473,-12.329865
578,-12.680228,-12.526732,-12.328829
579,-12.679427,-12.525885,-12.328283
580,-12.678388,-12.525054,-12.327730
581,-12.677520,-12.524345,-12.327140
582,-12.676661,-12.523557,-12.326536
583,-12.675640,-12.522960,-12.325474
584,-12.674737,-12.522255,-12.324786
585,-12.673727,-12.521695,-12.324316
586,-12.672877,-12.520865,-12.324545
587,-12.671866,-12.520009,-12.324473
588,-12.670901,-12.519475,-12.324812
589,-12.670049,-12.518755,-12.323880
590,-12.669041,-12.518108,-12.323559
591,-12.668174,-12.517418,-12.322828
592,-12.667153,-12.516709,-12.321883
593,-12.666210,-12.515713,-12.321043
594,-12.665266,-12.515143,-12.320413
595,-12.664533,-12.514441,-12.319573
596,-12.663663,-12.513415,-12.318845
597,-12.662849,-12.512392,-12.318227
598,-12.662004,-12.511682,-12.317745
599,-12.661201,-12.510980,-12.316876
600,-12.660244,-12.510373,-12.316281
601,-12.659469,-12.509606,-12.315050
602,-12.658554,-12.508890,-12.313710
603,-12.657668,-12.508299,-12.313268
604,-12.656702,-12.507710,-12.312772
605,-12.655809,-12.507211,-12.312305
606,-12.654911,-12.506518,-12.311395
607,-12.654081,-12.505781,-12.310893
608,-12.653265,-12.504984,-12.310203
609,-12.652325,-12.504211,-12.309695
610,-12.651547,-12.503708,-12.308798
611,-12.650735,-12.502876,-12.308376
612,-12.649778,-12.502164,-12.307542
613,-12.648804,-12.501440,-12.306630
614,-12.647985,-12.500979,-12.305718
615,-12.647229,-12.500273,-12.305457
616,-12.646363,-12.499535,-12.304529
617,-12.645286,-12.498912,-12.303528
618,-12.644457,-12.498047,-12.302604
619,-12.643600,-12.497125,-12.301816
620,-12.642676,-12.496307,-12.301038
621,-12.641909,-12.495705,-12.300855
622,-12.640952,-12.495169,-12.300018
623,-12.640144,-12.494630,-12.299676
624,-12.639440,-12.493786,-12.299632
625,-12.638628,-12.492928,-12.298357
626,-12.637835,-12.492348,-12.298381
627,-12.636960,-12.491774,-12.297461
628,-12.636134,-12.491268,-12.296808
629,-12.635267,-12.490597,-12.295961
630,-12.634417,-12.489974,-12.294834
631,-12.633555,-12.489166,-12.294355
632,-12.632677,-12.488439,-12.293872
633,-12.631841,-12.487813,-12.293252
634,-12.631050,-12.487248,-12.292472
635,-12.630165,-12.486495,-12.291956
636,-12.629322,-12.485720,-12.291316
637,-12.628526,-12.484987,-12.290477
638,-12.627512,-12.484248,-12.289788
639,-12.626698,-12.483737,-12.289117
640,-12.625661,-12.482972,-12.288262
641,-12.624726,-12.482236,-12.287681
642,-12.624026,-12.481692,-12.287224
643,-12.623068,-12.481106,-12.286257
644,-12.622117,-12.480463,-12.285413
645,-12.621390,-12.479870,-12.284947
646,-12.620618,-12.478930,-12.284693
647,-12.619817,-12.478206,-12.284069
648,-12.619002,-12.477513,-12.283400
649,-12.618229,-12.477010,-12.282735
650,-12.617425,-12.476481,-12.282169
651,-12.616575,-12.475702,-12.281368
652,-12.615763,-12.475159,-12.280981
653,-12.615094,-12.474623,-12.280438
654,-12.614425,-12.474007,-12.279894
655,-12.613781,-12.473299,-12.278652
656,-12.612910,-12.472725,-12.277614
657,-12.612055,-12.472197,-12.277076
658,-12.611309,-12.471714,-12.276097
659,-12.610490,-12.471037,-12.275429
660,-12.609546,-12.470189,-12.274863
661,-12.608827,-12.469340,-12.274348
662,-12.608078,-12.468849,-12.273634
663,-12.607275,-12.468102,-12.273004
664,-12.606285,-12.467373,-12.272598
665,-12.605382,-12.466982,-12.272071
666,-12.604475,-12.466346,-12.271294
667,-12.603532,-12.465666,-12.270365
668,-12.602796,-12.464877,-12.269843
669,-12.601894,-12.464219,-12.269313
670,-12.601209,-12.463802,-12.269039
671,-12.600338,-12.463172,-12.268007
672,-12.599287,-12.462361,-12.267588
673,-12.598658,-12.461647,-12.267212
674,-12.597941,-12.461039,-12.266565
675,-12.597248,-12.460392,-12.266106
676,-12.596593,-12.459770,-12.265563
677,-12.595882,-12.459241,-12.264726
678,-12.595037,-12.458724,-12.263467
679,-12.594236,-12.458105,-12.263554
680,-12.593365,-12.457471,-12.262605
681,-12.592702,-12.456839,-12.261989
682,-12.592029,-12.456292,-12.261400
683,-12.591197,-12.455728,-12.260277
684,-12.590461,-12.455264,-12.259819
685,-12.589846,-12.454854,-12.258799
686,-12.589205,-12.454194,-12.258514
687,-12.588391,-12.453787,-12.257919
688,-12.587590,-12.453453,-12.257096
689,-12.587027,-12.452885,-12.256216
690,-12.586222,-12.452297,-12.255353
691,-12.585572,-12.451823,-12.255493
692,-12.584946,-12.451166,-12.255471
693,-12.584044,-12.450532,-12.254726
694,-12.583248,-12.449965,-12.254477
695,-12.582720,-12.449445,-12.253895
696,-12.581759,-12.449020,-12.253352
697,-12.580878,-12.448506,-12.252223
698,-12.579953,-12.447634,-12.251716
699,-12.579208,-12.446775,-12.251257
700,-12.578409,-12.446410,-12.250319
701,-12.577983,-12.445656,-12.250343
702,-12.577230,-12.445206,-12.249706
703,-12.576424,-12.444586,-12.249523
704,-12.575760,-12.443776,-12.249593
705,-12.574923,-12.443228,-12.248712
706,-12.573961,-12.442803,-12.248290
707,-12.573339,-12.442216,-12.247278
708,-12.572595,-12.441566,-12.246476
709,-12.572087,-12.441042,-12.245557
710,-12.571381,-12.440426,-12.244587
711,-12.570675,-12.440121,-12.243920
712,-12.569819,-12.439362,-12.243008
713,-12.569108,-12.438928,-12.242082
714,-12.568373,-12.438151,-12.241517
715,-12.567525,-12.437604,-12.241196
716,-12.566830,-12.437119,-12.240333
717,-12.566249,-12.436589,-12.239148
718,-12.565589,-12.435998,-12.238859
719,-12.565060,-12.435252,-12.238475
720,-12.564274,-12.434665,-12.238252
721,-12.563547,-12.434257,-12.238076
722,-12.563052,-12.433354,-12.237404
723,-12.562300,-12.432823,-12.237234
724,-12.561521,-12.432183,-12.236519
725,-12.560820,-12.431877,-12.235881
726,-12.560086,-12.431329,-12.235319
727,-12.559440,-12.430672,-12.235324
728,-12.558557,-12.430418,-12.234749
729,-12.557845,-12.429769,-12.233925
730,-12.557090,-12.429501,-12.233475
731,-12.556527,-12.429186,-12.232875
732,-12.555753,-12.428417,-12.232595
733,-12.555173,-12.427905,-12.231742
734,-12.554594,-12.427601,-12.231085
735,-12.553700,-12.427026,-12.230426
736,-12.553018,-12.426351,-12.230230
737,-12.552155,-12.425576,-12.229522
738,-12.551282,-12.424875,-12.228825
739,-12.550406,-12.424232,-12.228622
740,-12.549677,-12.423772,-12.227607
741,-12.549156,-12.423357,-12.226964
742,-12.548525,-12.422855,-12.226515
743,-12.547875,-12.422183,-12.225849
744,-12.547153,-12.422039,-12.225751
745,-12.546372,-12.421613,-12.224712
746,-12.545668,-12.421245,-12.224031
747,-12.544995,-12.420643,-12.224177
748,-12.544438,-12.420454,-12.223974
749,-12.543565,-12.419981,-12.223522
750,-12.542897,-12.419173,-12.222496
751,-12.542305,-12.418287,-12.221820
752,-12.541950,-12.417639,-12.221246
753,-12.541016,-12.417050,-12.220705
754,-12.540455,-12.416295,-12.220209
755,-12.539652,-12.415603,-12.219788
756,-12.538958,-12.415080,-12.218995
757,-12.538220,-12.414566,-12.218625
758,-12.537745,-12.414274,-12.217469
759,-12.537280,-12.414048,-12.216880
760,-12.536740,-12.413533,-12.215994
761,-12.536134,-12.413019,-12.215794
762,-12.535218,-12.412695,-12.215360
763,-12.534681,-12.412145,-12.214991
764,-12.534075,-12.411529,-12.214819
765,-12.533367,-12.410956,-12.214504
766,-12.532409,-12.410111,-12.214096
767,-12.531723,-12.409613,-12.213072
768,-12.530954,-12.409242,-12.212445
769,-12.530279,-12.408656,-12.211974
770,-12.529822,-12.408164,-12.211331
771,-12.529097,-12.407527,-12.210185
772,-12.528680,-12.406935,-12.209669
773,-12.527890,-12.405942,-12.209295
774,-12.527251,-12.405589,-12.209134
775,-12.526564,-12.404718,-12.208510
776,-12.525749,-12.404371,-12.207689
777,-12.525064,-12.403719,-12.207084
778,-12.524349,-12.403288,-12.206517
779,-12.523570,-12.402808,-12.205712
780,-12.522900,-12.402392,-12.205056
781,-12.522291,-12.401969,-12.204201
782,-12.521362,-12.401736,-12.203505
783,-12.520753,-12.401304,-12.202837
784,-12.520025,-12.401001,-12.202434
785,-12.519439,-12.400324,-12.201792
786,-12.518885,-12.399723,-12.200806
787,-12.518280,-12.399186,-12.199895
788,-12.517751,-12.398645,-12.198869
789,-12.517082,-12.398130,-12.197966
790,-12.516365,-12.397786,-12.198198
791,-12.515583,-12.397009,-12.197572
792,-12.514864,-12.396500,-12.196917
793,-12.514272,-12.396059,-12.196576
794,-12.513619,-12.395488,-12.195879
795,-12.512936,-12.395081,-12.195965
796,-12.512289,-12.394548,-12.195510
797,-12.511699,-12.393904,-12.194575
798,-12.511229,-12.393333,-12.193868
799,-12.510620,-12.392726,-12.193428
800,-12.510112,-12.392215,-12.193253
801,-12.509556,-12.391943,-12.192348
802,-12.508846,-12.391392,-12.191445
803,-12.508278,-12.391108,-12.191096
804,-12.507731,-12.390554,-12.190201
805,-12.506964,-12.389991,-12.189654
806,-12.506388,-12.389532,-12.189351
807,-12.505908,-12.389178,-12.188821
808,-12.505393,-12.388631,-12.188253
809,-12.504760,-12.388121,-12.187465
810,-12.504087,-12.387354,-12.186713
811,-12.503469,-12.386874,-12.186029
812,-12.502894,-12.386367,-12.185163
813,-12.502184,-12.385709,-12.184856
814,-12.501607,-12.385279,-12.184663
815,-12.501054,-12.384674,-12.184041
816,-12.500431,-12.384393,-12.183617
817,-12.499816,-12.383910,-12.183068
818,-12.499384,-12.383576,-12.182543
819,-12.498660,-12.383122,-12.181932
820,-12.497998,-12.382727,-12.180525
821,-12.497605,-12.382308,-12.180744
822,-12.496977,-12.382031,-12.180536
823,-12.496416,-12.381727,-12.179774
824,-12.495787,-12.381348,-12.179261
825,-12.495141,-12.380740,-12.178778
826,-12.494496,-12.380269,-12.177912
827,-12.494004,-12.379970,-12.177341
828,-12.493419,-12.379490,-12.177040
829,-12.492852,-12.378879,-12.176314
830,-12.492128,-12.378225,-12.175257
831,-12.491311,-12.377627,-12.174821
832,-12.490792,-12.377173,-12.174416
833,-12.490314,-12.376495,-12.174425
834,-12.489729,-12.376027,-12.173578
835,-12.489047,-12.375436,-12.173100
836,-12.488671,-12.374903,-12.173225
837,-12.488178,-12.374693,-12.172236
838,-12.487705,-12.374229,-12.171948
839,-12.486785,-12.373763,-12.171235
840,-12.486320,-12.373576,-12.170805
841,-12.485802,-12.372689,-12.170638
842,-12.485133,-12.372142,-12.170338
843,-12.484582,-12.371687,-12.169998
844,-12.484314,-12.371324,-12.170013
845,-12.483856,-12.370787,-12.169335
846,-12.483465,-12.370181,-12.169151
847,-12.483115,-12.369664,-12.167576
848,-12.482414,-12.369148,-12.166682
849,-12.481833,-12.368566,-12.165973
850,-12.481062,-12.368470,-12.165485
851,-12.480397,-12.367907,-12.164814
852,-12.480007,-12.367912,-12.163885
853,-12.479229,-12.367462,-12.163569
854,-12.478655,-12.366870,-12.163377
855,-12.477949,-12.366473,-12.163053
856,-12.477344,-12.365978,-12.162498
857,-12.477004,-12.365505,-12.161957
858,-12.476417,-12.365261,-12.161614
859,-12.476079,-12.364642,-12.160690
860,-12.475580,-12.363909,-12.160517
861,-12.474958,-12.363677,-12.160012
862,-12.474383,-12.363212,-12.159336
863,-12.473709,-12.362799,-12.158818
864,-12.472973,-12.362161,-12.158486
865,-12.472502,-12.361605,-12.158131
866,-12.471986,-12.361297,-12.157359
867,-12.471565,-12.360886,-12.157049
868,-12.470776,-12.360520,-12.156507
869,-12.470389,-12.359893,-12.156322
870,-12.469832,-12.359433,-12.156127
871,-12.469091,-12.359127,-12.155306
872,-12.468550,-12.358712,-12.154568
873,-12.467971,-12.358322,-12.154103
874,-12.467469,-12.358014,-12.153202
875,-12.466954,-12.357346,-12.152489
876,-12.466209,-12.357216,-12.152082
877,-12.465779,-12.356649,-12.151885
878,-12.465305,-12.356037,-12.150636
879,-12.464801,-12.355886,-12.149981
880,-12.464519,-12.355300,-12.149655
881,-12.463975,-12.354820,-12.148637
882,-12.463557,-12.354241,-12.148636
883,-12.462895,-12.354173,-12.148403
884,-12.462382,-12.353565,-12.147931
885,-12.461939,-12.353205,-12.147772
886,-12.461562,-12.352794,-12.147300
887,-12.460955,-12.352359,-12.146878
888,-12.460420,-12.352068,-12.146057
889,-12.460034,-12.351454,-12.145542
890,-12.459715,-12.350891,-12.144825
891,-12.459351,-12.350459,-12.144427
892,-12.458881,-12.349892,-12.144235
893,-12.458100,-12.349608,-12.143482
894,-12.457733,-12.349276,-12.142542
895,-12.457213,-12.349036,-12.142203
896,-12.457089,-12.348951,-12.141539
897,-12.456683,-12.348639,-12.140926
898,-12.456424,-12.348535,-12.140320
899,-12.455818,-12.348189,-12.140167
900,-12.455360,-12.347573,-12.139187
901,-12.454872,-12.347030,-12.139000
902,-12.454386,-12.346439,-12.138736
903,-12.453920,-12.346293,-12.137759
904,-12.453508,-12.345911,-12.136958
905,-12.452798,-12.345514,-12.136842
906,-12.452233,-12.344816,-12.136231
907,-12.451462,-12.344659,-12.135975
908,-12.450620,-12.344154,-12.134958
909,-12.450036,-12.343641,-12.134171
910,-12.449689,-12.342875,-12.133677
911,-12.449232,-12.342397,-12.133449
912,-12.448924,-12.341785,-12.133416
913,-12.448374,-12.341730,-12.133088
914,-12.447751,-12.341649,-12.132517
915,-12.447461,-12.341272,-12.132099
916,-12.446900,-12.340990,-12.131820
917,-12.446388,-12.340307,-12.131333
918,-12.445851,-12.339870,-12.130761
919,-12.445523,-12.339411,-12.130699
920,-12.444924,-12.339145,-12.130140
921,-12.444327,-12.338719,-12.130095
922,-12.444093,-12.338288,-12.129811
923,-12.443487,-12.337725,-12.128762
924,-12.443093,-12.337648,-12.128733
925,-12.442759,-12.337230,-12.128212
926,-12.442243,-12.336664,-12.127275
927,-12.442081,-12.336527,-12.126921
928,-12.441751,-12.336026,-12.126749
929,-12.440932,-12.335569,-12.126149
930,-12.440372,-12.335084,-12.126036
931,-12.439665,-12.334516,-12.125765
932,-12.439546,-12.333767,-12.125302
933,-12.438980,-12.333585,-12.124371
934,-12.438403,-12.333304,-12.123900
935,-12.437894,-12.332786,-12.123460
936,-12.437595,-12.332106,-12.122825
937,-12.436990,-12.331834,-12.122748
938,-12.436455,-12.331163,-12.122836
939,-12.436077,-12.330685,-12.122286
940,-12.435826,-12.330431,-12.122049
941,-12.435399,-12.330188,-12.121365
942,-12.434775,-12.329725,-12.120886
943,-12.434249,-12.329404,-12.120639
944,-12.433952,-12.329020,-12.120040
945,-12.433482,-12.328750,-12.119693
946,-12.433088,-12.328315,-12.119101
947,-12.432621,-12.328122,-12.118345
948,-12.432147,-12.327871,-12.117652
949,-12.431712,-12.327478,-12.116860
950,-12.431206,-12.327119,-12.116463
951,-12.430644,-12.326649,-12.116129
952,-12.430112,-12.326348,-12.115843
953,-12.429414,-12.326108,-12.115308
954,-12.428838,-12.325584,-12.114804
955,-12.428291,-12.325366,-12.113918
956,-12.427694,-12.325295,-12.113324
957,-12.427316,-12.324620,-12.113137
958,-12.426896,-12.324240,-12.112749
959,-12.426451,-12.324141,-12.112559
960,-12.425980,-12.323800,-12.112092
961,-12.425517,-12.323364,-12.111566
962,-12.425054,-12.323010,-12.110856
963,-12.424617,-12.322902,-12.110028
964,-12.424283,-12.322603,-12.109959
965,-12.423954,-12.321861,-12.109520
966,-12.423660,-12.321599,-12.109249
967,-12.422903,-12.321330,-12.108710
968,-12.422534,-12.320616,-12.107832
969,-12.422062,-12.320093,-12.107513
970,-12.421426,-12.319768,-12.106920
971,-12.421073,-12.319459,-12.105978
972,-12.420544,-12.319302,-12.105151
973,-12.420098,-12.318662,-12.104420
974,-12.419436,-12.318653,-12.104128
975,-12.419069,-12.318188,-12.104139
976,-12.418585,-12.318202,-12.103588
977,-12.418181,-12.317801,-12.101982
978,-12.417337,-12.317098,-12.101146
979,-12.416688,-12.316552,-12.100986
980,-12.416615,-12.316271,-12.100391
981,-12.416333,-12.315738,-12.100147
982,-12.415877,-12.315610,-12.099377
983,-12.415663,-12.315183,-12.099209
984,-12.415283,-12.314775,-12.098818
985,-12.414563,-12.314183,-12.098167
986,-12.414146,-12.313475,-12.098337
987,-12.413859,-12.313114,-12.097444
988,-12.413885,-12.312770,-12.097348
989,-12.413351,-12.312518,-12.097029
990,-12.412871,-12.311585,-12.096680
991,-12.412342,-12.311112,-12.096191
992,-12.411872,-12.310795,-12.095513
993,-12.411388,-12.310317,-12.095638
994,-12.411203,-12.310073,-12.095169
995,-12.410703,-12.309748,-12.094824
996,-12.410363,-12.309454,-12.094575
997,-12.410157,-12.308999,-12.094396
998,-12.409836,-12.308628,-12.093532
999,-12.409578,-12.308211,-12.092181
1000,-12.409239,-12.308398,-12.091821
