alpha,beta,q[0],q[1],q_hat[0],q_hat[1],"abs(chi[0, 1])",iteration
0.5,1e-16,3.0864189766190144e-07,9.999993336100649e-07,3.333331112033549e-39,2.0576126510793425e-39,1.3717395925445042e-39,2
0.5,0.0300000000000001,3.0876743971899185e-07,1.0001845933219717e-06,3.000553779965935e-10,1.8526046383139634e-10,1.2346973907326613e-10,3
0.5,0.060000000000000095,3.0914440101779124e-07,1.0007412767070775e-06,1.2008895320484966e-09,7.419465624427012e-10,4.940374116391602e-10,3
0.5,0.0900000000000001,3.097737895131403e-07,1.0016721011905693e-06,2.7045146732145423e-09,1.672778463370961e-09,1.1121809865482808e-09,3
0.5,0.12000000000000009,3.106572945598201e-07,1.002981613115521e-06,4.814311742954508e-09,2.9823100277742776e-09,1.978705783998423e-09,3
0.5,0.15000000000000008,3.117973021131367e-07,1.0046762158182032e-06,7.535071618636532e-09,4.676959531697055e-09,3.0947576375392994e-09,3
0.5,0.18000000000000008,3.1319691678707144e-07,1.0067642105370987e-06,1.0873053473800673e-08,6.765053402600748e-09,4.461841531870279e-09,3
0.5,0.21000000000000008,3.148599910816288e-07,1.0092558508504954e-06,1.4836061007502294e-08,9.256883737799893e-09,6.0818459352872586e-09,3
0.5,0.24000000000000007,3.1679116220158235e-07,1.0121634115891057e-06,1.9433537502510838e-08,1.2164780628540768e-08,7.957073119699247e-09,3
0.5,0.2700000000000001,3.189958970103701e-07,1.0155012734440254e-06,2.4676680944689825e-08,1.5503200594703994e-08,1.0090275844390206e-08,3
0.5,0.30000000000000004,3.2148155965714196e-07,1.0192880884040018e-06,3.057864265212006e-08,1.9288893579428522e-08,1.2484700874807977e-08,4
0.5,0.33000000000000007,3.242540598191803e-07,1.02353996292749e-06,3.71545006542679e-08,2.3540844742872497e-08,1.5144139917883807e-08,4
0.5,0.3600000000000001,3.273223839262511e-07,1.0282796490820552e-06,4.442168084034481e-08,2.828065397122811e-08,1.8072988683883524e-08,4
0.5,0.3900000000000001,3.306960529260402e-07,1.0335313799410461e-06,5.2400040963011066e-08,3.3532579766700496e-08,2.1276314937104458e-08,4
0.5,0.42000000000000015,3.343858153402965e-07,1.0393222689580462e-06,6.111214941473316e-08,3.9323771884018904e-08,2.475993657771921e-08,4
0.5,0.4500000000000002,3.3840376499488817e-07,1.0456825434490082e-06,7.05835716828081e-08,4.5684508274309936e-08,2.853051101273439e-08,4
0.5,0.4800000000000002,3.427634764137219e-07,1.0526458151921964e-06,8.084319860676074e-08,5.2648469977147726e-08,3.2595637332699444e-08,4
0.5,0.5100000000000002,3.474801604641735e-07,1.0602493938441064e-06,9.19236224462841e-08,6.025305982448773e-08,3.6963973123032344e-08,4
0.5,0.5400000000000003,3.5257084335052e-07,1.0685346499619669e-06,1.0386156797630328e-07,6.853977194734115e-08,4.164536811739621e-08,4
0.5,0.5700000000000003,3.5805457266819943e-07,1.0775474357446748e-06,1.1669838729114838e-07,7.755462043993206e-08,4.665101736174512e-08,4
0.5,0.6000000000000003,3.639526549818811e-07,1.087338573210531e-06,1.3048062878526385e-07,8.734863719565155e-08,5.1993637122195033e-08,4
0.5,0.6300000000000003,3.702934652018364e-07,1.0979773731792433e-06,1.4526240647161403e-07,9.797965089240601e-08,5.768766746363428e-08,5
0.5,0.6600000000000004,3.7709657175349484e-07,1.1095058336530796e-06,1.6110024704642733e-07,1.0950884443721503e-07,6.3749506289302e-08,5
0.5,0.6900000000000004,3.8439519003946294e-07,1.1220029469908269e-06,1.780618676874444e-07,1.2200703331852568e-07,7.019778068656962e-08,5
0.5,0.7200000000000004,3.922231094365555e-07,1.1355466561464933e-06,1.9622246218211428e-07,1.3555230662127373e-07,7.705366277813749e-08,5
0.5,0.7500000000000004,4.006183360217647e-07,1.1502239711792964e-06,2.1566699459611834e-07,1.5023187600816195e-07,8.434123893833761e-08,5
0.5,0.7800000000000005,4.0962369885666943e-07,1.1661322471092375e-06,2.3649161971375363e-07,1.661433722562653e-07,9.208794336819886e-08,5
0.5,0.8100000000000005,4.1928756543049295e-07,1.1833806951739314e-06,2.588053580345391e-07,1.8339638111929783e-07,1.0032506972493172e-07,5
0.5,0.8400000000000005,4.296736742115268e-07,1.2021127134712632e-06,2.827369102084415e-07,2.0211849634910244e-07,1.090883779672962e-07,6
0.5,0.8700000000000006,4.408299676231042e-07,1.2224347165209563e-06,3.084202789782376e-07,2.2244280166261865e-07,1.1841881808430786e-07,6
0.5,0.9000000000000006,4.528338343857411e-07,1.2445188342937716e-06,3.3602008525931877e-07,2.445302705683005e-07,1.2836339814064274e-07,6
0.5,0.9300000000000006,4.657665684560231e-07,1.2685447223485814e-06,3.6572144345309647e-07,2.6856100337174323e-07,1.389762318320736e-07,6
0.5,0.9600000000000006,4.797214315568879e-07,1.29471760823063e-06,3.9773724924845e-07,2.9474084754855225e-07,1.5031981077965522e-07,6
0.5,0.9900000000000007,4.948185902307772e-07,1.3233039687505266e-06,4.323234065907976e-07,3.2331446685679024e-07,1.6246656037088392e-07,7
0.5,1.0200000000000007,5.111628088455314e-07,1.3545271884298183e-06,4.6975002894746154e-07,3.5454252421526103e-07,1.7550075626664996e-07,7
0.5,1.0500000000000007,5.289078673878181e-07,1.3887246504842741e-06,5.103563090529715e-07,3.887472825300469e-07,1.8952090338939975e-07,7
0.5,1.0800000000000007,5.48223535126491e-07,1.4262650417528655e-06,5.545318482335149e-07,4.2629862091435997e-07,2.04642713804019e-07,7
0.5,1.1100000000000008,5.693285584536691e-07,1.4676278140588464e-06,6.02754743233969e-07,4.6764647791384443e-07,2.2100286744749932e-07,8
0.5,1.1400000000000008,5.924305217361699e-07,1.5132537469602526e-06,6.555415231831823e-07,5.132818040322183e-07,2.3876380761231064e-07,8
0.5,1.1700000000000008,6.178424157890884e-07,1.563823437071144e-06,7.13572634335564e-07,5.638429886491229e-07,2.581199194046483e-07,9
0.5,1.2000000000000008,6.458791396473232e-07,1.6200134384161098e-06,7.776064504397337e-07,6.200439740614311e-07,2.793055813372461e-07,9
0.5,1.2300000000000009,6.76965110736405e-07,1.6827386987400537e-06,8.486051257746101e-07,6.82787010688739e-07,3.026057874537079e-07,9
0.5,1.260000000000001,7.116343984995204e-07,1.7531590957635682e-06,9.277717934780817e-07,7.531938473718935e-07,3.2837035257399625e-07,10
0.5,1.290000000000001,7.504972971617246e-07,1.8325693629125e-06,1.0165262256075652e-06,8.326017014712184e-07,3.570331952002395e-07,11
0.5,1.320000000000001,7.943247643957882e-07,1.9226332582819067e-06,1.116665396410133e-06,9.22687646322149e-07,3.8913894960224016e-07,11
0.5,1.350000000000001,8.441629133196024e-07,2.0256108917124567e-06,1.230558616715319e-06,1.0256579396833184e-06,4.2538037776071516e-07,12
0.5,1.380000000000001,9.012926453185759e-07,2.1442263511113096e-06,1.3611548876854613e-06,1.1442811424964657e-06,4.666520668937646e-07,13
0.5,1.410000000000001,9.674120588242661e-07,2.282153134995962e-06,1.5123828825618262e-06,1.282207942765684e-06,5.141293281269191e-07,14
0.5,1.440000000000001,1.0448110304012896e-06,2.444271025306638e-06,1.6894801326919505e-06,1.4443467684267446e-06,5.693872679600484e-07,15
0.5,1.470000000000001,1.136645810697693e-06,2.6373836167491797e-06,1.8997074191444368e-06,1.637451954891099e-06,6.345861078413529e-07,17
0.5,1.500000000000001,1.2473000620736822e-06,2.870878028399519e-06,2.1531585212996423e-06,1.8709500931105262e-06,7.127701494557854e-07,19
0.5,1.5300000000000011,1.3831954453431104e-06,3.15852710559725e-06,2.464598700497538e-06,2.1586148120024614e-06,8.083709424412286e-07,21
0.5,1.5600000000000012,1.554081021525642e-06,3.521257955920566e-06,2.856444453842768e-06,2.5213410493232054e-06,9.280982787873465e-07,24
0.5,1.5900000000000012,1.775419375597429e-06,3.9922004180767455e-06,3.3642272923132783e-06,2.992291815631911e-06,1.0826191432443988e-06,28
0.5,1.6200000000000012,2.073353401030137e-06,4.62741204763586e-06,4.048060059271856e-06,3.6275391104423335e-06,1.2899780627588693e-06,33
0.5,1.6500000000000012,2.4959509759843845e-06,5.530006977784067e-06,5.018481332339048e-06,4.530151021411664e-06,1.5833061955789215e-06,41
0.5,1.6800000000000013,3.141995527366647e-06,6.911795994589659e-06,6.502617671709961e-06,5.911978784293092e-06,2.0307493318999918e-06,53
0.5,1.7000000000000013,3.8030315454711577e-06,8.326946649483555e-06,8.021625272335837e-06,7.327174110941108e-06,2.4878814142191093e-06,63
0.5,1.7200000000000013,4.8237897682527085e-06,1.051349508004291e-05,1.036770794826633e-05,9.513799766932556e-06,3.192989799312236e-06,83
0.5,1.7400000000000013,6.6072918055969135e-06,1.4335658339839645e-05,1.446754639656619e-05,1.3336157780416828e-05,4.423701759866621e-06,117
0.5,1.7500000000000013,8.113462879897328e-06,1.7564279095130548e-05,1.7930201576279126e-05,1.6564986713123736e-05,5.46208539424194e-06,137
0.5,1.7600000000000013,1.0517219925627388e-05,2.2717630019569757e-05,2.3456710249539795e-05,2.171876029441563e-05,7.1176313337576975e-06,181
0.5,1.7700000000000014,1.4959661801172407e-05,3.224257368527484e-05,3.367091969953257e-05,3.124474963792873e-05,1.0170968586720519e-05,267
0.5,1.7750000000000012,1.8970843991845517e-05,4.0843244670607934e-05,4.289391591344476e-05,3.9846676901205577e-05,1.2919226238081747e-05,325
0.5,1.7800000000000011,2.5918840020699238e-05,5.57411911725117e-05,5.887013003699543e-05,5.474750181438905e-05,1.7654107976560826e-05,457
0.5,1.785000000000001,4.082359927296286e-05,8.769996752890613e-05,9.314394301326308e-05,8.671544839566416e-05,2.7657833783710162e-05,743
0.5,1.786000000000001,4.609458074788027e-05,9.900183701475369e-05,0.00010526522123410453,9.802153952751043e-05,3.113079956522994e-05,719
0.5,1.7870000000000008,5.2896029191568484e-05,0.00011358512242131562,0.0001209064029338115,0.00011261102656229999,3.555136576758715e-05,835
0.5,1.7880000000000007,6.198376375565863e-05,0.00013307022898437557,0.00014180602337674197,0.00013210574775738033,4.1337215837814975e-05,989
0.5,1.7890000000000006,7.468246235398983e-05,0.00016029702767153686,0.00017101133443344501,0.00015934852606376933,4.915789188546417e-05,1201
0.5,1.7895000000000005,8.309215887848685e-05,0.00017832753556077521,0.00019035336499450344,0.0001773912480474714,5.4147536206388286e-05,1235
0.5,1.7900000000000005,9.349598315781987e-05,0.0002006330287114858,0.00021428276243149066,0.0001997136530906472,6.009140264465641e-05,1391
0.5,1.7905000000000004,0.00010662778772891584,0.00022878651081521042,0.000244488148118001,0.0002278913233728007,6.720578707990343e-05,1583
0.5,1.7910000000000004,0.0001235785045696103,0.0002651262217628869,0.00028348011471686634,0.0002642669474109015,7.570688459662251e-05,1817
0.5,1.7915000000000003,0.00014598982458583398,0.00031317053926945037,0.00033503738510094554,0.000312366860527068,8.57080444427271e-05,2103
0.5,1.7916000000000003,0.0001513256985123936,0.0003246089807363374,0.0003473132754726491,0.0003238199010656184,8.78775615813499e-05,1737
0.5,1.7921000000000002,0.00018361789002500193,0.0003938304408621344,0.00042161155653767024,0.00039314088698747446,9.928482502491375e-05,2509
0.5,1.7922000000000002,0.00019140763726659135,0.00041052778312787667,0.0004395357912314718,0.00040986510901997434,0.00010160506563616026,2087
0.5,1.7923000000000002,0.0001997187059221849,0.00042834226147783755,0.0004586602253709038,0.0004277094973211936,0.00010390312603070882,2149
0.5,1.7924000000000002,0.00020858728219179943,0.00044735137583369557,0.000479068254357944,0.0004467519295080547,0.00010615882282409182,2211
0.5,1.7925000000000002,0.00021805037170055406,0.00046763437189009877,0.0005008451804387688,0.0004670720730715256,0.00010834942114604031,2271
0.5,1.7926000000000002,0.00022814569651725177,0.00048927201981141,0.0005240779767056657,0.0004887511657460116,0.00011044974664767375,2333
0.5,1.7927000000000002,0.00023891047728237947,0.0005123440016961897,0.0005488524893143098,0.000511869407060842,0.00011243275556733074,2391
0.5,1.7928000000000002,0.0002503815868597717,0.0005369292411702629,0.0005752537899574603,0.0005365062869838119,0.00011426989380193527,2449
0.5,1.7929000000000002,0.000262594051012376,0.0005631026878320518,0.0006033627299604515,0.0005627373724682224,0.0001159321128175817,2503
0.5,1.7930000000000001,0.00027558070721363974,0.0005909345861306551,0.0006332551544291835,0.0005906335740033751,0.00011739072404303672,2553
0.5,1.7931000000000001,0.00028937116949324037,0.0006204882562074118,0.0006649995210912335,0.000620258924179511,0.00011861860219748885,2599
0.5,1.7932000000000001,0.00030399096229561897,0.0006518182376890491,0.0006986549065764006,0.0006516687170819368,0.00011959142854241271,2641
0.5,1.7933000000000001,0.0003194606294821903,0.0006849683806266159,0.0007342689547067095,0.0006849075931512292,0.00012028895360157205,2677
0.5,1.7934,0.0003357952023821623,0.0007199707067945474,0.0007718766493149611,0.0007200083926324144,0.00012069605571318187,2707
0.5,1.7935,0.0003530035034158262,0.0007568439187323158,0.0008114987085499778,0.0007569906556569105,0.00012080367616512471,2729
0.5,1.7936,0.00037108814902227265,0.0007955934085460108,0.000853141586354063,0.0007958606210995162,0.00012060925537563262,2747
0.5,1.7937,0.0003900448016463927,0.0008362096567417315,0.0008967957473298612,0.0008366096147407663,0.00012011711333446199,2755
0.5,1.7938,0.0004098631402044535,0.0008786703157601874,0.0009424378925673925,0.0008792161227414502,0.00011933790960380074,2757
0.5,1.7939,0.0004305266657431119,0.0009229397959221087,0.000990030507819663,0.0009236453675501307,0.00011828820051823529,2753
0.5,1.794,0.0004520134415844544,0.0009689708548185397,0.0010395235606995871,0.0009698508885862033,0.00011698943333633886,2743
0.5,1.7941,0.00047429682271717463,0.0010167061633088797,0.001090856173917878,0.0010177761009076878,0.00011546679020084682,2727
0.5,1.7942,0.0004973462838328511,0.0010660800826284536,0.0011439585261749624,0.0010673560666273304,0.00011374794053965346,2705
0.5,1.7943,0.0005211282913122259,0.00111702053529697,0.0011987538549916936,0.0011185193618480466,0.0001118618109687397,2677
0.5,1.7944,0.0005456073332654694,0.0011694512143603283,0.0012551608240120137,0.0011711902841249732,0.00010983741566040667,2647
0.5,1.7945,0.0005707462463536662,0.0012232922848860418,0.0013130942734605497,0.0012252895517213518,0.00010770304698378013,2611
0.5,1.7946,0.0005965076109401483,0.0012784633749542112,0.0013724684289448492,0.0012807372971008924,0.0001054853360190712,2573
0.5,1.7947,0.0006228539018859057,0.0013348838990880243,0.0014331972483797749,0.0013374533904189703,0.00010320885614648116,2533
0.5,1.7948,0.000649748186853517,0.0013924745549303832,0.0014951960289393696,0.0013953589390256463,0.00010089573541710943,2491
0.5,1.7949,0.0006771545536711879,0.0014511582389256737,0.0015583823911594337,0.0014543772060527911,9.856549039338878e-05,2447
0.5,1.795,0.000705038517323323,0.0015108609181028738,0.0016226772165501373,0.0015144344858524532,9.623498289634885e-05,2403
0.5,1.7951,0.0007333670076345139,0.0015715116031475612,0.0016880046205040554,0.0015754600792420032,9.391855682431698e-05,2357
0.5,1.7952,0.0007621088499072495,0.0016330433777112514,0.0017542930598456752,0.0016373873278406616,9.162812096743177e-05,2311
0.5,1.7953,0.0007912346881649762,0.0016953932331777893,0.0018214751577423965,0.0017001534514033553,8.937339155540992e-05,2267
0.5,1.7953999999999999,0.0008207167722427332,0.0017585016117524874,0.001889487215093847,0.0017636990924566772,8.716216444178833e-05,2221
0.5,1.7954999999999999,0.0008505295203956559,0.0018223136111344754,0.0019582705071419823,0.0018279695273828685,8.50004423833936e-05,2177
0.5,1.7955999999999999,0.0008806488241205524,0.001886777494289146,0.002027769684666527,0.0018929131747585032,8.289278724382774e-05,2131
0.5,1.7956999999999999,0.0009110527184330282,0.00195184612471115,0.002097934318562814,0.0019584830380042877,8.084241160416644e-05,2089
0.5,1.7957999999999998,0.0009417204022923809,0.0020174748670997588,0.0021687166458897746,0.002024634601928366,7.885152808645989e-05,2045
0.5,1.7958999999999998,0.0009726331287029536,0.0020836234935006437,0.002240073620629647,0.0020913277479872048,7.692137440248134e-05,2005
0.5,1.7959999999999998,0.0010037731278464011,0.002150253875790621,0.0023119644352707458,0.002158524441034264,7.505252114557941e-05,1963
0.5,1.7964999999999998,0.0011623615213581155,0.002489514919792346,0.0026782303162318603,0.0025009465419732115,6.661037592414517e-05,2145
0.5,1.7965999999999998,0.001194567920342475,0.002558398094872285,0.0027526415365956465,0.002570528239846523,6.50942593962138e-05,1741
0.5,1.7970999999999997,0.0013574964876852036,0.002906795239652683,0.0031292313601068936,0.002922751848876057,5.828384636092119e-05,1907
0.5,1.7975999999999996,0.0015229227149597558,0.0032604049756833654,0.0035118536673856182,0.003280746877498128,5.25905365179218e-05,1741
0.5,1.7980999999999996,0.0016901797467637732,0.003617796922033798,0.0038989764522298926,0.0036430851010637627,4.7803668296724515e-05,1599
0.5,1.7985999999999995,0.0018588078016097897,0.003977984975733688,0.004289543357983332,0.0040087816861059285,4.3746819553858186e-05,1477
0.5,1.7990999999999995,0.0020284828638152696,0.004340274300641852,0.004682809920322566,0.004377142558235885,4.0278839373333666e-05,1373
0.5,1.7995999999999994,0.002198971383865928,0.004704164134938793,0.005078239517837876,0.004747667411178836,3.728868347772711e-05,1281
0.5,1.8000999999999994,0.002370101869463828,0.005069286838805014,0.00547543811722769,0.005119988878291215,3.4689288730917734e-05,1201
0.5,1.8005999999999993,0.0025417457949134595,0.0054353669405781705,0.005874110412265669,0.005493831640976735,3.2412203849384036e-05,1131
0.5,1.8010999999999993,0.0027138052135861845,0.005802194561959855,0.006274031363956898,0.005868985896246226,3.0403276891583785e-05,1069
0.5,1.8015999999999992,0.002886204308057973,0.006169607291561165,0.006675026785617404,0.006245289255736843,2.8619338408846838e-05,1013
0.5,1.8020999999999991,0.0030588835507304726,0.006537477658757389,0.007076959925250199,0.006622614235791134,2.702568774762298e-05,961
0.5,1.803099999999999,0.003404902920050286,0.00727420700117132,0.007883226913019136,0.007379944599111825,2.4301865021407175e-05,935
0.5,1.804099999999999,0.0037515834993878355,0.008011784070554407,0.008692189666522618,0.00814037798305744,2.2062163304899585e-05,857
0.5,1.8050999999999988,0.004098737469185726,0.008749807671727419,0.009503416969249084,0.008903512552171705,2.0189963179422592e-05,791
0.5,1.8060999999999987,0.004446234119534624,0.009487999092295009,0.010316608855849601,0.009669068861952484,1.8602800163172892e-05,735
0.5,1.8070999999999986,0.004793979692012415,0.010226158866351516,0.011131550282757086,0.010436846658376207,1.724088051018375e-05,687
0.5,1.8080999999999985,0.005141905167764299,0.010964140582097825,0.011948083060878151,0.011206698705764243,1.6059877464881797e-05,645
0.5,1.8090999999999984,0.005489958658478354,0.011701834560962117,0.012766088368884765,0.011978514481732061,1.5026280178298278e-05,609
0.5,1.8100999999999983,0.00583810017323727,0.012439156637117303,0.013585474719318041,0.012752208952124198,1.4114312118784474e-05,575
0.5,1.8110999999999982,0.006186298744398256,0.013176041986268955,0.014406171364471919,0.013527716429029838,1.3303835048657403e-05,547
0.5,1.812099999999998,0.006534529435525911,0.013912438719366024,0.015228121400504769,0.014304984129180047,1.2578899570581366e-05,519
0.5,1.813099999999998,0.006882772513582761,0.014648306094791546,0.01605127988612126,0.015083970432226472,1.192671310398738e-05,495
0.5,1.8180999999999978,0.008623692042372623,0.01831872457206501,0.0201841057013211,0.019003671465678818,9.451725289060364e-06,461
0.5,1.8230999999999977,0.01036333943261038,0.021972750673589662,0.024343563669310994,0.022963043366952044,7.805915660478528e-06,389
0.5,1.8280999999999976,0.012101102078196278,0.025609261997469858,0.028528287714943996,0.026960848913865423,6.633132706822281e-06,337
0.5,1.8330999999999975,0.013836635819517155,0.029227708559804506,0.032737523885175944,0.030996422090706226,5.75541491975529e-06,299
0.5,1.8380999999999974,0.015569717494138631,0.032827796696477715,0.03697079168314631,0.03506935219341116,5.074043248013214e-06,269
0.5,1.8430999999999973,0.01730018631318328,0.03640936344053405,0.041227749592127994,0.03917935837477627,4.529885799435479e-06,243
0.5,1.8530999999999973,0.02075280742310018,0.043516620360507054,0.04981172900469721,0.047509811694121634,3.7155021496723336e-06,217
0.5,1.8630999999999973,0.024193723585771692,0.05054921303104611,0.058487825568272624,0.055986560426273514,3.13547224238978e-06,189
0.5,1.8730999999999973,0.027622343219477895,0.057507226146399054,0.06725477017857562,0.06460872726813129,2.7016299139151273e-06,167
0.5,1.8830999999999973,0.031038180846917778,0.0643909306472397,0.07611148825469037,0.07337561713214366,2.3650958151668047e-06,151
0.5,1.8930999999999973,0.034440822997171654,0.07120071265247772,0.08505702661854177,0.08228664824559091,2.0965914500688185e-06,137
0.5,1.9030999999999973,0.037829911074706325,0.07793703855326932,0.09409051882213315,0.09134131925172995,1.8775104045422108e-06,126
0.5,1.9130999999999974,0.04120513080290833,0.08460043397293301,0.103211164841978,0.10053918988157634,1.6954623163161572e-06,117
0.5,1.9230999999999974,0.044566205384743936,0.09119147079246935,0.11241821918256864,0.1098798692803022,1.5418772412099417e-06,109
0.5,1.9330999999999974,0.04791289060454923,0.09771075789124715,0.12171098266613851,0.11936300820315845,1.4106385826009534e-06,102
0.5,1.9430999999999974,0.05124497096706475,0.1041589341893623,0.13108879644762336,0.12898829313773813,1.2972638145765803e-06,96
0.5,1.9630999999999974,0.05786458065339906,0.1168446289754182,0.15009711516005303,0.14866419966721162,1.111457856244977e-06,90
0.5,1.9830999999999974,0.06442377932337488,0.12925408576234737,0.169438561037096,0.1689056465912342,9.658295373136316e-07,82
1.0,1e-16,3.0864189766190144e-07,9.999993336100649e-07,4.999996668050324e-39,1.543209488309507e-39,1.5432070416125672e-39,2
1.0,0.0300000000000001,3.0883021238441507e-07,1.0001383066406286e-06,4.5006223798828584e-10,1.389735955729877e-10,1.3891086529381198e-10,3
1.0,0.060000000000000095,3.0939567895357757e-07,1.0005562431848865e-06,1.8010012377328014e-09,5.569122221164413e-10,5.559106997339632e-10,3
1.0,0.0900000000000001,3.103398690481247e-07,1.0012562015111565e-06,4.055087616120192e-09,1.2568764696449078e-09,1.2518046776051057e-09,3
1.0,0.12000000000000009,3.116654185035251e-07,1.0022432999097417e-06,7.216151759350151e-09,2.243991013225384e-09,2.227946339777816e-09,3
1.0,0.15000000000000008,3.133760536989769e-07,1.0035247503762156e-06,1.1289653441732437e-08,3.5254806041134934e-09,3.486255163529062e-09,3
1.0,0.18000000000000008,3.154766299126095e-07,1.0051099074066029e-06,1.628278049998698e-08,5.110721404584278e-09,5.02924155458958e-09,3
1.0,0.21000000000000008,3.1797318227756934e-07,1.00701033281359e-06,2.220457783853968e-08,7.01130866922041e-09,6.860039669605137e-09,3
1.0,0.24000000000000007,3.2087299019570054e-07,1.0092398778061097e-06,2.9066108480815978e-08,9.241142117636181e-09,8.982448614313958e-09,3
1.0,0.2700000000000001,3.2418465631380796e-07,1.011814783941617e-06,3.688064887467196e-08,1.1816530722638306e-08,1.1400982716404009e-08,3
1.0,0.30000000000000004,3.2791992427867445e-07,1.0147555931727091e-06,4.5664001692771924e-08,1.4756396592540355e-08,1.4120931747259857e-08,4
1.0,0.33000000000000007,3.320879918703959e-07,1.018081298474572e-06,5.543452670194047e-08,1.8082191157343064e-08,1.7148432169941833e-08,4
1.0,0.3600000000000001,3.367032105596748e-07,1.0218173274438617e-06,6.621376281836228e-08,2.181836804426694e-08,2.0490550728112814e-08,4
1.0,0.3900000000000001,3.4178077943214287e-07,1.0259911482665264e-06,7.802662682566938e-08,2.599242827581448e-08,2.415538197321408e-08,4
1.0,0.42000000000000015,3.4733793326946395e-07,1.0306335477463868e-06,9.090187891123138e-08,3.063520571436675e-08,2.8152161663351812e-08,4
1.0,0.4500000000000002,3.533941577236737e-07,1.0357789180795998e-06,1.0487261545555955e-07,3.578115846952199e-08,3.249139837354338e-08,4
1.0,0.4800000000000002,3.599714388865757e-07,1.0414655919233975e-06,1.199768361895755e-07,4.146870975973356e-08,3.718502614919545e-08,4
1.0,0.5100000000000002,3.6709455278794306e-07,1.0477362338722184e-06,1.362580972150821e-07,4.774064659007203e-08,4.22465816359165e-08,4
1.0,0.5400000000000003,3.747914015139121e-07,1.05463829813069e-06,1.5376626386745476e-07,5.464458634072844e-08,4.769140985749123e-08,4
1.0,0.5700000000000003,3.830934040601695e-07,1.06222456423109e-06,1.7255838045934073e-07,6.223352348957459e-08,5.353690372700348e-08,4
1.0,0.6000000000000003,3.9203595179385885e-07,1.0705537651844608e-06,1.9269967773320315e-07,7.056647132289466e-08,5.980278351164626e-08,4
1.0,0.6300000000000003,4.0166554966533704e-07,1.0797082185999144e-06,2.1426809598115325e-07,7.971052833108623e-08,6.65114238912311e-08,5
1.0,0.6600000000000004,4.1201696550026365e-07,1.0897341691396259e-06,2.3734410203861076e-07,8.973729508595753e-08,7.368823804621072e-08,5
1.0,0.6900000000000004,4.2314588541389474e-07,1.100725530763137e-06,2.6202771259816507e-07,1.0072987802277776e-07,8.136213045623098e-08,5
1.0,0.7200000000000004,4.35110317065854e-07,1.1127744367172186e-06,2.884311339971034e-07,1.1278059418346949e-07,8.956603301097324e-08,5
1.0,0.7500000000000004,4.479761426624397e-07,1.1259844745332637e-06,3.1668313346248077e-07,1.259932901238113e-07,9.833754271652798e-08,5
1.0,0.7800000000000005,4.6181837569729375e-07,1.1404724662005812e-06,3.4693172421821724e-07,1.4048514988711692e-07,1.0771968409697646e-07,5
1.0,0.8100000000000005,4.7673567551948e-07,1.156387529895545e-06,3.79352929182234e-07,1.563931383541656e-07,1.1776182563865896e-07,6
1.0,0.8400000000000005,4.928058932826335e-07,1.1738538757543565e-06,4.141356473661375e-07,1.738619191501133e-07,1.2852078788019644e-07,6
1.0,0.8700000000000006,5.101513281328545e-07,1.1930551080077659e-06,4.5151170562553954e-07,1.9306677013187904e-07,1.4006219157218905e-07,6
1.0,0.9000000000000006,5.289125811848013e-07,1.214197264578209e-06,4.917498921541753e-07,2.1420959537984483e-07,1.524621090436793e-07,8
1.0,0.9300000000000006,5.492124856066895e-07,1.2374821235810206e-06,5.35149144342613e-07,2.3750693940061318e-07,1.658091015482585e-07,6
1.0,0.9600000000000006,5.712745026879767e-07,1.2632333526238363e-06,5.820979288890645e-07,2.6324329083862e-07,1.8020675219812105e-07,7
1.0,0.9900000000000007,5.952700980210746e-07,1.2916971060388116e-06,6.329961668143205e-07,2.91712111535228e-07,1.9577684162679678e-07,7
1.0,1.0200000000000007,6.214561095979156e-07,1.3232585697989959e-06,6.883591080094385e-07,3.232814682128361e-07,2.126633648992415e-07,7
1.0,1.0500000000000007,6.501456027399388e-07,1.3583782629471217e-06,7.488060174496019e-07,3.583927635103918e-07,2.3103766244912733e-07,8
1.0,1.0800000000000007,6.81654055992962e-07,1.3975182565993456e-06,8.150326472487395e-07,3.97540645455096e-07,2.51105043242036e-07,8
1.0,1.1100000000000008,7.164158641817611e-07,1.4413131032673057e-06,8.879209372678249e-07,4.4134799312917453e-07,2.7311343244458594e-07,8
1.0,1.1400000000000008,7.549721700388758e-07,1.4905577646150485e-06,9.685644354468598e-07,4.905809160912622e-07,2.973648052944403e-07,9
1.0,1.1700000000000008,7.979063257288261e-07,1.5460889721159716e-06,1.0582205969647784e-06,5.461269846450958e-07,3.2423051442218605e-07,9
1.0,1.2000000000000008,8.46052353054444e-07,1.6091273978970593e-06,1.1585717264858843e-06,6.091576941992005e-07,3.5417215025520803e-07,10
1.0,1.2300000000000009,9.003678590251537e-07,1.6810561223588618e-06,1.2716349037583627e-06,6.810832669595784e-07,3.877704163789209e-07,11
1.0,1.260000000000001,9.620838135042973e-07,1.7636542611542057e-06,1.3999887525042106e-06,7.637021311597123e-07,4.257658572388107e-07,11
1.0,1.290000000000001,1.0328786938789729e-06,1.8593614166161925e-06,1.547081666695505e-06,8.594067172420006e-07,4.691175324424741e-07,12
1.0,1.320000000000001,1.1148688553058845e-06,1.97122076860192e-06,1.7173275336059954e-06,9.71273746742488e-07,5.190895971486925e-07,13
1.0,1.350000000000001,1.2109273225432905e-06,2.103399833690686e-06,1.9167230984506405e-06,1.103457522667575e-06,5.773826039737682e-07,14
1.0,1.380000000000001,1.325066455440549e-06,2.2616792160774267e-06,2.153570949548929e-06,1.2617282788704926e-06,6.463390181343994e-07,16
1.0,1.410000000000001,1.46282215460117e-06,2.454037999741288e-06,2.439436473642831e-06,1.4541183627812952e-06,7.292769735704889e-07,17
1.0,1.440000000000001,1.6325408250146588e-06,2.692559482092677e-06,2.7916456710336914e-06,1.6926183273752006e-06,8.310564556886048e-07,20
1.0,1.470000000000001,1.8466955773494485e-06,2.9951903083077856e-06,3.236153368611152e-06,1.9952622365472146e-06,9.590915582155554e-07,23
1.0,1.500000000000001,2.1254592510981236e-06,3.391063955448943e-06,3.814946949880067e-06,2.3911416574853927e-06,1.1252807605513136e-06,27
1.0,1.5300000000000011,2.5032738791669744e-06,3.929845359271531e-06,4.59968750075937e-06,2.9299569118709896e-06,1.3499994709544403e-06,31
1.0,1.5600000000000012,3.0447009428009184e-06,4.7046714592615265e-06,5.724644231629434e-06,3.704792107200163e-06,1.6712818638817464e-06,39
1.0,1.5900000000000012,3.885335844198074e-06,5.91110875201081e-06,7.471937017979276e-06,4.911258773858583e-06,2.16923548482855e-06,51
1.0,1.6100000000000012,4.762320036857648e-06,7.172016790128731e-06,9.295292360846354e-06,6.172204883769364e-06,2.688086695672432e-06,61
1.0,1.6300000000000012,6.151502474531186e-06,9.17170853171164e-06,1.2184156198952346e-05,8.171963462290966e-06,3.509211797367834e-06,81
1.0,1.6500000000000012,8.686814588183949e-06,1.2824513523225026e-05,1.7457369033490092e-05,1.1824926358165419e-05,5.0063438640202675e-06,119
1.0,1.6600000000000013,1.0942476550359273e-05,1.6075939787487517e-05,2.2149429839200336e-05,1.507654419108503e-05,6.337150830605318e-06,143
1.0,1.6700000000000013,1.4780909703659184e-05,2.161021728388599e-05,3.0134367491514866e-05,2.061123953626758e-05,8.599027717128448e-06,199
1.0,1.6800000000000013,2.2762014126815067e-05,3.311946939160052e-05,4.6738195205426725e-05,3.212175433576147e-05,1.3288224300422898e-05,317
1.0,1.6850000000000012,3.116293618145328e-05,4.523510865107342e-05,6.421632567992205e-05,4.4239293739893406e-05,1.8196458802571954e-05,419
1.0,1.690000000000001,4.9283306656224525e-05,7.136874567531541e-05,0.0001019181372616343,7.037902607042152e-05,2.8641465057841086e-05,685
1.0,1.691000000000001,5.572696927016606e-05,8.066199906010332e-05,0.00011532572686719177,7.967510490781196e-05,3.229510501723089e-05,665
1.0,1.6920000000000008,6.407103975185702e-05,9.269605651618901e-05,0.0001326881015710816,9.171333657408027e-05,3.696875263370222e-05,773
1.0,1.6930000000000007,7.527491368924469e-05,0.00010885452809453303,0.00015600209114821373,0.00010787832304344205,4.312825412058787e-05,919
1.0,1.6940000000000006,9.104228178105956e-05,0.00013159437200800826,0.00018881397365578653,0.00013062910466053642,5.1538008010118285e-05,1123
1.0,1.6945000000000006,0.00010155958851616547,0.00014676238113231176,0.00021070163225361815,0.00014580555934200936,5.6958462999768346e-05,1159
1.0,1.6950000000000005,0.00011465742327185953,0.00016565183699094674,0.0002379609344854575,0.0001647068217478172,6.34757404217044e-05,1311
1.0,1.6955000000000005,0.00013133069319573663,0.00018969742273287503,0.00027266351125150324,0.00018876950158816074,7.136783200215731e-05,1501
1.0,1.6960000000000004,0.00015309058769831508,0.00022107823838493626,0.00031795649107112256,0.00022017610795241842,8.093614283013104e-05,1735
1.0,1.6965000000000003,0.00018227373358396923,0.00026316348672187316,0.0003787070274434679,0.00026230213274062926,9.2391626514549e-05,2025
1.0,1.6966000000000003,0.00018929053316967844,0.0002732823081878275,0.00039331494316182655,0.00027243181524774643,9.49047878662503e-05,1679
1.0,1.6971000000000003,0.00023229075887110722,0.0003352909087444513,0.0004828437888538934,0.0003345159299101565,0.00010826915368677166,2451
1.0,1.6972000000000003,0.00024279403318725357,0.00035043682425731467,0.0005047145054807061,0.00034968263011022027,0.00011101320534541232,2043
1.0,1.6973000000000003,0.0002540524645644776,0.000366671532128075,0.0005281586781103353,0.0003659406365045526,0.00011373646268675868,2109
1.0,1.6974000000000002,0.00026612280953107204,0.0003840768409735282,0.0005532947137493678,0.00038337209644936807,0.00011641252136749191,2175
1.0,1.6975000000000002,0.00027906357361579936,0.0004027370754026863,0.000580244699939781,0.00040206171576063056,0.00011901118133630035,2239
1.0,1.6976000000000002,0.00029293454111669763,0.0004227383976229316,0.0006091334293894199,0.0004220960826373505,0.00012149864051347641,2305
1.0,1.6977000000000002,0.00030779486795879464,0.00044416605548014523,0.0006400844357110994,0.0004435609203841652,0.00012383827755640305,2367
1.0,1.6978000000000002,0.0003237028939260047,0.00046710411236439956,0.0006732196033782666,0.00046654081626079695,0.00012599131375745388,2427
1.0,1.6979000000000002,0.0003407141846704841,0.0004916326225733948,0.0007086550952059015,0.0004911163984843531,0.00012791820533822286,2485
1.0,1.6980000000000002,0.00035887988753391257,0.0005178252600195412,0.0007464979304946908,0.0005173619636286636,0.00012958026700689914,2537
1.0,1.6981000000000002,0.00037824570335635144,0.0005457478361755179,0.0007868438428376209,0.0005453439904615815,0.00013094135294934483,2585
1.0,1.6982000000000002,0.0003988497557264386,0.0005754552271901614,0.0008297728425320497,0.0005751180629087853,0.00013196996295754542,2627
1.0,1.6983000000000001,0.0004207213938067494,0.0006069896484540563,0.0008753467190321214,0.0006067271371650656,0.00013264106957494527,2661
1.0,1.6984000000000001,0.00044388025212356786,0.0006403793000134064,0.00092360707650884,0.0006402001781995023,0.00013293766970208086,2689
1.0,1.6985000000000001,0.00046833498880755644,0.0006756365479899048,0.0009745726987391549,0.0006755503314823223,0.0001328520731840266,2709
1.0,1.6986,0.0004940832517584148,0.0007127578777123642,0.0010282394680481313,0.0007127748648533111,0.00013238634605535068,2721
1.0,1.6987,0.0005211117763425744,0.000751724036356991,0.001084580557622314,0.000751855300128754,0.000131552166898421,2727
1.0,1.6988,0.0005493964902165897,0.0007925001855768908,0.0011435466383801641,0.0007927575550884032,0.00013037014749751292,2723
1.0,1.6989,0.0005789042739114126,0.0008350384427583346,0.0012050695330960933,0.0008354344750468627,0.00012886823274158246,2713
1.0,1.699,0.0006095934537240716,0.0008792785927980507,0.001269063232624723,0.0008798265365566795,0.00012708017184539947,2695
1.0,1.6991,0.0006414158638272507,0.0009251510635972513,0.0013354281804569051,0.0009258648167321464,0.00012504341855400626,2671
1.0,1.6992,0.0006743182107837877,0.0009725788946992246,0.001404054106768835,0.0009734729575977348,0.00012279727282169816,2643
1.0,1.6993,0.0007082434261025006,0.00102147968841099,0.0014748228391871952,0.0010225691145606909,0.00012038118964226569,2609
1.0,1.6994,0.0007431326015189931,0.0010717684014036786,0.0015476123291771962,0.001073068747705264,0.00011783320492796808,2571
1.0,1.6995,0.0007789259708820471,0.0011233587606585646,0.001622298694624911,0.0011248860382150547,0.00011518890894976671,2529
1.0,1.6996,0.0008155642614043024,0.0011761652122004255,0.0016987590333785356,0.0011779358392766028,0.00011248063124378596,2485
1.0,1.6997,0.0008529894936398889,0.0012301040744582203,0.001776873089868838,0.0012321348320524104,0.00010973703019908924,2441
1.0,1.6998,0.0008911453465983908,0.001285094064269561,0.0018565240165895453,0.0012874020542397381,0.00010698299053361189,2393
1.0,1.6999,0.0009299784638072228,0.001341058180347161,0.0019376010974162796,0.001343660788512482,0.00010423950653422653,2345
1.0,1.7,0.0009694381186516174,0.0013979232198062007,0.00201999905261996,0.001400838081451587,0.00010152401641792915,2297
1.0,1.7001,0.001009476643252876,0.0014556203962636989,0.0021036189353465114,0.0014588653655771416,9.885064813488747e-05,2249
1.0,1.7002,0.0010500495170688118,0.0015140854670966442,0.002188368319295173,0.0015176785900012266,9.623056704759877e-05,2201
1.0,1.7003,0.0010911153660210545,0.0015732587316865101,0.00227416130003681,0.0015772182218372858,9.367234407136997e-05,2153
1.0,1.7004,0.0011326360080392186,0.0016330850966804532,0.002360918593215805,0.001637429314713018,9.118230430453407e-05,2107
1.0,1.7005,0.0011745759990070368,0.001693513420603072,0.002448566590868129,0.0016982608549863238,8.876492035132355e-05,2061
1.0,1.7006,0.0012169028247687695,0.0017544967905094723,0.002537037764821929,0.0017596660417146443,8.642307692251376e-05,2015
1.0,1.7006999999999999,0.001259586734500097,0.0018159922813206354,0.002626270322241198,0.001821602048165445,8.415835602509258e-05,1971
1.0,1.7011999999999998,0.0014774798226060517,0.002129877985418503,0.0030820201735321396,0.002137973466289333,7.398545817679092e-05,2137
1.0,1.7012999999999998,0.0015218050960864446,0.002193723177382743,0.0031747799732361635,0.002202372839032569,7.217166011436062e-05,1733
1.0,1.7017999999999998,0.0017462664216451418,0.0025169934109607658,0.003644761556205171,0.002528701383479066,6.408629789546541e-05,1883
1.0,1.7022999999999997,0.0019743931119172533,0.0028454755707317163,0.004122845535471774,0.0028607231460578073,5.74143278069119e-05,1709
1.0,1.7027999999999996,0.0022051403680698454,0.003177662496708589,0.0046068604376652295,0.003196932944163181,5.1871597024464946e-05,1561
1.0,1.7032999999999996,0.0024378062383831438,0.0035125416600859127,0.005095347183326562,0.0035363193813159385,4.72240627061123e-05,1435
1.0,1.7037999999999995,0.002671906931036405,0.00384941526379463,0.005587300071565555,0.0038781853252901404,4.3288110454159134e-05,1329
1.0,1.7042999999999995,0.00290710027100495,0.0041877898109617655,0.00608200773647468,0.004222037670725202,3.99219985029046e-05,1235
1.0,1.7047999999999994,0.0031431393148811343,0.004527309185319118,0.00657895677034014,0.004567520535777574,3.7016488678187176e-05,1155
1.0,1.7052999999999994,0.0033798414386353023,0.004867710055839757,0.007077767465279294,0.004914370720063117,3.448700972845066e-05,1085
1.0,1.7057999999999993,0.003617069172282021,0.005208794228390251,0.007578153983034757,0.005262390095089695,3.2267560590560844e-05,1021
1.0,1.7062999999999993,0.0038547176819384256,0.005550410587335815,0.008079898343988718,0.0056114275736469784,3.030614786779211e-05,967
1.0,1.7072999999999992,0.0043309666664288265,0.0062347925962773845,0.009086815203789341,0.0063121095279268565,2.700020726330923e-05,931
1.0,1.708299999999999,0.004808117688105224,0.006920177951211164,0.01009753921592124,0.007015738215504972,2.432552333278107e-05,847
1.0,1.709299999999999,0.005285865204705002,0.0076061267620714055,0.011111434962253343,0.007721873336925882,2.2119701891628067e-05,779
1.0,1.7102999999999988,0.005764002375687012,0.008292341510604193,0.01212807224992915,0.008430216865972019,2.0270899372760023e-05,721
1.0,1.7112999999999987,0.006242384535898765,0.00897861436127042,0.013147150173549635,0.00914056040634901,1.869982568697443e-05,671
1.0,1.7122999999999986,0.006720907384066081,0.009664795698607351,0.014168451756016099,0.009852753746415359,1.7348830331510726e-05,627
1.0,1.7132999999999985,0.007199493908514432,0.010350775268028195,0.015191816765429413,0.010566686014313586,1.6175056744846466e-05,589
1.0,1.7142999999999984,0.0076780858217001995,0.011036469820530229,0.01621712389586004,0.011282273324567138,1.514601987124308e-05,555
1.0,1.7152999999999983,0.008156638318956718,0.011721815552482208,0.017244279875758158,0.01199945122730054,1.4236667597072125e-05,525
1.0,1.7162999999999982,0.008635116302490437,0.012406762658987923,0.018273211611903498,0.012718169261865869,1.3427382483166465e-05,499
1.0,1.721299999999998,0.011025574474574468,0.015824373166638827,0.023442809458088028,0.016333692263926097,1.0430247036404562e-05,457
1.0,1.726299999999998,0.01341156536543484,0.0192283829579713,0.02865136441642346,0.0199839813633657,8.50003896675727e-06,381
1.0,1.7312999999999978,0.015792170191949353,0.022617566456196416,0.03389694334217868,0.023667723018888056,7.154130778582604e-06,327
1.0,1.7362999999999977,0.018166912804880263,0.02599133501293229,0.039178528638451705,0.027384238371908,6.162530701364538e-06,289
1.0,1.7412999999999976,0.020535505427729268,0.029349370208534318,0.044495489697308654,0.03113311678227609,5.401850185845009e-06,257
1.0,1.7462999999999975,0.02289775398753322,0.032691487344374326,0.049847386388749096,0.034914079571466916,4.799995847454286e-06,233
1.0,1.7562999999999975,0.027602678517526052,0.03932756193589933,0.06065469604015558,0.04257146878577255,3.908527917801866e-06,207
1.0,1.7662999999999975,0.03228085813591635,0.04589909862701315,0.07159836402670634,0.05035516384954785,3.280326383741125e-06,179
1.0,1.7762999999999975,0.03693171446739176,0.052405976909720466,0.08267676157536345,0.058264242585345155,2.814111550759564e-06,159
1.0,1.7862999999999976,0.04155480803935108,0.058848256764731634,0.0938885005617028,0.06629794716845862,2.454636144467899e-06,143
1.0,1.7962999999999976,0.04614979196540861,0.06522611267511054,0.10523234309600382,0.07445562126479813,2.1692048340653646e-06,129
1.0,1.8062999999999976,0.05071638857284845,0.07153980065817961,0.11670715811305847,0.08273667980116159,1.9372338759981165e-06,119
1.0,1.8162999999999976,0.0552543752879604,0.07778963858635751,0.12831189647056057,0.09114059160492949,1.7451186848129916e-06,109
1.0,1.8262999999999976,0.05976357620791439,0.08397599466194067,0.14004557761751366,0.09966687008851735,1.583507139621796e-06,103
1.0,1.8362999999999976,0.06424385488022538,0.0900992775834743,0.15190727794107167,0.10831506512640733,1.4457585837663552e-06,95
1.0,1.8562999999999976,0.07311727150595962,0.10215842784640429,0.17601129346270936,0.1259755636762281,1.2236956101106187e-06,89
1.0,1.8762999999999976,0.08187416527865915,0.1139709620933626,0.200617482330304,0.14411906861542906,1.0528217554184279e-06,81
1.0,1.8962999999999977,0.0905144742771225,0.12554109652678602,0.22571998465107063,0.16274292888761396,9.175800192488211e-07,73
1.0,1.9162999999999977,0.09903845944126317,0.13687329621625746,0.25131344858719745,0.18184479714451998,8.081238500696124e-07,67
1.0,1.9362999999999977,0.10744664568601857,0.14797220267331807,0.27739295938958747,0.20142258130150473,7.179175902996951e-07,63
1.0,1.9562999999999977,0.11573977481544205,0.15884257744627694,0.30395398366461024,0.2214744068572976,6.424531339359604e-07,59
1.0,1.9762999999999977,0.12391876722362231,0.16948925753452324,0.3309923244724416,0.2419985868470253,5.7852059411692e-07,55
1.0,1.9962999999999977,0.1319846901023299,0.17991711943623304,0.35850408372131964,0.2629935969331057,5.237726769067505e-07,53
1.5,1e-16,3.0864189766190144e-07,9.999993336100649e-07,5.99999600166039e-39,1.2345675906476059e-39,1.481478759948065e-39,2
1.5,0.0300000000000001,3.0886787650677246e-07,1.0001105255938295e-06,5.400596838206717e-10,1.1119243554243883e-10,1.3335869737369472e-10,3
1.5,0.060000000000000095,3.0954645405509517e-07,1.0004450783985356e-06,2.160961369340844e-09,4.457468938393385e-10,5.337425409176497e-10,3
1.5,0.0900000000000001,3.106795586538258e-07,1.0010059286315695e-06,4.864888813149439e-09,1.0066017700383978e-09,1.2020781221152129e-09,3
1.5,0.12000000000000009,3.122704235889576e-07,1.001797991944246e-06,8.655534650398299e-09,1.7986776398723986e-09,2.1399209441612183e-09,3
1.5,0.15000000000000008,3.143236182872297e-07,1.002828196529389e-06,1.3538180653146766e-08,2.82891256458507e-09,3.3494724097511582e-09,3
1.5,0.18000000000000008,3.1684509369073903e-07,1.0041055314225488e-06,1.951981153085437e-08,4.1063124142319816e-09,4.8336040335213495e-09,3
1.5,0.21000000000000008,3.198422425997414e-07,1.0056411104691267e-06,2.6609263783013117e-08,5.642017159459442e-09,6.595889323233466e-09,3
1.5,0.24000000000000007,3.2332397605900896e-07,1.0074482531368444e-06,3.481741162840937e-08,7.449384408399571e-09,8.640643922180188e-09,3
1.5,0.2700000000000001,3.273008171733714e-07,1.0095425837039028e-06,4.415739261120874e-08,9.544091828775516e-09,1.0972974771070434e-08,3
1.5,0.30000000000000004,3.3178700693144425e-07,1.0119435460210894e-06,5.464495148513885e-08,1.1944332249531996e-08,1.359883923617227e-08,4
1.5,0.33000000000000007,3.367939326931424e-07,1.0146698762279516e-06,6.62985297127344e-08,1.467074370811329e-08,1.6525115368453225e-08,4
1.5,0.3600000000000001,3.423390351382359e-07,1.0177458524999185e-06,7.913991749039372e-08,1.774685558156616e-08,1.9759684712635038e-08,4
1.5,0.3900000000000001,3.484408373316045e-07,1.0211979168875418e-06,9.319452189515714e-08,2.119914054325483e-08,2.3311529387226167e-08,4
1.5,0.42000000000000015,3.551203265218507e-07,1.0250557170681696e-06,1.0849189709449517e-07,2.5057290239381805e-08,2.7190845515683835e-08,4
1.5,0.4500000000000002,3.6240121341309466e-07,1.0293523849497049e-06,1.2506631477138924e-07,2.9354498286460692e-08,3.1409175522598695e-08,4
1.5,0.4800000000000002,3.703102336716056e-07,1.0341248620216613e-06,1.429574209258746e-07,3.41277911351752e-08,3.597956233447231e-08,4
1.5,0.5100000000000002,3.788774985879678e-07,1.039414279360725e-06,1.622109924370349e-07,3.941841495309221e-08,4.091672916712891e-08,4
1.5,0.5400000000000003,3.881369032668667e-07,1.0452664018601395e-06,1.8287980966945022e-07,4.5272288397047385e-08,4.6237289371968075e-08,4
1.5,0.5700000000000003,3.981266025036195e-07,1.0517321482970728e-06,2.0502466498903159e-07,5.1740533261370445e-08,5.1959991791297184e-08,4
1.5,0.6000000000000003,4.088895667194397e-07,1.0588682013824156e-06,2.2871553149860201e-07,5.888009760759938e-08,5.810600829115936e-08,4
1.5,0.6300000000000003,4.2047423308376103e-07,1.0667377250868747e-06,2.5403292185218864e-07,6.675448924437798e-08,6.469927166692766e-08,4
1.5,0.6600000000000004,4.3294490809920744e-07,1.075433661792971e-06,2.8107534184621123e-07,7.543632078720599e-08,7.176687404106088e-08,5
1.5,0.6900000000000004,4.4634836537186395e-07,1.0849989180074396e-06,3.0994079091800556e-07,8.500258270141787e-08,7.933953833002226e-08,5
1.5,0.7200000000000004,4.6076164615991865e-07,1.0955383675806515e-06,3.407562538522863e-07,9.554353494772085e-08,8.745217845083766e-08,5
1.5,0.7500000000000004,4.762647922246834e-07,1.1071521862469655e-06,3.736638628583514e-07,1.071595782505539e-07,9.614456801423545e-08,5
1.5,0.7800000000000005,4.929490052155841e-07,1.119953413294133e-06,4.088277939888908e-07,1.199640699092647e-07,1.0546214242616278e-07,5
1.5,0.8100000000000005,5.109335976481398e-07,1.134084216624009e-06,4.4644359271620794e-07,1.34089413366778e-07,1.1545696616914467e-07,6
1.5,0.8400000000000005,5.303146784148668e-07,1.1496685441281106e-06,4.867236748420776e-07,1.4967601483581222e-07,1.2618890605877262e-07,6
1.5,0.8700000000000006,5.51240849959382e-07,1.1668828149096392e-06,5.299281615630643e-07,1.6689367973370268e-07,1.3772706316362206e-07,6
1.5,0.9000000000000006,5.738720519167289e-07,1.185918652996423e-06,5.763564653562624e-07,1.8593454482102042e-07,1.5015153228238978e-07,6
1.5,0.9300000000000006,5.983940845214752e-07,1.2069971350797064e-06,6.263590932782637e-07,2.0702041748104985e-07,1.6355557956206236e-07,6
1.5,0.9600000000000006,6.250238431841683e-07,1.2303747147637563e-06,6.803480022757677e-07,2.3040878955141213e-07,1.7804835880700205e-07,6
1.5,0.9900000000000007,6.540447805251411e-07,1.2563985574876143e-06,7.388377357161676e-07,2.5641171575707665e-07,1.9375832845312152e-07,7
1.5,1.0200000000000007,6.857144909017254e-07,1.2853467199542395e-06,8.023648364642356e-07,2.853669425336624e-07,2.1083758958698138e-07,7
1.5,1.0500000000000007,7.20437187681813e-07,1.3176991472755967e-06,8.716579859228086e-07,3.1771279976768e-07,2.294674478214291e-07,8
1.5,1.0800000000000007,7.586052686875932e-07,1.353913647912834e-06,9.475229273553193e-07,3.53934874158884e-07,2.4986562241657176e-07,8
1.5,1.1100000000000008,8.007571852945462e-07,1.3946118643931243e-06,1.0309807668712626e-06,3.9464517120056476e-07,2.722957006516599e-07,8
1.5,1.1400000000000008,8.475640571226335e-07,1.4405765102548188e-06,1.1233039396362993e-06,4.4059769945463046e-07,2.970796987342058e-07,9
1.5,1.1700000000000008,8.998057888764648e-07,1.4926676965158634e-06,1.225987685856341e-06,4.926976577571978e-07,3.246149892103303e-07,16
1.5,1.2000000000000008,9.583906346577496e-07,1.5520036330293604e-06,1.3409311389373695e-06,5.520330055628646e-07,3.553974747235843e-07,10
1.5,1.2300000000000009,1.0246269641552703e-06,1.6200134143706937e-06,1.4705509767608558e-06,6.200632536282043e-07,3.9005387385013536e-07,10
1.5,1.260000000000001,1.1001417469675673e-06,1.6985879259841757e-06,1.618006914775489e-06,6.98634014994285e-07,4.29387593686699e-07,11
1.5,1.290000000000001,1.186966998585166e-06,1.7900474761373507e-06,1.787290803024102e-06,7.900927129382312e-07,4.7444536307188793e-07,12
1.5,1.320000000000001,1.2878593009433045e-06,1.8975337024948226e-06,1.9837576339361907e-06,8.97586418385447e-07,5.26616482109903e-07,13
1.5,1.350000000000001,1.4065906744308654e-06,2.0253637149487824e-06,2.214735222296497e-06,1.0254046016601023e-06,5.877849713869042e-07,15
1.5,1.380000000000001,1.5482696642812242e-06,2.1793586796036698e-06,2.4902224016623414e-06,1.179409899462867e-06,6.605707237734256e-07,16
1.5,1.410000000000001,1.7204158936940057e-06,2.36809061306499e-06,2.824800568700708e-06,1.368143535301223e-06,7.487269565200135e-07,18
1.5,1.440000000000001,1.9340712740383617e-06,2.6041416476219913e-06,3.2399688723053817e-06,1.6041960775383812e-06,8.578264747874953e-07,21
1.5,1.470000000000001,2.2062632419758026e-06,2.9069236850486188e-06,3.768942834612943e-06,1.9070056958342077e-06,9.965153129328397e-07,23
1.5,1.500000000000001,2.5652566452859994e-06,3.308666250619801e-06,4.4666994383367395e-06,2.308730980757403e-06,1.1789684521469047e-06,28
1.5,1.5300000000000011,3.0603994938280273e-06,3.865562352921935e-06,5.429336947172984e-06,2.865635670040816e-06,1.4301480680652314e-06,34
1.5,1.5600000000000012,3.787695530885049e-06,4.686993865732824e-06,6.843760962988453e-06,3.687094337584748e-06,1.7984715316285819e-06,43
1.5,1.5900000000000012,4.960922058538736e-06,6.0165451125552945e-06,9.12625661943064e-06,5.016682822476719e-06,2.3918075266068158e-06,57
1.5,1.6100000000000012,6.2459463178864166e-06,7.475871876045618e-06,1.1626924493938726e-05,6.476046980237362e-06,3.041007981384725e-06,71
1.5,1.6300000000000012,8.421017921973702e-06,9.949249963737464e-06,1.5860497337192466e-05,8.949521006756784e-06,4.139042418497074e-06,97
1.5,1.6500000000000012,1.290182484903761e-05,1.5049563616554957e-05,2.458346216764256e-05,1.4050087260601979e-05,6.3985298958216494e-06,155
1.5,1.6600000000000013,1.7564413838639914e-05,2.0359295365551247e-05,3.366124458558787e-05,1.936019950950249e-05,8.746187725138012e-06,203
1.5,1.6700000000000013,2.7472530539156695e-05,3.164517711461138e-05,5.2953140672963905e-05,3.064725616826169e-05,1.3719046292311566e-05,329
1.5,1.6750000000000012,3.822215456374966e-05,4.389088011809561e-05,7.388481031879932e-05,4.289481295916812e-05,1.9080207913068754e-05,441
1.5,1.680000000000001,6.257645041100654e-05,7.163596624826756e-05,0.00012131121068346639,7.064630945601004e-05,3.1028387529679315e-05,747
1.5,1.681000000000001,7.163384272674513e-05,8.195453332531654e-05,0.00013895035442632804,8.096804762294811e-05,3.537962460570312e-05,737
1.5,1.6820000000000008,8.367923689694445e-05,9.567718444086663e-05,0.0001624095712524496,9.469557496273252e-05,4.107053857710624e-05,871
1.5,1.6830000000000007,0.00010041958662872818,0.00011474853198689382,0.00019501437277141514,0.00011377494980416796,4.877170763919096e-05,1057
1.5,1.6835000000000007,0.00011145869878089272,0.0001273247525892623,0.0002165161683159619,0.0001263572604423661,5.3701604924981905e-05,1085
1.5,1.6840000000000006,0.00012507654076205577,0.00014283873030406232,0.00024304204221909439,0.00014187962343172828,5.960399697699957e-05,1221
1.5,1.6845000000000006,0.00014222367259106894,0.00016237333801160286,0.00027644452928086706,0.00016142615819199205,6.673176474597893e-05,1391
1.5,1.6850000000000005,0.00016432830386505466,0.000187555561302519,0.00031950746312348695,0.00018662601141650407,7.538088701030353e-05,1599
1.5,1.6855000000000004,0.00019358489292086063,0.00022088523634491517,0.0003765090792035655,0.0002199829226176103,8.58302786229284e-05,1859
1.5,1.6860000000000004,0.0002333977203570358,0.00026624027804550155,0.0004540881296466186,0.00026538217051841155,9.814125155018141e-05,2177
1.5,1.6861000000000004,0.00024304587812453132,0.0002772314345379296,0.0004728902712622929,0.0002763852793895372,0.00010079042152888562,1815
1.5,1.6866000000000003,0.00030255779922490654,0.0003450264703919496,0.0005888814278368207,0.00034426473348228895,0.00011433751003999198,2625
1.5,1.6867000000000003,0.00031714831094324794,0.00036164754014240063,0.0006173229966478049,0.0003609093089479424,0.00011696020743392645,2197
1.5,1.6868000000000003,0.00033279147735770646,0.0003794676698638399,0.0006478183051978836,0.00037875586945878924,0.00011948772836064223,2261
1.5,1.6869000000000003,0.00034955693819024614,0.0003985661704564267,0.0006805034959964739,0.0003978841091235923,0.00012188468143342873,2323
1.5,1.6870000000000003,0.0003675136506471702,0.0004190215721717757,0.0007155134428392823,0.00041837298272747066,0.00012411314467490435,2385
1.5,1.6871000000000003,0.0003867278380461178,0.00044090928697633377,0.0007529777578495614,0.0004402983697424429,0.00012613388066063836,2443
1.5,1.6872000000000003,0.0004072618747511191,0.0004643003388017279,0.0007930186196159114,0.0004637318028108501,0.0001279076532613742,2497
1.5,1.6873000000000002,0.0004291721926004841,0.0004892589782547128,0.0008357466942334109,0.000488738081008742,0.00012939701988115194,2547
1.5,1.6874000000000002,0.00045250716992389754,0.0005158402776504479,0.0008812570198306379,0.0005153728615835286,0.00013056831626079852,2589
1.5,1.6875000000000002,0.00047730611214773217,0.0005440889706650492,0.0009296270147222368,0.0005436814933682763,0.00013139342020009173,2627
1.5,1.6876000000000002,0.0005035968752479646,0.0005740367445180527,0.0009809118398388774,0.0005736963033046809,0.00013185172686537978,2659
1.5,1.6877000000000002,0.0005313949677222814,0.0006057012177056151,0.0010351426384692037,0.0006054355655647658,0.00013193147415528885,2681
1.5,1.6878000000000002,0.000560703498779032,0.0006390858821638268,0.0010923264231624036,0.0006389034341803229,0.00013163041102255793,2697
1.5,1.6879000000000002,0.0005915121911632787,0.0006741789785998665,0.001152444138910964,0.0006740888096869307,0.0001309561708834233,2705
1.5,1.6880000000000002,0.0006237983000300708,0.0007109545444773362,0.0012154524393475391,0.0007109663773603531,0.00012992561485792228,2705
1.5,1.6881000000000002,0.000657527429298261,0.0007493733446413,0.0012812852635491032,0.0007494975293367319,0.00012856371208012696,2697
1.5,1.6882000000000001,0.000692654894027493,0.0007893844240384883,0.0013498564777596066,0.0007896319098634067,0.0001269019210509789,2681
1.5,1.6883000000000001,0.0007291276324633817,0.0008309272867544681,0.0014210635901337628,0.0008313095883525552,0.0001249762432569704,2661
1.5,1.6884000000000001,0.0007668853011953544,0.0008739331434703772,0.0014947898747368227,0.0008744623025046235,0.00012282543718828177,2633
1.5,1.6885000000000001,0.0008058631304528193,0.0009183281654747247,0.0015709099295110663,0.000919016709602778,0.00012048895067966501,2601
1.5,1.6886,0.0008459929819193832,0.0009640346893298769,0.0016492917321318866,0.0009648955900063011,0.00011800549792849305,2565
1.5,1.6887,0.000887205228978143,0.001010973359207135,0.001729800301701672,0.0010120199896340727,0.00011541173918929629,2525
1.5,1.6888,0.0009294302978780862,0.001059064882736132,0.0018123007016830326,0.0010603109771444151,0.00011274135031372709,2483
1.5,1.6889,0.0009725995950234082,0.0011082310871032243,0.001896659847391971,0.0011096907019590278,0.0001100245030304102,2439
1.5,1.689,0.0010166464329565356,0.0011583959738136515,0.0019827483124881928,0.0011600834515480805,0.00010728758657968503,2391
1.5,1.6891,0.0010615073351587265,0.0012094872055460626,0.0020704428764192853,0.001211417141781691,0.0001045530697825011,2345
1.5,1.6892,0.0011071214111228725,0.0012614353929978708,0.002159625307174323,0.0012636226058280254,0.00010183982839517747,2297
1.5,1.6893,0.001153431640552064,0.00131417555857319,0.002250184870449197,0.001316635061800283,9.916323991317723e-05,2249
1.5,1.6894,0.0012003845361985763,0.0013676467516081105,0.0023420176752050963,0.0013703937304543105,9.653559552331242e-05,2201
1.5,1.6895,0.0012479303041806101,0.001421792230911602,0.0024350269903706664,0.0014248420206155006,9.396644357898909e-05,2153
1.5,1.6896,0.0012960227931272375,0.0014765594066304868,0.0025291231495254444,0.0014799274735992165,9.146295845403223e-05,2105
1.5,1.6897,0.001344619502271113,0.0015318998494127673,0.0026242235707988923,0.0015356017749107913,8.903028088781472e-05,2059
1.5,1.6898,0.00139368117600457,0.0015877688280937973,0.0027202519690209944,0.0015918202936235683,8.667187671887748e-05,2015
1.5,1.6899,0.0014431716166563775,0.0016441250962397525,0.0028171379937174477,0.0016485418707030263,8.438982832128108e-05,1971
1.5,1.6904,0.0016959903193298938,0.001932002251729941,0.0033123624043983504,0.0019384844805233176,7.412939091566951e-05,2131
1.5,1.6905,0.0017474483682316884,0.0019905928951694496,0.003413218180520715,0.0019975363636443714,7.229922737736313e-05,1729
1.5,1.6909999999999998,0.00200812634389076,0.0022873872544961586,0.003924444236324358,0.002296879650382037,6.414193199007124e-05,1877
1.5,1.6914999999999998,0.0022731714118377636,0.002589126079143238,0.004444761413637561,0.0026015739852174114,5.7415084717788996e-05,1701
1.5,1.6919999999999997,0.0025413263733279055,0.0028943769405758274,0.004971724527362805,0.0029101887145804076,5.183206409250964e-05,1553
1.5,1.6924999999999997,0.0028117483729720263,0.003202179526623172,0.005503694025966268,0.0032217645500897383,4.715552019677097e-05,1427
1.5,1.6929999999999996,0.0030838579158055037,0.0035118736019753654,0.006039542519872971,0.003535641866927842,4.319894356288726e-05,1319
1.5,1.6934999999999996,0.003357246578346304,0.0038229938504742316,0.006578475351159137,0.0038513557222829187,3.9818337026784767e-05,1227
1.5,1.6939999999999995,0.0036316195538724488,0.004135204409476863,0.007119918864476126,0.004168570484038525,3.690281187976983e-05,1147
1.5,1.6944999999999995,0.003906759538158495,0.004448257721116669,0.007663450172663009,0.004487038736556204,3.43665873760342e-05,1075
1.5,1.6949999999999994,0.004182503601289512,0.004761968180958781,0.008208752179859457,0.004806574963637916,3.214278113033592e-05,1013
1.5,1.6954999999999993,0.004458726887112437,0.005076193563754192,0.008755581858386301,0.005127036988640631,3.017877313530813e-05,957
1.5,1.6964999999999992,0.005012244840248194,0.005705771892030735,0.009853111186895594,0.005770321309887042,2.6871181603870282e-05,923
1.5,1.6974999999999991,0.005566756411687819,0.0063363583479839995,0.010954953709173331,0.006416257357002403,2.419773151184294e-05,839
1.5,1.698499999999999,0.0061219012748963695,0.0069675426397093785,0.012060407662961103,0.0070644347048905536,2.1994692654411857e-05,771
1.5,1.699499999999999,0.006677435867010659,0.007599047508629477,0.013168998491361824,0.007714575873618333,2.0149469642379053e-05,713
1.5,1.7004999999999988,0.0072331901193618655,0.008230679432103977,0.014280394662890938,0.008366487070582483,1.8582341414112347e-05,663
1.5,1.7014999999999987,0.007789041613828297,0.008862299177797985,0.015394357373889637,0.00902002876061516,1.7235408158324217e-05,619
1.5,1.7024999999999986,0.008344900212746429,0.009493804293007599,0.01651071064773559,0.009675098168908726,1.6065668954977183e-05,583
1.5,1.7034999999999985,0.008900697483106068,0.010125117051921253,0.017629320723392475,0.010331617223907848,1.5040558053272058e-05,549
1.5,1.7044999999999983,0.009456381191737464,0.010756178188194342,0.018750085381661563,0.010989526307229573,1.4134978536480935e-05,519
1.5,1.7054999999999982,0.010011910396627743,0.011386941299647102,0.019872924367954663,0.011648778652384222,1.3329291224627798e-05,493
1.5,1.7104999999999981,0.012786292483287805,0.014535216802437644,0.025516371783926517,0.014964106242840532,1.0347460800814894e-05,451
1.5,1.715499999999998,0.015553791969633685,0.017672637670843545,0.031205710035114968,0.01830955217102466,8.428772518259153e-06,377
1.5,1.720499999999998,0.018313357350735845,0.02079803670112789,0.03693881375955104,0.02168389597575976,7.091675878974411e-06,323
1.5,1.7254999999999978,0.021064454407974244,0.023910836177435803,0.04271456044235842,0.025086503439078225,6.106981961875614e-06,285
1.5,1.7304999999999977,0.023806768411822863,0.02701070853847521,0.04853225091795057,0.028516987536315607,5.351841083847894e-06,253
1.5,1.7354999999999976,0.026540093544150607,0.030097450373779432,0.05439139449130263,0.031975082714505214,4.754521276923416e-06,229
1.5,1.7454999999999976,0.0319792274343215,0.03623104054628077,0.06623259387777103,0.038973343505949734,3.870023507488756e-06,203
1.5,1.7554999999999976,0.03738104783523762,0.042310934596289665,0.07823580155873212,0.046080069977176105,3.246924689957872e-06,177
1.5,1.7654999999999976,0.042745032686256464,0.048336785781892815,0.09039917399909889,0.05329434004759694,2.7846070911944758e-06,155
1.5,1.7754999999999976,0.04807081813816517,0.05430842632254153,0.10272113802977163,0.0606153836465824,2.428207060009351e-06,141
1.5,1.7854999999999976,0.0533581434689188,0.06022580411148574,0.11520028849314493,0.06804252331995331,2.1452662939482433e-06,127
1.5,1.7954999999999977,0.058606825106745745,0.06608895274044788,0.127835342487569,0.07557514782693395,1.9153550602859447e-06,117
1.5,1.8054999999999977,0.06381674000647442,0.0718979722007068,0.1406251108161135,0.08321269581179598,1.7249731054233256e-06,109
1.5,1.8154999999999977,0.06898781559653927,0.0776530171626919,0.1535684820613036,0.09095464678630825,1.5648414714630005e-06,101
1.5,1.8254999999999977,0.07412002250685577,0.08335428847399459,0.16666441167824084,0.09880051501319062,1.4283722643020828e-06,95
1.5,1.8454999999999977,0.0842678945597204,0.09459650428967821,0.193310051828527,0.11480220604443514,1.2084129176907527e-06,87
1.5,1.8654999999999977,0.09426079120496332,0.10562692274676037,0.2205547343931019,0.13121442417187112,1.0392003181244747e-06,79
1.5,1.8854999999999977,0.10409956380447438,0.1164482641746961,0.24839185053730137,0.14803417052072598,9.053068696905864e-07,73
1.5,1.9054999999999978,0.11378539553966012,0.12706356796873666,0.2768153715663696,0.16525873386926643,7.969691021082393e-07,67
1.5,1.9254999999999978,0.12331973576820139,0.13747611694945844,0.30581976705899566,0.18288564687093117,7.077071541344618e-07,63
1.5,1.9454999999999978,0.13270424732565267,0.14768937720506156,0.335399939377311,0.2009126512704945,6.330518031536061e-07,59
1.5,1.9654999999999978,0.14194076410300446,0.15770695022957537,0.3655511714904777,0.21933767038411026,5.698211059424378e-07,55
1.5,1.9854999999999978,0.15103125598749037,0.16753253384140507,0.39626908327083454,0.23815878616970282,5.156883812856574e-07,51
2.0,1e-16,3.0864189766190144e-07,9.999993336100649e-07,6.666662224067097e-39,1.0288063255396713e-39,1.3717395925445042e-39,2
2.0,0.0300000000000001,3.088929861394757e-07,1.00009200112981e-06,6.000552006778899e-10,9.266789584184333e-11,1.2348290879828892e-10,3
2.0,0.060000000000000095,3.0964697424998516e-07,1.0003709082439983e-06,2.400890179785603e-09,3.715763690999833e-10,4.942481781241526e-10,3
2.0,0.0900000000000001,3.1090603564099365e-07,1.0008387744465959e-06,5.404529382011628e-09,8.394462962306846e-10,1.1132484255310617e-09,3
2.0,0.12000000000000009,3.126738135146444e-07,1.0015001525537067e-06,9.6144014645156e-09,1.5008343048702953e-09,1.9820813658309604e-09,3
2.0,0.15000000000000008,3.149554535326516e-07,1.0023614604186527e-06,1.5035421906279805e-08,2.3621659014948893e-09,3.1030050382064994e-09,3
2.0,0.18000000000000008,3.1775765166296264e-07,1.003431026501179e-06,2.167411017242548e-08,3.431782637959999e-09,4.478959527321488e-09,3
2.0,0.21000000000000008,3.2108871782619417e-07,1.0047191500497536e-06,2.953874301146278e-08,4.720004152045058e-09,6.113595594882895e-09,3
2.0,0.24000000000000007,3.249586565006849e-07,1.0062381769349446e-06,3.863954599430189e-08,6.239206204813153e-09,8.011310776724259e-09,3
2.0,0.2700000000000001,3.29379265777572e-07,1.0080025924811257e-06,4.898892599458273e-08,8.003916158395002e-09,1.0177293654961799e-08,3
2.0,0.30000000000000004,3.343663125162221e-07,1.010030220958701e-06,6.060181325752206e-08,1.0030989375486665e-08,1.261757718996469e-08,4
2.0,0.33000000000000007,3.3993275844916405e-07,1.012338720966669e-06,7.349579114218019e-08,1.233955913170466e-08,1.5339102198858966e-08,4
2.0,0.3600000000000001,3.460979496487334e-07,1.0149504766698239e-06,8.769172118427283e-08,1.4951431424825293e-08,1.8349792302139877e-08,4
2.0,0.3900000000000001,3.528824960193584e-07,1.01788999790233e-06,1.0321404578729632e-07,1.789114254818148e-08,2.1658641938364732e-08,4
2.0,0.42000000000000015,3.603097024131485e-07,1.0211847646328307e-06,1.20091328320821e-07,2.1186210501893146e-08,2.5275819376813e-08,4
2.0,0.4500000000000002,3.684058435234036e-07,1.0248654825775815e-06,1.3835684014797359e-07,2.486739443782976e-08,2.9212787055430097e-08,4
2.0,0.4800000000000002,3.7720048372686647e-07,1.0289663808754228e-06,1.5804923610246507e-07,2.896899715022337e-08,3.3482442051742374e-08,4
2.0,0.5100000000000002,3.8672684922053056e-07,1.0335255588230794e-06,1.792133318999221e-07,3.352921782742003e-08,3.8099280079996444e-08,4
2.0,0.5400000000000003,3.970222613203827e-07,1.0385853901399136e-06,2.0190099984319938e-07,3.8590563800341236e-08,4.307958712610613e-08,4
2.0,0.5700000000000003,4.081286416585072e-07,1.0441929950378194e-06,2.2617220272519188e-07,4.420033189161637e-08,4.8441663718851266e-08,4
2.0,0.6000000000000003,4.2009310232408844e-07,1.0504007926035326e-06,2.520961902248481e-07,5.041117227889066e-08,5.4206087937608166e-08,4
2.0,0.6300000000000003,4.329746096978404e-07,1.057280848415753e-06,2.7975651249080854e-07,5.728254086302435e-08,6.039602463350231e-08,5
2.0,0.6600000000000004,4.4682368343021263e-07,1.0648765937364186e-06,3.092401628210563e-07,6.487879883406694e-08,6.703759007992512e-08,5
2.0,0.6900000000000004,4.617119878321662e-07,1.0732707122962367e-06,3.406561240828259e-07,7.327369246896485e-08,7.416028344744066e-08,5
2.0,0.7200000000000004,4.777160493265873e-07,1.0825451910643844e-06,3.741276180318517e-07,8.254933332363439e-08,8.179749932122503e-08,5
2.0,0.7500000000000004,4.949226486023702e-07,1.0927921268469224e-06,4.0979704756759637e-07,9.279799661294453e-08,8.998713904996645e-08,5
2.0,0.7800000000000005,5.134304628466602e-07,1.1041152817556665e-06,4.4782915828009884e-07,1.0412369786530281e-07,9.877234337584626e-08,5
