Epoch,chi_Mean_0.25,chi_Mean_1.0,chi_Mean_4.0
1,-42.237611,-39.058731,-70.045253
2,-28.772667,-28.028084,-52.395439
3,-27.053437,-26.388494,-45.268335
4,-26.666866,-25.826133,-41.822235
5,-26.421478,-25.371929,-39.880535
6,-26.213336,-24.932803,-38.355765
7,-26.030904,-24.516663,-37.251533
8,-25.870460,-24.147737,-36.305124
9,-25.734000,-23.812961,-35.491225
10,-25.613074,-23.512432,-34.814051
11,-25.516792,-23.242440,-34.203369
12,-25.419690,-22.992521,-33.659045
13,-25.324593,-22.752785,-33.045503
14,-25.256690,-22.523532,-32.561115
15,-25.194581,-22.285792,-32.128467
16,-25.126814,-22.084058,-31.727925
17,-25.063290,-21.895220,-31.369816
18,-25.004095,-21.726776,-30.984398
19,-24.944236,-21.565326,-30.653604
20,-24.889896,-21.412283,-30.415264
21,-24.833597,-21.261639,-30.164242
22,-24.788450,-21.123369,-29.879544
23,-24.736718,-20.993993,-29.729304
24,-24.682957,-20.857026,-29.441394
25,-24.637196,-20.729924,-29.287676
26,-24.585597,-20.608391,-29.085446
27,-24.521715,-20.491425,-28.912205
28,-24.464407,-20.384539,-28.792191
29,-24.410520,-20.290057,-28.608905
30,-24.345714,-20.215825,-28.391993
31,-24.296596,-20.135085,-28.288807
32,-24.244075,-20.092931,-28.233756
33,-24.202064,-20.042360,-28.126457
34,-24.135325,-19.998530,-27.999478
35,-24.089509,-19.963225,-27.896413
36,-24.035378,-19.946618,-27.743205
37,-23.996328,-19.911253,-27.662802
38,-23.951347,-19.895264,-27.577826
39,-23.899127,-19.862498,-27.458178
40,-23.854935,-19.844175,-27.364465
41,-23.811994,-19.832701,-27.252921
42,-23.779786,-19.826014,-27.150320
43,-23.728545,-19.827342,-27.038434
44,-23.687195,-19.821605,-26.981491
45,-23.645442,-19.859506,-26.928500
46,-23.605767,-19.882926,-26.813139
47,-23.558546,-19.949711,-26.711894
48,-23.506627,-19.972084,-26.632292
49,-23.478508,-19.999768,-26.565986
50,-23.442276,-20.064876,-26.433487
51,-23.412898,-20.073592,-26.376064
52,-23.365186,-20.188002,-26.288338
53,-23.334069,-20.210293,-26.245312
54,-23.295829,-20.300239,-26.158892
55,-23.272336,-20.359004,-26.077134
56,-23.238732,-20.473709,-25.994523
57,-23.215443,-20.563262,-25.932063
58,-23.207952,-20.595864,-25.882585
59,-23.190865,-20.665316,-25.799719
60,-23.185824,-20.702594,-25.716468
61,-23.178569,-20.810221,-25.659581
62,-23.164075,-20.883776,-25.629906
63,-23.203822,-21.019268,-25.485440
64,-23.238524,-21.041280,-25.397360
65,-23.263741,-21.097137,-25.339769
66,-23.288799,-21.146990,-25.311407
67,-23.383558,-21.152178,-25.219977
68,-23.384057,-21.222023,-25.110069
69,-23.467172,-21.283689,-25.008264
70,-23.505725,-21.341908,-24.908449
71,-23.613824,-21.397661,-24.842710
72,-23.690039,-21.417720,-24.829420
73,-23.769818,-21.509406,-24.765129
74,-23.811188,-21.539247,-24.716093
75,-23.883262,-21.532520,-24.644534
76,-23.928876,-21.603109,-24.604112
77,-24.041437,-21.560612,-24.576478
78,-24.141505,-21.668118,-24.447742
79,-24.162397,-21.676704,-24.454150
80,-24.255216,-21.693669,-24.331767
81,-24.375315,-21.725859,-24.250648
82,-24.404516,-21.731519,-24.278645
83,-24.557572,-21.766016,-24.249710
84,-24.625183,-21.718407,-24.172216
85,-24.736400,-21.738061,-24.176537
86,-24.715380,-21.762609,-24.154724
87,-24.796563,-21.768734,-24.038080
88,-24.798805,-21.779978,-24.066351
89,-24.876674,-21.832699,-24.020166
90,-24.911021,-21.805347,-24.000076
91,-24.920838,-21.831651,-23.995730
92,-24.953556,-21.791445,-24.014529
93,-24.987779,-21.765157,-23.922077
94,-25.080284,-21.779772,-23.878307
95,-25.075290,-21.800744,-23.852228
96,-25.234457,-21.839637,-23.828349
97,-25.315430,-21.790264,-23.770455
98,-25.365582,-21.770922,-23.752726
99,-25.530333,-21.782936,-23.764094
100,-25.578450,-21.730822,-23.697662
101,-25.725684,-21.730085,-23.666565
102,-25.856818,-21.820152,-23.602600
103,-25.992047,-21.807851,-23.569511
104,-26.106346,-21.762755,-23.601089
105,-26.172558,-21.781485,-23.492205
106,-26.237206,-21.749163,-23.474624
107,-26.386842,-21.773902,-23.455972
108,-26.398509,-21.745809,-23.429876
109,-26.436217,-21.742241,-23.402391
110,-26.560073,-21.694779,-23.395971
111,-26.637825,-21.679637,-23.399709
112,-26.727917,-21.713160,-23.344519
113,-26.751460,-21.696627,-23.334305
114,-26.830173,-21.685946,-23.304269
115,-26.778500,-21.651071,-23.284002
116,-26.740179,-21.589363,-23.261508
117,-26.777484,-21.596879,-23.236688
118,-26.670429,-21.655788,-23.192943
119,-26.670529,-21.655750,-23.221023
120,-26.573563,-21.585900,-23.129208
121,-26.447964,-21.571944,-23.068754
122,-26.441736,-21.549435,-23.013804
123,-26.302972,-21.555432,-23.030884
124,-26.171224,-21.563804,-23.041851
125,-26.164406,-21.520147,-23.044224
126,-26.065878,-21.510325,-23.031567
127,-25.832763,-21.519994,-22.925327
128,-25.830428,-21.529278,-22.903968
129,-25.708215,-21.505753,-22.911737
130,-25.663233,-21.453166,-22.844446
131,-25.556799,-21.425701,-22.876583
132,-25.449185,-21.439973,-22.800827
133,-25.343981,-21.395511,-22.814444
134,-25.235517,-21.401004,-22.789919
135,-25.177319,-21.427684,-22.749513
136,-25.014549,-21.423653,-22.697097
137,-24.861865,-21.362612,-22.666637
138,-24.769500,-21.374149,-22.676779
139,-24.715741,-21.376899,-22.648953
140,-24.595186,-21.333530,-22.559575
141,-24.424955,-21.354572,-22.582547
142,-24.340375,-21.373732,-22.503993
143,-24.236629,-21.291112,-22.448991
144,-24.068866,-21.269628,-22.445157
145,-24.002792,-21.306559,-22.400353
146,-23.905132,-21.312080,-22.436850
147,-23.810029,-21.265576,-22.376580
148,-23.806838,-21.200846,-22.374924
149,-23.638575,-21.219242,-22.296080
150,-23.500887,-21.200151,-22.354164
151,-23.456354,-21.233861,-22.327304
152,-23.359729,-21.234384,-22.247332
153,-23.255632,-21.275912,-22.203529
154,-23.183871,-21.200240,-22.182916
155,-23.021713,-21.158497,-22.135609
156,-22.950271,-21.140349,-22.162716
157,-22.905329,-21.161319,-22.063715
158,-22.811140,-21.132165,-22.042649
159,-22.702367,-21.113371,-22.033526
160,-22.621610,-21.065262,-21.987142
161,-22.548108,-21.024289,-21.942605
162,-22.522405,-21.012155,-21.910771
163,-22.417447,-21.022610,-21.915698
164,-22.327944,-21.073464,-21.894583
165,-22.300608,-20.963451,-21.943439
166,-22.171507,-21.048405,-21.876819
167,-22.138984,-20.997193,-21.869326
168,-22.025938,-21.009660,-21.835066
169,-21.977758,-20.994704,-21.776190
170,-21.919380,-21.013376,-21.763134
171,-21.816050,-20.913414,-21.747655
172,-21.758608,-20.935336,-21.696869
173,-21.683856,-20.948201,-21.635431
174,-21.555449,-20.892783,-21.608268
175,-21.439107,-20.892487,-21.590113
176,-21.445755,-20.942211,-21.570684
177,-21.368369,-20.919434,-21.510318
178,-21.309319,-20.907404,-21.511936
179,-21.287736,-20.916141,-21.512021
180,-21.175704,-20.847593,-21.463333
181,-21.127681,-20.823064,-21.425964
182,-21.121721,-20.850855,-21.417045
183,-21.050899,-20.842599,-21.389383
184,-21.047925,-20.849971,-21.351947
185,-21.041119,-20.819825,-21.309791
186,-20.881074,-20.801006,-21.284752
187,-20.848986,-20.749205,-21.280242
188,-20.860113,-20.723140,-21.211512
189,-20.832138,-20.745028,-21.173936
190,-20.795548,-20.766751,-21.155784
191,-20.743055,-20.735928,-21.127905
192,-20.670830,-20.738636,-21.098808
193,-20.636363,-20.725672,-21.063571
194,-20.622537,-20.638478,-21.030042
195,-20.523834,-20.647473,-21.059101
196,-20.471959,-20.658888,-21.013438
197,-20.514178,-20.668287,-21.024478
198,-20.427169,-20.607445,-21.016580
199,-20.387091,-20.617389,-20.944734
200,-20.315450,-20.621540,-20.896491
201,-20.243177,-20.606783,-20.888661
202,-20.190981,-20.566719,-20.871340
203,-20.225483,-20.607592,-20.831346
204,-20.180820,-20.533781,-20.834179
205,-20.052820,-20.560996,-20.816641
206,-20.075749,-20.554791,-20.751437
207,-19.993162,-20.547267,-20.750136
208,-19.948245,-20.514878,-20.752362
209,-19.895278,-20.494281,-20.689469
210,-19.853338,-20.515848,-20.739526
211,-19.860259,-20.494324,-20.673503
212,-19.813028,-20.430093,-20.663957
213,-19.790923,-20.445674,-20.606522
214,-19.759987,-20.425522,-20.570315
215,-19.714547,-20.409147,-20.524168
216,-19.672514,-20.458495,-20.540877
217,-19.637532,-20.431064,-20.473706
218,-19.587351,-20.400149,-20.400730
219,-19.559092,-20.331034,-20.366178
220,-19.486207,-20.323131,-20.390824
221,-19.466743,-20.279203,-20.338593
222,-19.440299,-20.353147,-20.318074
223,-19.424437,-20.293167,-20.300706
224,-19.375820,-20.329475,-20.358731
225,-19.342990,-20.323685,-20.298204
226,-19.300242,-20.309284,-20.291126
227,-19.295476,-20.299900,-20.203706
228,-19.280194,-20.284069,-20.199062
229,-19.253225,-20.271005,-20.237894
230,-19.192671,-20.209428,-20.140633
231,-19.230253,-20.220411,-20.091480
232,-19.199307,-20.224892,-20.133220
233,-19.209125,-20.209543,-20.103426
234,-19.170602,-20.155707,-20.107487
235,-19.095431,-20.154604,-20.149873
236,-19.140728,-20.139292,-20.072109
237,-19.113668,-20.142896,-20.082790
238,-19.088445,-20.166163,-20.048935
239,-19.057470,-20.124895,-20.053706
240,-19.063214,-20.164219,-19.998525
241,-18.972768,-20.114515,-19.962460
242,-18.994765,-20.095555,-19.979576
243,-18.983522,-20.098665,-19.918044
244,-18.944796,-20.086509,-19.880996
245,-18.949867,-20.104549,-19.882144
246,-18.903090,-20.052406,-19.833442
247,-18.909181,-20.096254,-19.827095
248,-18.903843,-20.084883,-19.829825
249,-18.905998,-20.074845,-19.836705
250,-18.811621,-20.016194,-19.814105
251,-18.792203,-19.969833,-19.825464
252,-18.804980,-19.973588,-19.796879
253,-18.777746,-20.024670,-19.770489
254,-18.764048,-20.032383,-19.769237
255,-18.742120,-20.013961,-19.751616
256,-18.725829,-20.004991,-19.752535
257,-18.746704,-19.992321,-19.732818
258,-18.703621,-19.959858,-19.681447
259,-18.679342,-19.908122,-19.698138
260,-18.700298,-19.884849,-19.666872
261,-18.675254,-19.901542,-19.661865
262,-18.669259,-19.942360,-19.640463
263,-18.623141,-19.946786,-19.593533
264,-18.647767,-19.900995,-19.614599
265,-18.642285,-19.849248,-19.583639
266,-18.609404,-19.812160,-19.551920
267,-18.600679,-19.886293,-19.588385
268,-18.598125,-19.816753,-19.559413
269,-18.581572,-19.805220,-19.566209
270,-18.551204,-19.819871,-19.531234
271,-18.566630,-19.762812,-19.554085
272,-18.530708,-19.795674,-19.521573
273,-18.536667,-19.785337,-19.506028
274,-18.501810,-19.768489,-19.455910
275,-18.497022,-19.720083,-19.482283
276,-18.513513,-19.733880,-19.492643
277,-18.468172,-19.703050,-19.452932
278,-18.477888,-19.716357,-19.443008
279,-18.458204,-19.672977,-19.434058
280,-18.462685,-19.667960,-19.443112
281,-18.467528,-19.685409,-19.441690
282,-18.493556,-19.665436,-19.444191
283,-18.441693,-19.644899,-19.436029
284,-18.461241,-19.640860,-19.374199
285,-18.407559,-19.615666,-19.384236
286,-18.430161,-19.629919,-19.379457
287,-18.412464,-19.581073,-19.398601
288,-18.391766,-19.605255,-19.385215
289,-18.381387,-19.564383,-19.331841
290,-18.364499,-19.563999,-19.317385
291,-18.355775,-19.527925,-19.315408
292,-18.386230,-19.501259,-19.281361
293,-18.367734,-19.493840,-19.271878
294,-18.347041,-19.491794,-19.267623
295,-18.339116,-19.487835,-19.266988
296,-18.334444,-19.502570,-19.241784
297,-18.321231,-19.416626,-19.257494
298,-18.340775,-19.421796,-19.270264
299,-18.313872,-19.413121,-19.244983
300,-18.302451,-19.431045,-19.215745
301,-18.336821,-19.429679,-19.198863
302,-18.335429,-19.375962,-19.203752
303,-18.300162,-19.340719,-19.204595
304,-18.303595,-19.330916,-19.152860
305,-18.304809,-19.296931,-19.154822
306,-18.294519,-19.268044,-19.142753
307,-18.276844,-19.269049,-19.142246
308,-18.288944,-19.289636,-19.107165
309,-18.262838,-19.272431,-19.139724
310,-18.266212,-19.308970,-19.110179
311,-18.264618,-19.270543,-19.083839
312,-18.270015,-19.281035,-19.058070
313,-18.271329,-19.208506,-19.074803
314,-18.264143,-19.216420,-19.073836
315,-18.250512,-19.250908,-19.078833
316,-18.245181,-19.194531,-19.058318
317,-18.239223,-19.167267,-19.031599
318,-18.247614,-19.143186,-19.043030
319,-18.239327,-19.128089,-19.046194
320,-18.243582,-19.155666,-19.006116
321,-18.230705,-19.178716,-18.990743
322,-18.226556,-19.181367,-18.982087
323,-18.236825,-19.155048,-18.986469
324,-18.220182,-19.130595,-18.996003
325,-18.204505,-19.127008,-18.973861
326,-18.230712,-19.150752,-18.938822
327,-18.216799,-19.159637,-18.953279
328,-18.216296,-19.135286,-18.952270
329,-18.191006,-19.165493,-18.940665
330,-18.193083,-19.067034,-18.930295
331,-18.205431,-19.068251,-18.933019
332,-18.213892,-19.083624,-18.945876
333,-18.188295,-19.059144,-18.937767
334,-18.186827,-19.019914,-18.917914
335,-18.189934,-19.016506,-18.875523
336,-18.184708,-19.026480,-18.893856
337,-18.193616,-19.024409,-18.881242
338,-18.190884,-18.999423,-18.886698
339,-18.182966,-19.009501,-18.897298
340,-18.193433,-18.998912,-18.864108
341,-18.178403,-19.015520,-18.848826
342,-18.164643,-18.952554,-18.845538
343,-18.158525,-18.964198,-18.837130
344,-18.159292,-18.942399,-18.809289
345,-18.161324,-18.952407,-18.807624
346,-18.176628,-18.915796,-18.778012
347,-18.179133,-18.946521,-18.806362
348,-18.164618,-18.941783,-18.779961
349,-18.155882,-18.898754,-18.802646
350,-18.163378,-18.892738,-18.748633
351,-18.148875,-18.866285,-18.724537
352,-18.144285,-18.908105,-18.745447
353,-18.138936,-18.906073,-18.717447
354,-18.140857,-18.882580,-18.677163
355,-18.129011,-18.853895,-18.696256
356,-18.138479,-18.851447,-18.678651
357,-18.154258,-18.880989,-18.695560
358,-18.142565,-18.891054,-18.699136
359,-18.147265,-18.818150,-18.684605
360,-18.141410,-18.784998,-18.679764
361,-18.145079,-18.816919,-18.656416
362,-18.139353,-18.790464,-18.655408
363,-18.147654,-18.813166,-18.643509
364,-18.136950,-18.791302,-18.632913
365,-18.137517,-18.781840,-18.636357
366,-18.136334,-18.810076,-18.634994
367,-18.123477,-18.801707,-18.626357
368,-18.132471,-18.758988,-18.639541
369,-18.134916,-18.766753,-18.602517
370,-18.132482,-18.789737,-18.582337
371,-18.130962,-18.781083,-18.603375
372,-18.134364,-18.762198,-18.582400
373,-18.131117,-18.780717,-18.567250
374,-18.135484,-18.751814,-18.578060
375,-18.140831,-18.766745,-18.542702
376,-18.135137,-18.743803,-18.544286
377,-18.119042,-18.743499,-18.552185
378,-18.124517,-18.746168,-18.555913
379,-18.118316,-18.733774,-18.568198
380,-18.115791,-18.749408,-18.542521
381,-18.127825,-18.762863,-18.549512
382,-18.123246,-18.697544,-18.535891
383,-18.137030,-18.686130,-18.539993
384,-18.122941,-18.644439,-18.541238
385,-18.132689,-18.612356,-18.559255
386,-18.130651,-18.648469,-18.531643
387,-18.123160,-18.652843,-18.539329
388,-18.129586,-18.615036,-18.561418
389,-18.129284,-18.639553,-18.525784
390,-18.119908,-18.629066,-18.526316
391,-18.128126,-18.613868,-18.532151
392,-18.124070,-18.612945,-18.568414
393,-18.130807,-18.587404,-18.521533
394,-18.122825,-18.585651,-18.517216
395,-18.116732,-18.600427,-18.536749
396,-18.127974,-18.630151,-18.525586
397,-18.120856,-18.591749,-18.514799
398,-18.115866,-18.612462,-18.515498
399,-18.106300,-18.584619,-18.503364
400,-18.122164,-18.560020,-18.506873
401,-18.115199,-18.534432,-18.504264
402,-18.126443,-18.512924,-18.484787
403,-18.100293,-18.540555,-18.489558
404,-18.108394,-18.510815,-18.494202
405,-18.110514,-18.493161,-18.463761
406,-18.113565,-18.506581,-18.469339
407,-18.111735,-18.503648,-18.457458
408,-18.106125,-18.476605,-18.476047
409,-18.111659,-18.495640,-18.481014
410,-18.125957,-18.481146,-18.471818
411,-18.116262,-18.456896,-18.473886
412,-18.125700,-18.424414,-18.494453
413,-18.119735,-18.447725,-18.473424
414,-18.104144,-18.453058,-18.471051
415,-18.114275,-18.459701,-18.459640
416,-18.120320,-18.477355,-18.433207
417,-18.117467,-18.453124,-18.414879
418,-18.116776,-18.453948,-18.426947
419,-18.123844,-18.407642,-18.430358
420,-18.128290,-18.432175,-18.445019
421,-18.122612,-18.419047,-18.428504
422,-18.111226,-18.414513,-18.413811
423,-18.121428,-18.426893,-18.448145
424,-18.109636,-18.421050,-18.420766
425,-18.114108,-18.408270,-18.406762
426,-18.124835,-18.429754,-18.388989
427,-18.108914,-18.387753,-18.407901
428,-18.110363,-18.427970,-18.396588
429,-18.106035,-18.404072,-18.398347
430,-18.115518,-18.393347,-18.398799
431,-18.129127,-18.399213,-18.408012
432,-18.129575,-18.395240,-18.398522
433,-18.123055,-18.395291,-18.399940
434,-18.117770,-18.412675,-18.415322
435,-18.119242,-18.396507,-18.389166
436,-18.129588,-18.350426,-18.366693
437,-18.136966,-18.386677,-18.369878
438,-18.139131,-18.366978,-18.367550
439,-18.132359,-18.335018,-18.347592
440,-18.121595,-18.336034,-18.358862
441,-18.127765,-18.310498,-18.351113
442,-18.121227,-18.340832,-18.346134
443,-18.129859,-18.304437,-18.379655
444,-18.121624,-18.306312,-18.378527
445,-18.118145,-18.307756,-18.340804
446,-18.120730,-18.300191,-18.333815
447,-18.122399,-18.295647,-18.342596
448,-18.127122,-18.288427,-18.345533
449,-18.116836,-18.293047,-18.358129
450,-18.117833,-18.279940,-18.327255
451,-18.113665,-18.265160,-18.336165
452,-18.121201,-18.270713,-18.310684
453,-18.120855,-18.275816,-18.334607
454,-18.127059,-18.276149,-18.353225
455,-18.125868,-18.295928,-18.325160
456,-18.127134,-18.278153,-18.323721
457,-18.134572,-18.278762,-18.331596
458,-18.131149,-18.292281,-18.321917
459,-18.131716,-18.280755,-18.316383
460,-18.118853,-18.279454,-18.301285
461,-18.134032,-18.256909,-18.319073
462,-18.130091,-18.237254,-18.299654
463,-18.138793,-18.268234,-18.307160
464,-18.130789,-18.253240,-18.332130
465,-18.130013,-18.261845,-18.318802
466,-18.128024,-18.262202,-18.293628
467,-18.125027,-18.237261,-18.295630
468,-18.132326,-18.234864,-18.285668
469,-18.127379,-18.240870,-18.280586
470,-18.137536,-18.239973,-18.287803
471,-18.121785,-18.238660,-18.278704
472,-18.123629,-18.251638,-18.292530
473,-18.121189,-18.246099,-18.313719
474,-18.126908,-18.250080,-18.296280
475,-18.132177,-18.262789,-18.276345
476,-18.128959,-18.260992,-18.263895
477,-18.136494,-18.230403,-18.262928
478,-18.144786,-18.234668,-18.299816
479,-18.139082,-18.225238,-18.253494
480,-18.136882,-18.215388,-18.264873
481,-18.138536,-18.208389,-18.267641
482,-18.136333,-18.218948,-18.288136
483,-18.137991,-18.216850,-18.278987
484,-18.138852,-18.219772,-18.275118
485,-18.143913,-18.203563,-18.289944
486,-18.142196,-18.214010,-18.234440
487,-18.147662,-18.201849,-18.238682
488,-18.142587,-18.193901,-18.260306
489,-18.146265,-18.187066,-18.263875
490,-18.140802,-18.182845,-18.279606
491,-18.132927,-18.173872,-18.269341
492,-18.153829,-18.163404,-18.264070
493,-18.150137,-18.172572,-18.246666
494,-18.140575,-18.162700,-18.246990
495,-18.136515,-18.190381,-18.267423
496,-18.138182,-18.167671,-18.258791
497,-18.141678,-18.181413,-18.246293
498,-18.144726,-18.166548,-18.248461
499,-18.144105,-18.187921,-18.242214
500,-18.144324,-18.175289,-18.227379
501,-18.135163,-18.146879,-18.197014
502,-18.139014,-18.165877,-18.233226
503,-18.150802,-18.161504,-18.235646
504,-18.138057,-18.172224,-18.207338
505,-18.140712,-18.167228,-18.210882
506,-18.145292,-18.168309,-18.193276
507,-18.142657,-18.187170,-18.201803
508,-18.133478,-18.180485,-18.208275
509,-18.140897,-18.180946,-18.214178
510,-18.142584,-18.177340,-18.217463
511,-18.151100,-18.178521,-18.206578
512,-18.150825,-18.200069,-18.199877
513,-18.152705,-18.181416,-18.193461
514,-18.149936,-18.168770,-18.208103
515,-18.154631,-18.165976,-18.213037
516,-18.150279,-18.180539,-18.206668
517,-18.145503,-18.178424,-18.195035
518,-18.148815,-18.175229,-18.216202
519,-18.145469,-18.177570,-18.220935
520,-18.135111,-18.175701,-18.204890
521,-18.131592,-18.173081,-18.211162
522,-18.149127,-18.160380,-18.208330
523,-18.143291,-18.148598,-18.218973
524,-18.152663,-18.142631,-18.200087
525,-18.154733,-18.155222,-18.223757
526,-18.159613,-18.154150,-18.208730
527,-18.146332,-18.172346,-18.199280
528,-18.154141,-18.156354,-18.220628
529,-18.156675,-18.157658,-18.215127
530,-18.150188,-18.160294,-18.194365
531,-18.149079,-18.143114,-18.212795
532,-18.153481,-18.148928,-18.195699
533,-18.151366,-18.140648,-18.178490
534,-18.155974,-18.132934,-18.178074
535,-18.150865,-18.123956,-18.159811
536,-18.150890,-18.127313,-18.165541
537,-18.146153,-18.132634,-18.176477
538,-18.145649,-18.117718,-18.150028
539,-18.146169,-18.117186,-18.168246
540,-18.155773,-18.107363,-18.186297
541,-18.149028,-18.111473,-18.179313
542,-18.161361,-18.120182,-18.167588
543,-18.161179,-18.123839,-18.175355
544,-18.147933,-18.131389,-18.167502
545,-18.161973,-18.134164,-18.179433
546,-18.161549,-18.135905,-18.164845
547,-18.156402,-18.145807,-18.172987
548,-18.151685,-18.123285,-18.181566
549,-18.152477,-18.120530,-18.179321
550,-18.160045,-18.121740,-18.178259
551,-18.167010,-18.127007,-18.157511
552,-18.170209,-18.123484,-18.182072
553,-18.160065,-18.135136,-18.171624
554,-18.162213,-18.121411,-18.150573
555,-18.162898,-18.128495,-18.151925
556,-18.158019,-18.122643,-18.144000
557,-18.158620,-18.121336,-18.176470
558,-18.155376,-18.129828,-18.151885
559,-18.152852,-18.119302,-18.163304
560,-18.150501,-18.115918,-18.160423
561,-18.155731,-18.119301,-18.169220
562,-18.156808,-18.113349,-18.149502
563,-18.155322,-18.111586,-18.156910
564,-18.155650,-18.100889,-18.145212
565,-18.154933,-18.117681,-18.150438
566,-18.158175,-18.122179,-18.130823
567,-18.150891,-18.114302,-18.147933
568,-18.155344,-18.099405,-18.132161
569,-18.163705,-18.111207,-18.142918
570,-18.161074,-18.106219,-18.148095
571,-18.165697,-18.109887,-18.147632
572,-18.162277,-18.111449,-18.111552
573,-18.162253,-18.117986,-18.143708
574,-18.168235,-18.105417,-18.141254
575,-18.169830,-18.103995,-18.145093
576,-18.171750,-18.101874,-18.136402
577,-18.169129,-18.128587,-18.134895
578,-18.172346,-18.117118,-18.138102
579,-18.177573,-18.126276,-18.156157
580,-18.165074,-18.117080,-18.133479
581,-18.162167,-18.110393,-18.139801
582,-18.166755,-18.123342,-18.137516
583,-18.162316,-18.108820,-18.135339
584,-18.162875,-18.094438,-18.148370
585,-18.162643,-18.091485,-18.133942
586,-18.169632,-18.101274,-18.128121
587,-18.168049,-18.103478,-18.147957
588,-18.163458,-18.100730,-18.135571
589,-18.158436,-18.096312,-18.144081
590,-18.165577,-18.115696,-18.153827
591,-18.166694,-18.111102,-18.141891
592,-18.176480,-18.106029,-18.141372
593,-18.173528,-18.093824,-18.147861
594,-18.180065,-18.098667,-18.149343
595,-18.167568,-18.104351,-18.142647
596,-18.164890,-18.114415,-18.104266
597,-18.157718,-18.096317,-18.113203
598,-18.175359,-18.098667,-18.115323
599,-18.178534,-18.088310,-18.115513
600,-18.183962,-18.110542,-18.131316
601,-18.172652,-18.098522,-18.130148
602,-18.177224,-18.109667,-18.119661
603,-18.176036,-18.103721,-18.121014
604,-18.168574,-18.091256,-18.123338
605,-18.179165,-18.085614,-18.127503
606,-18.175848,-18.095201,-18.117615
607,-18.178420,-18.099672,-18.107217
608,-18.171190,-18.095283,-18.118413
609,-18.179931,-18.094559,-18.114211
610,-18.183700,-18.097875,-18.112921
611,-18.169189,-18.091695,-18.116400
612,-18.168513,-18.090192,-18.119206
613,-18.177878,-18.082733,-18.105249
614,-18.178734,-18.085990,-18.100594
615,-18.176697,-18.090429,-18.108745
616,-18.185790,-18.091518,-18.096605
617,-18.190910,-18.086406,-18.112230
618,-18.182425,-18.090229,-18.105481
619,-18.188055,-18.087942,-18.098195
620,-18.183957,-18.105359,-18.114650
621,-18.180527,-18.093660,-18.104692
622,-18.181394,-18.105678,-18.093945
623,-18.183840,-18.096825,-18.097555
624,-18.190717,-18.100475,-18.096100
625,-18.189981,-18.095291,-18.102254
626,-18.187794,-18.083985,-18.091128
627,-18.185235,-18.098806,-18.090802
628,-18.192354,-18.102334,-18.079434
629,-18.198284,-18.097925,-18.089721
630,-18.187771,-18.105643,-18.078159
631,-18.182691,-18.098464,-18.088639
632,-18.188550,-18.105512,-18.090566
633,-18.182741,-18.106874,-18.080497
634,-18.188240,-18.105297,-18.096638
635,-18.195677,-18.107602,-18.089753
636,-18.182700,-18.105329,-18.098568
637,-18.187144,-18.101259,-18.094127
638,-18.180989,-18.098615,-18.082828
639,-18.178923,-18.096810,-18.084409
640,-18.179165,-18.099099,-18.081922
641,-18.187572,-18.096175,-18.099912
642,-18.184109,-18.088859,-18.086297
643,-18.190173,-18.101850,-18.085076
644,-18.189221,-18.107773,-18.080710
645,-18.194137,-18.113803,-18.068388
646,-18.190352,-18.108438,-18.055238
647,-18.194320,-18.100498,-18.052429
648,-18.188490,-18.102076,-18.061343
649,-18.173238,-18.111860,-18.068090
650,-18.167975,-18.110486,-18.075084
651,-18.176722,-18.106123,-18.075063
652,-18.196193,-18.107235,-18.074244
653,-18.193485,-18.105307,-18.079566
654,-18.181122,-18.101440,-18.079015
655,-18.193385,-18.099632,-18.076203
656,-18.188236,-18.111610,-18.079490
657,-18.193034,-18.111672,-18.083303
658,-18.193106,-18.099334,-18.085931
659,-18.200181,-18.116143,-18.085746
660,-18.201232,-18.106767,-18.060995
661,-18.193843,-18.107083,-18.079366
662,-18.194803,-18.107801,-18.087965
663,-18.202676,-18.103754,-18.062017
664,-18.203255,-18.104241,-18.073752
665,-18.215203,-18.100478,-18.055015
666,-18.209042,-18.106297,-18.064770
667,-18.211913,-18.107335,-18.062133
668,-18.211585,-18.106420,-18.062832
669,-18.205800,-18.105219,-18.073601
670,-18.203251,-18.107605,-18.065669
671,-18.209683,-18.112147,-18.069833
672,-18.198169,-18.110231,-18.075562
673,-18.206102,-18.103721,-18.071308
674,-18.208178,-18.114436,-18.052710
675,-18.206118,-18.101766,-18.057768
676,-18.203653,-18.102329,-18.076010
677,-18.214305,-18.105593,-18.050138
678,-18.210338,-18.109264,-18.052237
679,-18.220830,-18.115272,-18.050547
680,-18.221460,-18.100963,-18.075846
681,-18.218428,-18.109085,-18.063703
682,-18.212697,-18.112415,-18.053798
683,-18.213261,-18.109152,-18.060642
684,-18.214562,-18.091052,-18.048233
685,-18.212853,-18.099377,-18.026918
686,-18.224128,-18.110275,-18.031975
687,-18.220331,-18.105628,-18.040703
688,-18.217163,-18.101944,-18.048802
689,-18.209779,-18.094236,-18.030245
690,-18.211425,-18.108836,-18.060374
691,-18.226919,-18.111699,-18.037661
692,-18.227251,-18.122954,-18.051025
693,-18.219538,-18.117497,-18.057056
694,-18.225211,-18.117976,-18.045324
695,-18.229205,-18.117329,-18.045991
696,-18.221788,-18.117166,-18.052454
697,-18.215649,-18.114605,-18.051163
698,-18.210673,-18.113420,-18.059021
699,-18.219367,-18.114600,-18.060224
700,-18.213488,-18.110782,-18.054273
701,-18.216871,-18.097368,-18.050888
702,-18.220177,-18.103672,-18.056139
703,-18.228126,-18.111226,-18.065703
704,-18.221743,-18.104720,-18.038728
705,-18.219101,-18.103472,-18.038794
706,-18.215506,-18.112965,-18.050086
707,-18.227528,-18.107927,-18.048274
708,-18.232348,-18.106651,-18.053447
709,-18.227382,-18.097511,-18.051640
710,-18.227540,-18.118158,-18.054789
711,-18.223064,-18.106029,-18.040213
712,-18.226034,-18.116475,-18.042603
713,-18.235126,-18.116600,-18.044455
714,-18.226228,-18.116475,-18.051363
715,-18.231389,-18.104380,-18.039962
716,-18.226921,-18.101604,-18.060184
717,-18.229380,-18.118485,-18.030383
718,-18.221268,-18.107952,-18.045022
719,-18.225677,-18.110415,-18.051126
720,-18.237244,-18.118069,-18.043059
721,-18.229632,-18.124859,-18.038832
722,-18.230473,-18.120279,-18.037592
723,-18.237560,-18.127104,-18.028725
724,-18.227928,-18.114475,-18.037583
725,-18.228534,-18.110494,-18.049091
726,-18.222321,-18.113039,-18.027685
727,-18.221994,-18.119594,-18.034314
728,-18.230349,-18.126410,-18.021999
729,-18.225032,-18.122729,-18.034985
730,-18.216121,-18.104131,-18.035118
731,-18.223283,-18.116362,-18.040847
732,-18.218586,-18.121577,-18.027585
733,-18.217135,-18.118969,-18.022333
734,-18.217003,-18.121008,-18.026859
735,-18.218493,-18.117303,-18.033564
736,-18.224729,-18.122042,-18.017789
737,-18.216618,-18.127092,-18.028423
738,-18.226745,-18.123735,-18.026384
739,-18.226928,-18.117738,-18.016630
740,-18.236571,-18.119771,-18.029457
741,-18.238011,-18.125677,-18.002697
742,-18.238540,-18.120357,-18.009096
743,-18.236413,-18.130983,-18.009185
744,-18.224801,-18.130011,-18.015185
745,-18.231071,-18.131111,-18.025212
746,-18.224259,-18.126468,-18.023563
747,-18.222635,-18.123384,-18.022016
748,-18.227562,-18.124993,-18.028676
749,-18.219082,-18.129967,-18.031641
750,-18.222089,-18.128603,-18.019120
751,-18.227842,-18.131566,-18.015154
752,-18.232542,-18.131084,-18.020209
753,-18.230498,-18.133796,-18.005231
754,-18.232079,-18.123634,-18.003424
755,-18.235291,-18.124708,-18.002619
756,-18.218085,-18.131870,-18.009048
757,-18.237506,-18.127731,-18.013823
758,-18.231978,-18.126991,-18.011181
759,-18.227162,-18.119703,-18.019176
760,-18.223416,-18.125135,-18.021884
761,-18.224914,-18.114491,-18.028529
762,-18.221002,-18.126088,-18.015951
763,-18.223473,-18.132605,-18.020453
764,-18.230815,-18.131694,-18.023094
765,-18.239860,-18.125494,-18.003232
766,-18.237571,-18.129192,-17.984198
767,-18.235720,-18.125685,-18.000949
768,-18.232528,-18.121759,-18.019831
769,-18.234567,-18.121245,-17.998413
770,-18.223000,-18.128545,-18.012102
771,-18.230113,-18.132547,-17.992937
772,-18.235556,-18.123046,-18.008663
773,-18.234788,-18.119390,-18.007341
774,-18.232841,-18.125638,-18.022183
775,-18.241279,-18.124119,-18.008244
776,-18.237309,-18.129464,-18.012122
777,-18.239934,-18.133371,-18.008844
778,-18.242082,-18.138294,-18.004617
779,-18.235013,-18.131566,-18.006141
780,-18.233805,-18.134238,-18.000554
781,-18.242014,-18.134466,-18.005719
782,-18.243972,-18.133361,-18.009291
783,-18.243200,-18.134326,-18.004544
784,-18.248766,-18.139135,-17.987942
785,-18.237300,-18.145257,-18.014924
786,-18.238273,-18.135523,-18.007476
787,-18.237085,-18.137572,-18.014253
788,-18.234068,-18.136219,-18.018244
789,-18.224824,-18.133447,-18.005955
790,-18.235712,-18.138725,-18.012922
791,-18.237489,-18.121299,-18.005749
792,-18.232656,-18.128810,-18.005043
793,-18.247395,-18.139865,-17.987423
794,-18.255585,-18.137595,-17.989377
795,-18.238296,-18.136994,-17.984058
796,-18.232865,-18.121982,-17.986066
797,-18.242726,-18.138884,-17.986428
798,-18.250729,-18.138930,-17.974956
799,-18.248688,-18.129617,-17.967767
800,-18.252688,-18.136760,-17.983077
801,-18.252340,-18.130021,-17.990304
802,-18.254103,-18.139323,-17.986297
803,-18.249393,-18.145503,-17.982627
804,-18.240494,-18.133070,-17.978463
805,-18.256816,-18.126464,-17.981157
806,-18.250619,-18.149583,-17.986776
807,-18.256796,-18.143343,-17.991277
808,-18.253477,-18.147088,-17.991301
809,-18.241172,-18.137497,-17.974080
810,-18.238220,-18.136520,-17.973401
811,-18.256782,-18.137589,-17.972977
812,-18.255030,-18.146259,-17.976105
813,-18.246532,-18.144882,-17.952121
814,-18.257619,-18.133129,-17.980534
815,-18.252726,-18.143591,-17.971183
816,-18.247367,-18.139923,-17.964750
817,-18.250726,-18.136910,-17.971778
818,-18.246337,-18.139172,-17.968209
819,-18.244085,-18.141786,-17.971426
820,-18.248157,-18.141734,-17.956497
821,-18.248580,-18.145938,-17.959251
822,-18.249758,-18.145059,-17.965598
823,-18.253674,-18.138187,-17.965513
824,-18.261547,-18.140529,-17.957106
825,-18.244533,-18.140653,-17.953927
826,-18.259329,-18.139358,-17.954400
827,-18.257698,-18.136961,-17.950478
828,-18.260598,-18.129817,-17.959637
829,-18.255222,-18.133858,-17.955625
830,-18.248729,-18.140902,-17.967356
831,-18.248199,-18.139599,-17.963174
832,-18.251417,-18.138543,-17.957146
833,-18.261869,-18.132220,-17.962104
834,-18.248490,-18.135602,-17.953982
835,-18.256455,-18.145553,-17.949075
836,-18.265205,-18.133287,-17.954956
837,-18.257133,-18.137944,-17.961309
838,-18.256921,-18.142546,-17.947445
839,-18.242879,-18.141328,-17.957317
840,-18.245082,-18.136688,-17.964344
841,-18.244880,-18.140642,-17.965075
842,-18.251575,-18.143122,-17.952842
843,-18.252765,-18.144283,-17.962315
844,-18.247106,-18.139527,-17.970143
845,-18.248019,-18.142379,-17.959118
846,-18.250089,-18.146459,-17.951739
847,-18.256062,-18.139668,-17.954941
848,-18.262428,-18.157496,-17.957276
849,-18.249835,-18.144615,-17.967141
850,-18.260136,-18.150344,-17.970926
851,-18.254584,-18.160599,-17.969790
852,-18.267314,-18.158325,-17.960680
853,-18.257074,-18.158599,-17.976805
854,-18.259119,-18.160105,-17.965705
855,-18.256779,-18.143385,-17.959915
856,-18.261779,-18.143273,-17.957105
857,-18.257622,-18.148280,-17.949799
858,-18.255854,-18.145101,-17.942686
859,-18.250104,-18.154765,-17.941260
860,-18.251005,-18.149322,-17.946840
861,-18.252684,-18.144612,-17.935926
862,-18.257064,-18.140805,-17.948055
863,-18.267831,-18.152925,-17.948215
864,-18.252150,-18.156062,-17.960632
865,-18.256930,-18.146897,-17.964305
866,-18.262875,-18.163213,-17.955631
867,-18.263298,-18.162387,-17.945513
868,-18.265703,-18.152299,-17.955490
869,-18.254473,-18.155343,-17.945091
870,-18.265976,-18.174009,-17.951936
871,-18.258533,-18.164613,-17.957638
872,-18.259453,-18.161494,-17.955622
873,-18.254787,-18.159130,-17.953388
874,-18.272390,-18.159475,-17.964625
875,-18.263297,-18.164315,-17.966178
876,-18.261540,-18.164375,-17.950987
877,-18.258838,-18.171225,-17.957292
878,-18.252403,-18.167060,-17.958471
879,-18.257870,-18.161437,-17.961965
880,-18.263044,-18.160647,-17.961044
881,-18.266066,-18.160316,-17.953044
882,-18.258709,-18.156094,-17.954638
883,-18.254286,-18.153169,-17.963262
884,-18.259200,-18.170138,-17.953851
885,-18.258655,-18.156940,-17.955141
886,-18.256171,-18.172151,-17.952137
887,-18.268370,-18.156747,-17.953867
888,-18.260414,-18.160944,-17.945593
889,-18.263330,-18.166646,-17.950784
890,-18.257157,-18.163699,-17.951555
891,-18.265119,-18.162342,-17.945095
892,-18.262432,-18.160043,-17.954109
893,-18.271433,-18.155322,-17.953377
894,-18.263276,-18.147474,-17.956551
895,-18.268505,-18.154933,-17.953217
896,-18.266063,-18.154461,-17.952423
897,-18.271938,-18.144602,-17.949093
898,-18.270057,-18.150069,-17.943510
899,-18.265813,-18.146879,-17.939228
900,-18.262953,-18.164167,-17.953629
901,-18.257359,-18.156917,-17.950759
902,-18.257287,-18.163217,-17.949220
903,-18.248899,-18.152561,-17.941160
904,-18.248541,-18.162960,-17.943887
905,-18.246865,-18.166979,-17.946163
906,-18.256137,-18.164562,-17.954704
907,-18.268537,-18.163103,-17.961638
908,-18.264631,-18.167793,-17.938503
909,-18.246732,-18.170788,-17.942092
910,-18.254490,-18.160704,-17.933315
911,-18.252397,-18.152621,-17.937694
912,-18.262803,-18.161723,-17.948531
913,-18.264120,-18.164789,-17.940965
914,-18.269899,-18.169853,-17.949458
915,-18.265968,-18.163516,-17.948048
916,-18.264606,-18.157700,-17.945301
917,-18.267621,-18.157502,-17.946197
918,-18.259795,-18.164598,-17.939287
919,-18.262221,-18.163450,-17.927016
920,-18.262406,-18.167477,-17.932881
921,-18.260577,-18.167764,-17.935751
922,-18.267029,-18.174036,-17.940552
923,-18.278969,-18.165705,-17.937155
924,-18.267138,-18.164870,-17.941018
925,-18.271694,-18.165164,-17.932623
926,-18.277463,-18.177022,-17.929632
927,-18.274152,-18.176289,-17.911956
928,-18.267617,-18.169429,-17.923639
929,-18.267085,-18.175606,-17.934762
930,-18.260375,-18.176279,-17.938712
931,-18.272856,-18.169729,-17.918414
932,-18.261473,-18.176191,-17.918952
933,-18.267269,-18.167860,-17.925993
934,-18.266217,-18.156017,-17.929853
935,-18.269437,-18.165728,-17.932996
936,-18.269409,-18.159357,-17.927740
937,-18.268152,-18.155840,-17.925465
938,-18.270977,-18.165328,-17.924707
939,-18.268920,-18.170148,-17.936430
940,-18.267832,-18.177059,-17.935581
941,-18.279896,-18.176512,-17.935664
942,-18.272578,-18.166481,-17.936602
943,-18.279330,-18.172559,-17.936948
944,-18.272280,-18.171104,-17.953481
945,-18.278581,-18.166027,-17.921016
946,-18.279797,-18.164482,-17.914716
947,-18.272517,-18.165237,-17.914104
948,-18.275980,-18.171562,-17.931036
949,-18.278519,-18.162403,-17.925067
950,-18.276214,-18.161518,-17.931103
951,-18.293745,-18.155670,-17.925982
952,-18.284439,-18.167038,-17.924432
953,-18.272050,-18.167928,-17.919916
954,-18.276898,-18.172725,-17.929352
955,-18.284760,-18.169549,-17.921344
956,-18.278094,-18.175299,-17.929213
957,-18.254077,-18.164037,-17.913966
958,-18.273163,-18.165012,-17.931776
959,-18.280193,-18.183168,-17.925417
960,-18.272470,-18.171894,-17.919376
961,-18.263846,-18.169484,-17.926739
962,-18.266877,-18.170070,-17.930786
963,-18.270017,-18.176174,-17.930354
964,-18.290877,-18.163087,-17.921908
965,-18.278308,-18.180547,-17.918571
966,-18.269982,-18.182466,-17.923607
967,-18.274448,-18.174770,-17.918755
968,-18.283452,-18.169999,-17.920839
969,-18.275825,-18.165317,-17.918285
970,-18.281130,-18.173553,-17.915977
971,-18.278160,-18.176112,-17.925789
972,-18.279756,-18.181382,-17.908850
973,-18.277184,-18.171552,-17.918291
974,-18.276344,-18.155969,-17.920318
975,-18.280553,-18.168244,-17.924231
976,-18.265995,-18.171896,-17.924603
977,-18.267276,-18.175992,-17.923177
978,-18.260545,-18.167507,-17.917781
979,-18.262640,-18.173507,-17.927663
980,-18.270130,-18.179193,-17.931048
981,-18.276520,-18.182998,-17.928929
982,-18.268519,-18.172880,-17.923888
983,-18.281854,-18.187813,-17.921884
984,-18.277008,-18.188604,-17.924814
985,-18.277189,-18.183073,-17.930509
986,-18.275327,-18.183837,-17.941646
987,-18.262996,-18.181927,-17.939717
988,-18.275941,-18.184415,-17.918264
989,-18.276739,-18.173410,-17.920125
990,-18.276858,-18.180867,-17.924399
991,-18.280225,-18.178473,-17.916467
992,-18.283103,-18.180078,-17.930049
993,-18.285617,-18.184462,-17.929859
994,-18.288186,-18.184200,-17.914422
995,-18.276741,-18.178347,-17.923965
996,-18.283000,-18.175137,-17.915916
997,-18.288537,-18.180845,-17.914987
998,-18.273348,-18.171638,-17.915925
999,-18.262760,-18.173516,-17.914370
1000,-18.278442,-18.166839,-17.917252
