Epoch,chi_Mean_0.25,chi_Mean_1.0,chi_Mean_4.0
1,-38.333300,-35.745313,-80.254581
2,-24.797540,-24.310263,-64.185406
3,-22.310433,-21.926276,-57.914504
4,-21.680821,-21.274548,-55.169366
5,-21.369473,-20.960791,-53.828055
6,-21.112831,-20.723198,-53.169624
7,-20.881064,-20.502071,-52.732069
8,-20.668952,-20.300028,-52.385941
9,-20.467757,-20.126239,-52.191451
10,-20.272669,-19.950055,-51.947730
11,-20.100279,-19.788386,-51.796139
12,-19.925727,-19.639844,-51.708620
13,-19.777275,-19.509715,-51.546906
14,-19.632486,-19.396199,-51.347260
15,-19.496671,-19.288589,-51.240134
16,-19.378269,-19.189888,-51.213012
17,-19.262134,-19.097232,-51.005561
18,-19.153476,-19.001640,-50.933739
19,-19.067915,-18.917372,-50.881387
20,-18.983021,-18.838549,-50.735476
21,-18.894472,-18.770110,-50.670541
22,-18.813639,-18.705286,-50.624386
23,-18.734133,-18.649097,-50.518540
24,-18.673710,-18.583910,-50.434534
25,-18.601729,-18.540002,-50.347092
26,-18.539629,-18.493517,-50.315360
27,-18.475170,-18.429086,-50.189476
28,-18.418205,-18.377567,-50.205021
29,-18.362521,-18.336379,-50.173779
30,-18.313898,-18.302468,-50.163994
31,-18.258805,-18.263873,-50.105208
32,-18.221631,-18.238667,-50.036346
33,-18.185438,-18.195651,-49.984442
34,-18.149291,-18.166418,-49.890572
35,-18.111913,-18.135382,-49.881329
36,-18.079341,-18.127812,-49.851635
37,-18.046998,-18.089117,-49.784368
38,-18.019828,-18.055948,-49.766605
39,-17.991379,-18.036976,-49.677147
40,-17.962174,-18.005176,-49.696294
41,-17.936720,-17.977203,-49.684660
42,-17.916321,-17.957718,-49.721420
43,-17.894060,-17.953931,-49.680603
44,-17.875550,-17.940607,-49.636539
45,-17.861595,-17.919800,-49.626077
46,-17.835218,-17.903847,-49.528065
47,-17.816124,-17.870896,-49.503391
48,-17.806183,-17.861442,-49.398524
49,-17.791358,-17.845558,-49.398488
50,-17.776419,-17.820838,-49.366704
51,-17.759397,-17.817026,-49.334649
52,-17.752870,-17.805867,-49.270795
53,-17.732942,-17.788123,-49.203265
54,-17.730173,-17.779406,-49.163010
55,-17.722930,-17.777607,-49.135295
56,-17.700172,-17.759069,-49.042822
57,-17.691101,-17.758711,-48.943722
58,-17.681999,-17.741833,-48.895007
59,-17.680603,-17.736756,-48.795100
60,-17.665650,-17.718441,-48.792515
61,-17.656925,-17.710645,-48.718368
62,-17.650569,-17.701092,-48.708339
63,-17.642341,-17.698540,-48.746759
64,-17.630134,-17.690789,-48.669125
65,-17.626432,-17.681397,-48.557675
66,-17.615777,-17.677864,-48.460582
67,-17.610953,-17.672446,-48.456226
68,-17.606787,-17.661328,-48.357841
69,-17.599655,-17.652841,-48.307846
70,-17.587173,-17.646659,-48.235011
71,-17.583502,-17.648221,-48.246241
72,-17.580172,-17.645086,-48.175151
73,-17.574138,-17.622469,-48.059043
74,-17.575792,-17.615651,-48.013188
75,-17.564236,-17.607446,-47.996234
76,-17.557488,-17.605871,-47.984488
77,-17.555783,-17.603069,-47.846204
78,-17.547716,-17.593596,-47.839422
79,-17.543723,-17.586592,-47.734768
80,-17.540708,-17.584596,-47.696405
81,-17.538982,-17.583844,-47.683598
82,-17.533891,-17.570700,-47.651087
83,-17.530848,-17.565037,-47.665018
84,-17.524055,-17.561668,-47.678094
85,-17.517060,-17.560903,-47.597434
86,-17.515806,-17.559991,-47.637024
87,-17.508219,-17.551109,-47.630281
88,-17.503395,-17.546457,-47.576518
89,-17.506359,-17.540632,-47.505657
90,-17.502281,-17.542215,-47.458462
91,-17.502122,-17.535962,-47.453699
92,-17.496980,-17.521963,-47.445303
93,-17.493991,-17.518857,-47.403450
94,-17.490230,-17.516433,-47.400034
95,-17.485691,-17.513850,-47.335484
96,-17.483997,-17.514734,-47.348128
97,-17.480679,-17.502755,-47.283632
98,-17.482617,-17.492625,-47.267146
99,-17.476621,-17.503443,-47.243511
100,-17.474845,-17.485988,-47.231598
101,-17.475510,-17.487420,-47.178153
102,-17.474624,-17.478494,-47.191870
103,-17.472376,-17.477503,-47.129590
104,-17.468850,-17.468999,-47.134150
105,-17.464687,-17.468132,-47.120118
106,-17.462959,-17.467903,-47.057888
107,-17.463380,-17.468418,-47.047214
108,-17.459720,-17.461726,-47.009550
109,-17.460365,-17.459435,-47.006147
110,-17.456224,-17.452764,-46.977081
111,-17.455368,-17.448204,-46.931786
112,-17.452867,-17.449157,-46.877780
113,-17.450834,-17.446702,-46.827298
114,-17.447817,-17.442689,-46.840310
115,-17.447050,-17.443343,-46.848360
116,-17.445699,-17.444546,-46.808757
117,-17.443634,-17.440383,-46.839451
118,-17.442055,-17.444985,-46.783564
119,-17.439722,-17.430498,-46.782280
120,-17.438182,-17.435529,-46.738974
121,-17.438559,-17.423348,-46.663249
122,-17.438116,-17.422245,-46.710206
123,-17.437472,-17.427423,-46.693394
124,-17.434737,-17.422079,-46.604432
125,-17.433277,-17.417039,-46.586825
126,-17.430289,-17.411244,-46.525327
127,-17.430106,-17.411374,-46.540700
128,-17.428409,-17.411722,-46.536480
129,-17.427570,-17.402114,-46.477220
130,-17.426407,-17.403907,-46.474038
131,-17.426200,-17.402311,-46.418231
132,-17.424748,-17.397298,-46.437147
133,-17.423801,-17.402891,-46.369508
134,-17.422167,-17.396811,-46.324526
135,-17.420720,-17.394349,-46.286582
136,-17.419741,-17.396708,-46.284171
137,-17.419121,-17.399653,-46.287810
138,-17.418570,-17.396448,-46.246955
139,-17.417668,-17.394850,-46.207726
140,-17.416743,-17.393146,-46.214347
141,-17.415916,-17.396299,-46.175342
142,-17.414908,-17.386134,-46.144903
143,-17.414196,-17.389476,-46.125668
144,-17.413895,-17.388408,-46.095579
145,-17.413541,-17.378267,-46.037510
146,-17.412354,-17.385348,-46.045141
147,-17.411308,-17.382221,-46.047783
148,-17.411305,-17.380182,-45.990693
149,-17.410687,-17.381566,-45.962774
150,-17.410134,-17.377767,-45.990765
151,-17.410076,-17.376608,-45.959648
152,-17.409090,-17.380366,-45.930256
153,-17.408381,-17.378934,-45.918411
154,-17.407814,-17.379322,-45.915069
155,-17.408198,-17.381555,-45.829785
156,-17.407581,-17.371362,-45.800267
157,-17.406997,-17.376226,-45.786632
158,-17.406514,-17.368946,-45.774500
159,-17.406978,-17.370209,-45.767439
160,-17.406163,-17.367870,-45.734534
161,-17.405534,-17.375204,-45.664180
162,-17.404816,-17.367973,-45.620883
163,-17.404460,-17.364607,-45.636773
164,-17.404729,-17.370540,-45.666020
165,-17.405593,-17.368315,-45.600315
166,-17.404591,-17.363659,-45.569523
167,-17.404621,-17.360518,-45.563006
168,-17.402508,-17.359899,-45.497337
169,-17.403360,-17.360983,-45.516296
170,-17.403833,-17.367598,-45.430585
171,-17.404024,-17.363817,-45.457161
172,-17.402759,-17.369242,-45.405216
173,-17.403451,-17.363699,-45.379166
174,-17.403464,-17.367837,-45.342208
175,-17.404016,-17.366079,-45.322007
176,-17.404343,-17.363139,-45.277650
177,-17.405347,-17.356476,-45.245413
178,-17.404144,-17.354861,-45.241990
179,-17.403096,-17.360154,-45.237381
180,-17.402659,-17.359638,-45.203037
181,-17.402726,-17.360069,-45.117739
182,-17.401519,-17.362565,-45.052357
183,-17.402877,-17.359957,-45.054802
184,-17.403127,-17.365752,-45.015112
185,-17.403787,-17.364728,-44.981622
186,-17.404521,-17.362046,-44.976805
187,-17.403571,-17.357008,-44.954740
188,-17.403329,-17.361963,-44.914935
189,-17.404278,-17.356357,-44.866655
190,-17.402606,-17.362767,-44.806307
191,-17.403564,-17.361108,-44.819591
192,-17.403191,-17.359761,-44.743546
193,-17.404341,-17.356463,-44.734668
194,-17.405280,-17.353402,-44.690827
195,-17.404556,-17.355562,-44.641373
196,-17.407040,-17.362809,-44.593046
197,-17.404053,-17.354944,-44.567203
198,-17.404297,-17.350282,-44.540270
199,-17.403562,-17.349977,-44.499993
200,-17.403927,-17.351909,-44.462786
201,-17.406180,-17.355030,-44.392796
202,-17.407109,-17.352290,-44.386118
203,-17.406280,-17.352406,-44.395563
204,-17.405920,-17.349619,-44.360363
205,-17.405772,-17.352387,-44.345529
206,-17.409481,-17.353425,-44.330095
207,-17.409933,-17.355888,-44.290751
208,-17.410424,-17.355924,-44.261247
209,-17.407934,-17.352019,-44.181191
210,-17.409449,-17.350538,-44.184595
211,-17.410115,-17.350188,-44.210254
212,-17.414988,-17.350022,-44.170996
213,-17.412744,-17.350876,-44.086081
214,-17.409179,-17.352835,-44.048616
215,-17.413814,-17.356917,-44.060644
216,-17.415040,-17.356203,-43.980935
217,-17.411690,-17.352848,-43.916615
218,-17.413525,-17.359627,-43.888285
219,-17.419307,-17.352714,-43.886461
220,-17.417121,-17.349518,-43.854955
221,-17.416814,-17.359157,-43.842550
222,-17.416113,-17.355262,-43.781321
223,-17.416250,-17.353189,-43.746590
224,-17.416579,-17.350695,-43.684427
225,-17.414832,-17.352391,-43.688668
226,-17.420950,-17.355942,-43.674923
227,-17.420701,-17.353045,-43.548679
228,-17.417459,-17.352661,-43.511027
229,-17.421788,-17.357530,-43.412002
230,-17.416626,-17.349623,-43.443536
231,-17.420524,-17.343401,-43.399951
232,-17.422839,-17.349865,-43.352459
233,-17.422255,-17.348719,-43.332827
234,-17.425988,-17.351803,-43.290377
235,-17.425040,-17.357527,-43.272228
236,-17.424740,-17.355850,-43.243127
237,-17.423748,-17.356550,-43.232541
238,-17.426921,-17.359252,-43.195812
239,-17.428598,-17.356050,-43.164720
240,-17.425081,-17.352518,-43.103188
241,-17.428792,-17.355046,-43.124450
242,-17.432942,-17.361308,-43.059043
243,-17.432000,-17.360149,-42.995797
244,-17.435901,-17.364923,-42.977689
245,-17.436808,-17.367414,-43.022541
246,-17.432265,-17.367919,-42.989346
247,-17.433234,-17.362564,-42.917068
248,-17.434454,-17.363159,-42.898513
249,-17.441839,-17.362602,-42.916027
250,-17.438712,-17.360886,-42.840695
251,-17.438909,-17.363535,-42.780354
252,-17.437913,-17.357408,-42.758525
253,-17.443613,-17.360613,-42.689313
254,-17.447489,-17.356185,-42.657142
255,-17.438971,-17.354549,-42.631079
256,-17.443665,-17.352578,-42.570631
257,-17.440691,-17.358665,-42.523054
258,-17.444009,-17.360414,-42.490840
259,-17.445660,-17.359802,-42.529313
260,-17.445470,-17.368150,-42.478227
261,-17.446555,-17.365282,-42.472808
262,-17.443301,-17.364291,-42.412972
263,-17.442592,-17.368946,-42.375266
264,-17.447273,-17.361660,-42.334091
265,-17.444937,-17.363647,-42.277382
266,-17.442782,-17.354449,-42.263901
267,-17.449292,-17.356903,-42.205217
268,-17.447198,-17.353641,-42.227488
269,-17.452956,-17.357820,-42.181460
270,-17.455570,-17.357508,-42.155135
271,-17.449659,-17.363509,-42.120384
272,-17.458047,-17.361556,-42.085845
273,-17.456449,-17.363851,-42.058328
274,-17.451295,-17.365357,-42.093916
275,-17.452636,-17.367158,-41.988160
276,-17.452601,-17.367377,-41.968595
277,-17.454729,-17.365228,-41.989442
278,-17.459154,-17.358419,-41.928507
279,-17.456242,-17.362294,-41.928564
280,-17.454144,-17.368140,-41.950572
281,-17.455514,-17.367764,-41.891179
282,-17.455003,-17.365953,-41.837037
283,-17.450010,-17.365384,-41.784982
284,-17.451043,-17.369727,-41.816221
285,-17.451744,-17.370568,-41.735647
286,-17.453260,-17.371836,-41.685165
287,-17.459738,-17.368068,-41.613900
288,-17.463122,-17.360176,-41.630507
289,-17.459983,-17.361027,-41.620097
290,-17.458088,-17.365012,-41.640536
291,-17.459626,-17.353579,-41.568933
292,-17.461919,-17.351215,-41.556472
293,-17.453341,-17.353510,-41.521630
294,-17.458615,-17.357788,-41.518012
295,-17.457451,-17.358148,-41.506412
296,-17.459646,-17.358426,-41.468653
297,-17.461350,-17.355423,-41.431587
298,-17.463570,-17.361309,-41.384705
299,-17.461645,-17.366548,-41.375602
300,-17.458596,-17.361686,-41.314849
301,-17.464477,-17.364912,-41.271843
302,-17.465066,-17.370006,-41.279304
303,-17.464373,-17.359196,-41.262443
304,-17.467451,-17.361944,-41.213558
305,-17.467534,-17.365828,-41.216388
306,-17.469758,-17.370617,-41.166290
307,-17.473719,-17.366767,-41.087551
308,-17.476788,-17.357841,-41.112675
309,-17.480071,-17.352507,-41.062789
310,-17.477478,-17.360813,-41.050762
311,-17.476787,-17.355203,-41.040288
312,-17.477837,-17.358152,-40.971884
313,-17.474427,-17.360095,-41.023298
314,-17.477651,-17.360696,-40.977760
315,-17.484744,-17.361840,-40.894730
316,-17.482173,-17.360099,-40.891840
317,-17.491785,-17.359518,-40.865210
318,-17.493614,-17.371002,-40.828296
319,-17.486739,-17.361378,-40.792722
320,-17.496703,-17.365258,-40.758045
321,-17.490050,-17.364863,-40.738480
322,-17.489882,-17.366249,-40.733825
323,-17.492290,-17.357121,-40.747674
324,-17.492129,-17.357412,-40.690013
325,-17.497006,-17.359564,-40.675347
326,-17.490133,-17.356073,-40.595071
327,-17.497390,-17.346396,-40.600021
328,-17.494959,-17.353968,-40.550135
329,-17.494237,-17.358622,-40.580720
330,-17.494244,-17.356504,-40.575994
331,-17.497531,-17.354562,-40.528923
332,-17.491113,-17.347346,-40.499637
333,-17.496793,-17.354882,-40.444008
334,-17.498446,-17.355819,-40.424584
335,-17.493610,-17.360521,-40.425410
336,-17.503113,-17.369147,-40.437726
337,-17.504606,-17.368579,-40.382866
338,-17.503327,-17.365566,-40.354420
339,-17.510038,-17.368750,-40.372120
340,-17.502479,-17.366859,-40.283189
341,-17.504660,-17.369838,-40.356920
342,-17.502987,-17.369292,-40.281199
343,-17.507354,-17.371797,-40.275487
344,-17.501558,-17.368342,-40.221578
345,-17.504393,-17.364248,-40.212456
346,-17.503926,-17.367693,-40.187804
347,-17.508878,-17.374253,-40.160731
348,-17.511436,-17.372069,-40.165943
349,-17.515562,-17.372216,-40.214427
350,-17.503726,-17.363458,-40.156027
351,-17.506421,-17.368579,-40.127818
352,-17.511595,-17.369460,-40.110931
353,-17.512462,-17.378401,-40.075786
354,-17.517700,-17.376786,-40.025785
355,-17.519093,-17.380913,-40.078732
356,-17.519064,-17.385062,-40.058045
357,-17.516794,-17.377791,-39.999721
358,-17.528969,-17.381588,-39.964196
359,-17.524786,-17.387876,-40.003696
360,-17.522835,-17.387440,-40.026573
361,-17.522952,-17.381013,-39.980832
362,-17.521898,-17.379942,-39.961144
363,-17.528265,-17.380773,-39.932648
364,-17.523330,-17.382915,-39.912428
365,-17.523995,-17.389344,-39.933841
366,-17.537805,-17.381841,-39.953764
367,-17.531651,-17.381628,-39.930980
368,-17.536398,-17.380171,-39.908370
369,-17.540145,-17.380113,-39.914960
370,-17.542592,-17.385086,-39.863760
371,-17.537133,-17.379757,-39.862705
372,-17.553768,-17.389461,-39.837848
373,-17.542264,-17.388560,-39.858760
374,-17.547358,-17.383529,-39.845204
375,-17.545058,-17.390917,-39.854919
376,-17.547780,-17.376478,-39.828896
377,-17.542836,-17.380995,-39.814827
378,-17.538240,-17.382381,-39.831215
379,-17.537071,-17.392711,-39.790165
380,-17.536011,-17.387382,-39.792731
381,-17.544811,-17.388294,-39.791892
382,-17.548774,-17.382741,-39.801968
383,-17.545479,-17.382812,-39.803733
384,-17.540904,-17.387291,-39.744406
385,-17.540632,-17.399925,-39.739131
386,-17.550745,-17.399539,-39.702571
387,-17.549776,-17.396717,-39.717999
388,-17.547802,-17.402780,-39.671127
389,-17.547993,-17.403984,-39.736896
390,-17.557063,-17.401682,-39.712879
391,-17.556371,-17.406626,-39.726149
392,-17.547289,-17.404343,-39.683046
393,-17.546045,-17.406455,-39.629063
394,-17.557519,-17.394312,-39.612801
395,-17.563317,-17.388399,-39.587102
396,-17.552663,-17.397657,-39.575531
397,-17.549829,-17.395829,-39.590056
398,-17.550256,-17.392576,-39.578102
399,-17.559882,-17.393310,-39.568843
400,-17.565360,-17.388450,-39.604050
401,-17.565946,-17.400486,-39.535000
402,-17.563769,-17.393025,-39.542279
403,-17.553289,-17.395123,-39.558368
404,-17.561404,-17.389192,-39.548598
405,-17.562331,-17.390471,-39.510988
406,-17.559603,-17.399301,-39.477004
407,-17.563794,-17.395256,-39.489768
408,-17.552834,-17.397022,-39.427744
409,-17.554966,-17.398140,-39.491083
410,-17.549612,-17.406949,-39.414353
411,-17.556468,-17.403715,-39.457118
412,-17.558199,-17.400514,-39.433486
413,-17.570250,-17.414975,-39.440260
414,-17.562448,-17.414143,-39.432636
415,-17.568519,-17.408926,-39.376155
416,-17.566660,-17.410373,-39.339334
417,-17.556007,-17.420051,-39.413234
418,-17.558104,-17.406280,-39.363892
419,-17.563273,-17.401279,-39.352157
420,-17.572027,-17.398581,-39.344663
421,-17.565366,-17.405245,-39.333245
422,-17.570422,-17.405604,-39.304731
423,-17.578432,-17.418243,-39.300754
424,-17.578148,-17.400585,-39.261355
425,-17.577773,-17.396071,-39.243735
426,-17.571627,-17.405288,-39.220969
427,-17.575406,-17.403662,-39.227851
428,-17.577610,-17.407633,-39.188802
429,-17.578170,-17.404073,-39.177974
430,-17.576324,-17.398309,-39.139841
431,-17.565639,-17.408873,-39.079522
432,-17.569919,-17.414765,-39.130610
433,-17.578795,-17.424902,-39.096376
434,-17.587342,-17.421855,-39.100135
435,-17.576232,-17.419119,-39.043746
436,-17.569311,-17.413347,-39.047945
437,-17.574222,-17.410975,-39.050571
438,-17.572703,-17.412525,-39.028923
439,-17.575167,-17.414425,-38.997292
440,-17.575704,-17.421049,-39.021883
441,-17.579079,-17.419965,-38.995989
442,-17.582902,-17.417650,-38.981104
443,-17.573083,-17.421380,-38.996832
444,-17.581620,-17.418147,-38.947906
445,-17.586257,-17.413915,-38.942344
446,-17.579331,-17.415001,-38.878722
447,-17.580573,-17.423753,-38.848644
448,-17.567557,-17.429381,-38.935110
449,-17.580248,-17.425030,-38.894113
450,-17.587756,-17.424234,-38.817621
451,-17.586452,-17.423505,-38.851386
452,-17.590879,-17.420545,-38.822609
453,-17.581122,-17.432115,-38.805579
454,-17.585400,-17.418355,-38.753416
455,-17.585618,-17.425944,-38.725534
456,-17.595871,-17.438877,-38.711710
457,-17.591188,-17.425965,-38.735671
458,-17.598309,-17.428355,-38.680369
459,-17.601071,-17.417527,-38.657763
460,-17.599823,-17.415141,-38.701560
461,-17.604918,-17.417858,-38.672770
462,-17.608804,-17.428898,-38.685589
463,-17.605609,-17.441768,-38.610643
464,-17.612952,-17.446381,-38.579489
465,-17.603695,-17.451574,-38.572092
466,-17.601896,-17.446509,-38.573289
467,-17.603537,-17.433488,-38.512702
468,-17.595020,-17.437649,-38.526036
469,-17.605502,-17.436433,-38.480930
470,-17.600777,-17.435219,-38.486109
471,-17.594200,-17.434143,-38.463276
472,-17.609946,-17.436276,-38.476835
473,-17.599805,-17.428322,-38.479269
474,-17.606698,-17.420500,-38.414277
475,-17.609584,-17.430841,-38.429834
476,-17.613295,-17.432112,-38.371671
477,-17.607522,-17.431385,-38.377055
478,-17.611169,-17.431856,-38.339131
479,-17.623602,-17.440002,-38.331785
480,-17.617730,-17.430194,-38.315230
481,-17.613606,-17.435617,-38.319077
482,-17.625887,-17.434624,-38.291688
483,-17.629289,-17.431301,-38.266694
484,-17.610797,-17.443470,-38.285245
485,-17.609079,-17.444334,-38.228146
486,-17.627231,-17.439962,-38.155925
487,-17.628751,-17.433146,-38.218933
488,-17.627601,-17.441441,-38.198298
489,-17.626872,-17.428781,-38.163170
490,-17.623952,-17.441897,-38.171463
491,-17.623314,-17.442184,-38.168469
492,-17.616816,-17.428833,-38.142471
493,-17.616116,-17.433718,-38.093362
494,-17.618187,-17.446489,-38.033191
495,-17.632275,-17.449398,-38.030145
496,-17.627091,-17.451798,-38.082537
497,-17.632525,-17.454558,-38.071206
498,-17.628123,-17.451203,-38.069469
499,-17.629195,-17.449851,-37.978899
500,-17.623188,-17.453387,-37.979294
501,-17.622172,-17.448983,-37.992096
502,-17.623692,-17.437045,-37.981901
503,-17.628105,-17.444488,-37.950625
504,-17.633754,-17.435840,-37.933248
505,-17.633166,-17.433410,-37.888478
506,-17.634386,-17.441392,-37.884319
507,-17.637065,-17.445719,-37.836316
508,-17.631858,-17.446777,-37.796305
509,-17.630971,-17.461473,-37.810449
510,-17.618871,-17.460719,-37.833392
511,-17.624288,-17.468963,-37.793417
512,-17.628821,-17.467874,-37.805153
513,-17.633350,-17.465081,-37.779130
514,-17.635122,-17.466294,-37.773641
515,-17.638977,-17.467214,-37.712559
516,-17.656026,-17.465431,-37.721692
517,-17.651053,-17.463820,-37.709671
518,-17.649882,-17.473423,-37.695688
519,-17.655996,-17.469669,-37.647324
520,-17.646586,-17.475817,-37.681655
521,-17.656261,-17.477791,-37.618252
522,-17.656478,-17.480380,-37.552416
523,-17.659115,-17.480047,-37.543509
524,-17.664819,-17.468349,-37.568156
525,-17.664680,-17.490439,-37.545050
526,-17.660542,-17.482088,-37.521809
527,-17.652144,-17.475564,-37.582671
528,-17.649374,-17.481378,-37.487664
529,-17.652580,-17.478253,-37.414735
530,-17.670209,-17.472734,-37.479389
531,-17.656544,-17.468889,-37.392125
532,-17.660971,-17.467606,-37.342094
533,-17.660852,-17.463620,-37.381169
534,-17.665421,-17.475780,-37.335856
535,-17.655074,-17.482218,-37.347757
536,-17.664341,-17.479915,-37.329503
537,-17.663003,-17.482540,-37.314366
538,-17.664805,-17.487339,-37.250692
539,-17.671967,-17.472123,-37.225884
540,-17.670119,-17.482385,-37.190801
541,-17.659573,-17.494769,-37.189667
542,-17.665733,-17.479168,-37.115311
543,-17.664555,-17.472985,-37.093056
544,-17.676963,-17.477156,-37.110525
545,-17.669452,-17.478498,-37.090696
546,-17.671853,-17.481601,-37.055048
547,-17.651602,-17.481546,-37.053118
548,-17.653647,-17.479057,-37.033709
549,-17.656548,-17.484420,-37.054136
550,-17.669714,-17.491601,-37.065446
551,-17.669740,-17.489453,-36.989696
552,-17.665433,-17.491218,-36.969953
553,-17.656422,-17.488738,-36.958500
554,-17.664824,-17.497927,-36.899781
555,-17.674835,-17.480238,-36.863113
556,-17.668458,-17.495771,-36.817666
557,-17.681611,-17.499200,-36.768009
558,-17.676108,-17.487495,-36.740942
559,-17.679850,-17.492187,-36.716221
560,-17.690942,-17.474871,-36.690655
561,-17.688176,-17.500737,-36.651276
562,-17.688419,-17.482766,-36.651320
563,-17.698115,-17.491141,-36.629559
564,-17.687872,-17.491694,-36.586879
565,-17.682267,-17.488603,-36.576612
566,-17.689708,-17.497587,-36.531199
567,-17.681523,-17.491144,-36.536840
568,-17.679616,-17.489786,-36.511188
569,-17.668100,-17.481961,-36.467602
570,-17.661999,-17.484508,-36.427112
571,-17.658162,-17.489190,-36.380845
572,-17.663328,-17.493895,-36.408090
573,-17.667196,-17.492036,-36.381609
574,-17.680900,-17.490129,-36.313694
575,-17.681111,-17.502862,-36.307861
576,-17.672959,-17.493744,-36.263440
577,-17.677820,-17.493220,-36.221721
578,-17.690995,-17.494852,-36.205256
579,-17.697731,-17.497534,-36.205113
580,-17.698731,-17.491272,-36.170519
581,-17.688470,-17.496133,-36.139754
582,-17.682415,-17.479609,-36.149664
583,-17.684514,-17.495348,-36.074746
584,-17.685733,-17.494049,-36.082899
585,-17.693337,-17.485947,-36.050375
586,-17.682810,-17.474863,-36.028496
587,-17.694298,-17.467422,-35.968883
588,-17.695032,-17.467131,-35.979289
589,-17.690512,-17.469384,-35.963994
590,-17.686630,-17.462354,-35.958804
591,-17.702960,-17.465729,-35.944337
592,-17.691938,-17.453824,-35.911990
593,-17.681377,-17.456415,-35.912192
594,-17.679849,-17.454387,-35.866612
595,-17.691306,-17.469321,-35.835064
596,-17.686023,-17.456982,-35.823179
597,-17.688560,-17.459159,-35.776484
598,-17.683304,-17.461076,-35.790104
599,-17.687248,-17.451788,-35.751439
600,-17.693237,-17.446303,-35.724681
601,-17.699568,-17.459212,-35.692615
602,-17.695089,-17.458723,-35.673768
603,-17.695384,-17.449739,-35.653750
604,-17.689555,-17.455371,-35.639328
605,-17.698677,-17.464628,-35.646968
606,-17.694118,-17.455063,-35.628084
607,-17.695317,-17.458933,-35.553043
608,-17.706274,-17.447054,-35.537044
609,-17.703525,-17.442727,-35.559173
610,-17.702787,-17.450461,-35.533942
611,-17.709132,-17.451746,-35.548296
612,-17.710827,-17.447088,-35.509737
613,-17.706343,-17.442933,-35.516167
614,-17.700174,-17.458542,-35.471820
615,-17.705419,-17.428354,-35.488657
616,-17.695920,-17.439856,-35.533314
617,-17.696864,-17.445253,-35.442588
618,-17.693213,-17.458404,-35.437577
619,-17.704851,-17.450629,-35.443410
620,-17.710877,-17.452896,-35.398109
621,-17.717957,-17.465391,-35.383153
622,-17.708561,-17.458133,-35.371255
623,-17.719252,-17.447757,-35.358816
624,-17.718806,-17.453032,-35.294860
625,-17.711195,-17.462958,-35.303027
626,-17.709433,-17.446717,-35.284317
627,-17.720775,-17.455749,-35.272483
628,-17.723620,-17.456680,-35.261553
629,-17.716238,-17.457347,-35.281918
630,-17.710749,-17.472358,-35.196909
631,-17.707690,-17.464688,-35.179039
632,-17.715643,-17.470445,-35.214215
633,-17.711505,-17.464113,-35.209895
634,-17.724618,-17.468726,-35.143086
635,-17.719638,-17.458560,-35.140515
636,-17.706253,-17.454244,-35.143821
637,-17.721262,-17.451454,-35.099009
638,-17.726094,-17.457332,-35.106755
639,-17.715057,-17.462704,-35.076051
640,-17.718164,-17.457855,-35.084142
641,-17.710466,-17.455386,-35.054367
642,-17.723165,-17.458699,-35.035266
643,-17.730124,-17.478172,-35.035892
644,-17.721883,-17.490722,-34.983004
645,-17.726358,-17.480951,-34.975282
646,-17.714320,-17.481008,-34.922836
647,-17.714941,-17.486994,-34.929293
648,-17.720813,-17.483715,-34.947235
649,-17.724437,-17.491896,-34.901325
650,-17.720429,-17.481001,-34.900592
651,-17.716516,-17.490754,-34.892106
652,-17.725731,-17.483888,-34.906217
653,-17.726121,-17.485700,-34.898547
654,-17.722307,-17.468828,-34.864579
655,-17.731684,-17.470348,-34.834985
656,-17.720257,-17.457816,-34.877669
657,-17.718762,-17.456108,-34.859050
658,-17.723360,-17.464440,-34.852594
659,-17.720756,-17.471879,-34.878268
660,-17.723975,-17.473855,-34.830048
661,-17.724429,-17.479260,-34.795682
662,-17.724225,-17.474899,-34.825330
663,-17.717063,-17.474067,-34.725404
664,-17.720557,-17.487915,-34.739840
665,-17.726444,-17.492565,-34.785922
666,-17.727546,-17.495047,-34.749814
667,-17.719765,-17.495489,-34.735603
668,-17.712669,-17.484311,-34.671014
669,-17.726952,-17.493879,-34.688217
670,-17.735532,-17.488178,-34.694058
671,-17.725954,-17.491827,-34.691933
672,-17.716828,-17.478352,-34.645424
673,-17.715372,-17.477628,-34.674958
674,-17.711965,-17.470521,-34.643987
675,-17.718053,-17.476494,-34.598137
676,-17.724154,-17.481637,-34.625602
677,-17.713255,-17.475706,-34.570181
678,-17.725232,-17.475053,-34.550992
679,-17.728885,-17.477896,-34.529911
680,-17.724202,-17.483377,-34.513561
681,-17.727999,-17.474888,-34.467471
682,-17.711872,-17.481821,-34.526721
683,-17.721254,-17.484268,-34.504770
684,-17.717315,-17.481064,-34.465932
685,-17.717058,-17.485073,-34.454750
686,-17.702806,-17.477230,-34.456150
687,-17.724839,-17.484009,-34.376205
688,-17.709649,-17.495996,-34.409769
689,-17.718270,-17.480490,-34.393454
690,-17.720543,-17.494221,-34.428868
691,-17.719217,-17.506543,-34.408700
692,-17.715319,-17.505284,-34.388393
693,-17.720401,-17.487835,-34.344398
694,-17.717008,-17.494823,-34.358281
695,-17.722496,-17.512282,-34.351246
696,-17.716796,-17.504523,-34.406134
697,-17.723248,-17.500552,-34.354677
698,-17.718394,-17.492634,-34.355646
699,-17.707395,-17.495502,-34.362708
700,-17.703937,-17.485599,-34.294956
701,-17.709843,-17.502553,-34.304377
702,-17.719891,-17.492024,-34.209379
703,-17.721845,-17.490255,-34.254847
704,-17.719925,-17.492881,-34.263452
705,-17.717117,-17.501077,-34.266617
706,-17.710120,-17.492570,-34.245140
707,-17.712978,-17.503939,-34.246072
708,-17.729066,-17.500638,-34.217523
709,-17.740356,-17.507209,-34.205699
710,-17.740412,-17.506312,-34.175849
711,-17.727644,-17.496597,-34.173995
712,-17.724151,-17.486797,-34.134667
713,-17.735352,-17.504255,-34.172369
714,-17.732539,-17.506262,-34.142051
715,-17.721210,-17.495294,-34.141341
716,-17.716904,-17.494625,-34.104149
717,-17.716763,-17.505324,-34.099948
718,-17.720227,-17.499409,-34.073297
719,-17.723909,-17.494829,-34.120387
720,-17.720450,-17.497907,-34.152200
721,-17.727948,-17.490863,-34.084653
722,-17.719253,-17.488243,-34.067707
723,-17.717283,-17.489127,-34.053711
724,-17.716945,-17.489049,-34.058151
725,-17.719259,-17.487529,-34.040371
726,-17.714218,-17.494281,-34.005332
727,-17.718308,-17.499324,-33.978376
728,-17.712890,-17.488758,-33.997305
729,-17.724423,-17.495858,-34.009481
730,-17.721248,-17.498642,-33.957749
731,-17.735238,-17.501874,-33.994481
732,-17.732212,-17.495146,-34.008509
733,-17.719905,-17.505383,-33.957747
734,-17.727403,-17.511504,-33.967389
735,-17.726968,-17.499699,-33.965117
736,-17.726110,-17.507954,-33.964865
737,-17.717564,-17.512397,-33.925478
738,-17.718582,-17.508924,-33.925237
739,-17.729447,-17.508762,-33.922211
740,-17.726543,-17.512292,-33.903484
741,-17.729334,-17.502341,-33.922365
742,-17.726702,-17.491715,-33.991161
743,-17.734576,-17.487378,-33.935860
744,-17.735414,-17.479113,-33.889262
745,-17.733776,-17.487337,-33.876626
746,-17.724578,-17.491290,-33.896960
747,-17.736712,-17.494017,-33.862800
748,-17.728648,-17.501099,-33.863045
749,-17.729643,-17.504231,-33.833801
750,-17.730411,-17.501619,-33.827148
751,-17.730557,-17.509076,-33.852643
752,-17.727655,-17.504874,-33.835091
753,-17.729889,-17.505221,-33.807366
754,-17.736632,-17.501984,-33.829527
755,-17.733330,-17.508118,-33.842423
756,-17.724119,-17.515370,-33.807845
757,-17.715737,-17.505234,-33.811114
758,-17.731620,-17.501433,-33.803355
759,-17.735712,-17.505507,-33.785109
760,-17.740004,-17.504712,-33.795994
761,-17.727962,-17.507094,-33.744380
762,-17.721274,-17.505749,-33.703801
763,-17.722340,-17.499059,-33.705140
764,-17.717337,-17.509919,-33.723687
765,-17.723374,-17.501181,-33.711122
766,-17.717926,-17.503350,-33.739414
767,-17.732761,-17.510056,-33.702977
768,-17.728753,-17.504529,-33.727078
769,-17.718052,-17.506897,-33.728667
770,-17.714678,-17.495738,-33.697393
771,-17.724437,-17.502179,-33.711649
772,-17.733338,-17.488519,-33.618881
773,-17.728821,-17.492642,-33.632905
774,-17.717978,-17.487201,-33.625713
775,-17.719075,-17.482825,-33.600634
776,-17.737664,-17.477703,-33.622562
777,-17.726611,-17.486767,-33.622822
778,-17.746180,-17.491368,-33.587026
779,-17.742732,-17.505753,-33.565670
780,-17.721679,-17.496811,-33.604690
781,-17.738364,-17.487184,-33.589999
782,-17.734391,-17.487106,-33.549672
783,-17.733566,-17.484948,-33.526354
784,-17.726544,-17.483742,-33.480998
785,-17.723143,-17.502055,-33.526904
786,-17.722785,-17.499474,-33.515394
787,-17.723776,-17.485899,-33.509977
788,-17.726792,-17.498634,-33.503891
789,-17.737569,-17.507286,-33.476492
790,-17.733031,-17.506474,-33.445658
791,-17.735882,-17.501984,-33.451222
792,-17.737851,-17.504544,-33.450827
793,-17.736008,-17.502223,-33.457794
794,-17.744843,-17.499580,-33.437261
795,-17.736721,-17.491342,-33.416307
796,-17.744411,-17.496335,-33.420525
797,-17.734491,-17.493169,-33.362201
798,-17.728577,-17.501889,-33.380039
799,-17.733042,-17.507130,-33.414533
800,-17.743544,-17.494162,-33.411881
801,-17.733127,-17.492316,-33.345901
802,-17.718591,-17.502818,-33.371277
803,-17.725344,-17.495567,-33.376378
804,-17.728724,-17.491905,-33.349635
805,-17.732160,-17.488551,-33.340783
806,-17.740857,-17.499438,-33.320924
807,-17.726722,-17.491769,-33.324157
808,-17.719449,-17.497043,-33.301674
809,-17.735167,-17.503646,-33.296883
810,-17.746040,-17.497979,-33.241211
811,-17.734028,-17.492567,-33.246613
812,-17.755018,-17.496030,-33.240693
813,-17.748335,-17.493802,-33.241912
814,-17.750065,-17.487806,-33.221872
815,-17.748423,-17.499907,-33.223496
816,-17.755540,-17.491292,-33.264679
817,-17.745684,-17.479142,-33.239662
818,-17.737909,-17.487220,-33.199029
819,-17.738118,-17.473562,-33.204797
820,-17.745581,-17.499447,-33.226179
821,-17.741557,-17.491865,-33.251485
822,-17.742461,-17.498774,-33.193008
823,-17.742220,-17.495317,-33.188943
824,-17.753431,-17.489773,-33.119411
825,-17.751453,-17.491484,-33.080868
826,-17.745145,-17.485215,-33.108555
827,-17.751661,-17.481942,-33.101366
828,-17.766627,-17.493777,-33.081053
829,-17.774480,-17.497176,-33.132382
830,-17.764072,-17.484236,-33.139561
831,-17.774187,-17.478994,-33.185182
832,-17.761363,-17.486190,-33.134497
833,-17.762841,-17.486412,-33.105321
834,-17.753761,-17.506418,-33.087384
835,-17.751451,-17.497145,-33.091936
836,-17.743751,-17.497725,-33.061293
837,-17.748185,-17.494106,-33.058465
838,-17.753233,-17.491736,-33.070740
839,-17.765063,-17.493237,-33.028890
840,-17.753945,-17.491786,-33.022889
841,-17.745613,-17.496347,-33.007685
842,-17.751768,-17.501385,-32.987032
843,-17.759123,-17.510114,-32.992541
844,-17.752908,-17.507538,-32.989610
845,-17.750250,-17.499456,-32.974692
846,-17.736950,-17.496628,-32.984413
847,-17.755684,-17.495927,-32.975639
848,-17.759903,-17.503730,-32.941410
849,-17.770172,-17.529748,-32.938643
850,-17.758427,-17.515178,-32.898140
851,-17.761587,-17.506019,-32.935940
852,-17.771188,-17.513202,-32.931232
853,-17.753874,-17.521133,-32.902473
854,-17.752020,-17.512378,-32.902853
855,-17.765691,-17.506887,-32.935538
856,-17.771634,-17.505688,-32.932886
857,-17.761393,-17.512672,-32.915614
858,-17.755790,-17.498051,-32.906625
859,-17.765713,-17.505329,-32.872547
860,-17.756199,-17.504569,-32.902903
861,-17.756153,-17.493025,-32.854741
862,-17.764664,-17.509616,-32.899647
863,-17.775216,-17.515597,-32.871723
864,-17.762506,-17.507420,-32.854037
865,-17.763669,-17.509894,-32.848637
866,-17.759649,-17.499799,-32.838472
867,-17.765320,-17.495326,-32.835871
868,-17.759026,-17.495380,-32.836584
869,-17.743794,-17.495764,-32.815005
870,-17.749460,-17.494352,-32.839157
871,-17.752589,-17.490082,-32.835908
872,-17.751497,-17.501931,-32.812403
873,-17.757390,-17.503098,-32.761525
874,-17.764255,-17.502728,-32.721878
875,-17.761814,-17.518627,-32.757791
876,-17.758236,-17.517445,-32.761452
877,-17.747449,-17.511728,-32.761914
878,-17.767647,-17.515891,-32.761678
879,-17.756702,-17.513179,-32.730309
880,-17.750348,-17.519845,-32.724425
881,-17.760952,-17.512461,-32.696381
882,-17.769621,-17.504934,-32.702610
883,-17.766298,-17.495584,-32.669943
884,-17.766061,-17.500155,-32.685979
885,-17.775943,-17.505691,-32.679756
886,-17.780920,-17.506370,-32.691563
887,-17.772953,-17.508084,-32.615137
888,-17.759407,-17.503195,-32.589799
889,-17.774824,-17.492698,-32.641410
890,-17.758385,-17.506639,-32.609960
891,-17.760985,-17.514620,-32.608525
892,-17.766477,-17.502916,-32.610535
893,-17.768504,-17.513080,-32.624526
894,-17.769609,-17.527717,-32.560940
895,-17.762335,-17.506526,-32.613417
896,-17.772727,-17.500286,-32.578909
897,-17.772564,-17.516331,-32.570061
898,-17.770805,-17.504374,-32.602674
899,-17.782387,-17.511032,-32.596386
900,-17.778022,-17.509124,-32.605300
901,-17.775292,-17.507720,-32.609195
902,-17.767348,-17.518652,-32.558574
903,-17.768727,-17.516179,-32.540392
904,-17.768144,-17.518374,-32.540093
905,-17.779607,-17.512391,-32.573985
906,-17.788500,-17.504534,-32.543833
907,-17.771742,-17.505602,-32.530356
908,-17.773556,-17.506734,-32.572890
909,-17.764183,-17.510077,-32.594774
910,-17.761969,-17.506854,-32.545443
911,-17.769478,-17.505731,-32.531580
912,-17.759833,-17.505057,-32.509351
913,-17.759437,-17.513028,-32.513687
914,-17.765265,-17.505346,-32.460092
915,-17.757755,-17.495892,-32.492284
916,-17.756435,-17.485186,-32.541492
917,-17.743320,-17.501697,-32.527292
918,-17.747075,-17.496138,-32.468496
919,-17.750664,-17.500152,-32.458313
920,-17.755421,-17.493546,-32.467604
921,-17.752294,-17.504813,-32.467865
922,-17.747947,-17.500195,-32.415451
923,-17.757522,-17.495970,-32.476889
924,-17.774658,-17.497601,-32.441008
925,-17.754211,-17.515788,-32.426162
926,-17.757510,-17.500445,-32.381988
927,-17.755166,-17.493481,-32.395951
928,-17.747544,-17.495656,-32.391714
929,-17.756336,-17.505795,-32.388750
930,-17.774220,-17.493946,-32.392411
931,-17.753640,-17.505078,-32.384088
932,-17.756424,-17.508451,-32.379244
933,-17.755988,-17.503311,-32.367627
934,-17.755602,-17.492430,-32.333179
935,-17.755163,-17.502862,-32.339275
936,-17.765495,-17.510101,-32.304712
937,-17.760554,-17.507048,-32.338282
938,-17.763791,-17.505593,-32.280119
939,-17.776037,-17.510309,-32.277101
940,-17.766289,-17.504599,-32.311162
941,-17.763326,-17.509259,-32.263071
942,-17.762930,-17.506757,-32.248325
943,-17.748282,-17.511888,-32.251454
944,-17.770516,-17.511703,-32.314374
945,-17.782142,-17.520594,-32.290958
946,-17.779530,-17.524623,-32.297729
947,-17.787489,-17.526435,-32.254677
948,-17.778700,-17.515395,-32.297271
949,-17.771137,-17.515063,-32.288606
950,-17.768247,-17.516986,-32.287348
951,-17.774453,-17.528354,-32.265498
952,-17.772596,-17.533329,-32.250385
953,-17.759649,-17.532615,-32.176103
954,-17.747526,-17.526765,-32.177000
955,-17.747820,-17.516033,-32.206670
956,-17.756314,-17.517984,-32.179401
957,-17.746195,-17.514131,-32.217249
958,-17.760397,-17.517769,-32.201353
959,-17.756029,-17.520468,-32.210113
960,-17.758440,-17.515996,-32.171686
961,-17.762779,-17.512570,-32.195984
962,-17.773096,-17.519419,-32.127894
963,-17.777273,-17.515896,-32.128938
964,-17.767250,-17.520217,-32.081816
965,-17.774775,-17.519996,-32.064069
966,-17.782804,-17.508663,-32.067209
967,-17.775220,-17.506654,-32.092503
968,-17.767589,-17.519239,-32.044820
969,-17.774249,-17.526484,-32.070434
970,-17.776609,-17.531889,-32.044782
971,-17.775215,-17.524608,-32.041932
972,-17.757165,-17.513017,-32.049028
973,-17.765149,-17.527649,-32.060089
974,-17.758053,-17.521543,-32.013008
975,-17.762949,-17.520820,-32.029340
976,-17.761334,-17.515590,-31.959490
977,-17.762471,-17.520799,-32.009264
978,-17.753613,-17.520697,-31.991324
979,-17.754394,-17.517533,-31.990543
980,-17.763921,-17.517595,-31.963013
981,-17.765740,-17.526579,-31.970590
982,-17.758291,-17.519279,-31.929117
983,-17.772530,-17.532371,-31.941028
984,-17.779408,-17.517750,-31.942410
985,-17.756770,-17.516210,-31.921697
986,-17.758160,-17.513950,-31.933606
987,-17.746828,-17.515626,-31.865527
988,-17.745914,-17.534204,-31.852258
989,-17.750241,-17.532301,-31.887337
990,-17.758062,-17.526978,-31.903451
991,-17.759384,-17.526921,-31.854423
992,-17.744799,-17.535200,-31.859494
993,-17.758989,-17.538720,-31.886647
994,-17.758059,-17.528932,-31.838825
995,-17.779060,-17.508023,-31.822793
996,-17.762059,-17.513974,-31.874600
997,-17.760067,-17.534713,-31.822780
998,-17.762256,-17.515286,-31.776758
999,-17.768823,-17.522328,-31.783946
1000,-17.755035,-17.521220,-31.773278
