Epoch,chi_Mean_0.25,chi_Mean_1.0,chi_Mean_4.0
1,-30.717914,-27.436725,-61.006851
2,-19.415731,-18.783838,-51.798793
3,-17.427041,-17.137248,-47.411807
4,-17.061641,-16.812412,-44.895456
5,-16.963294,-16.725313,-43.215044
6,-16.899788,-16.669696,-42.040506
7,-16.833156,-16.615001,-41.072718
8,-16.766486,-16.562527,-40.249711
9,-16.703308,-16.508924,-39.630780
10,-16.640860,-16.457218,-39.073682
11,-16.582237,-16.409854,-38.553660
12,-16.524898,-16.364862,-38.087668
13,-16.472563,-16.322716,-37.696491
14,-16.424173,-16.282610,-37.348528
15,-16.374997,-16.245639,-37.047914
16,-16.328431,-16.209778,-36.817268
17,-16.285328,-16.175108,-36.541912
18,-16.247461,-16.144342,-36.341079
19,-16.207100,-16.112114,-36.118133
20,-16.169803,-16.081500,-35.958569
21,-16.139968,-16.056045,-35.780272
22,-16.108607,-16.027619,-35.589600
23,-16.079788,-16.002448,-35.474452
24,-16.053565,-15.979272,-35.331421
25,-16.028522,-15.959045,-35.198616
26,-16.007570,-15.944100,-35.099627
27,-15.983531,-15.923898,-34.951589
28,-15.966195,-15.907306,-34.882916
29,-15.949086,-15.888074,-34.779025
30,-15.928800,-15.875055,-34.703209
31,-15.911257,-15.862304,-34.590023
32,-15.896299,-15.849250,-34.517018
33,-15.881168,-15.839184,-34.414639
34,-15.870474,-15.824945,-34.371176
35,-15.853970,-15.816516,-34.275898
36,-15.839007,-15.805358,-34.179984
37,-15.828127,-15.797737,-34.149953
38,-15.817821,-15.783778,-34.052353
39,-15.806602,-15.779726,-33.987092
40,-15.796162,-15.768026,-33.925204
41,-15.787531,-15.761435,-33.841122
42,-15.783007,-15.754385,-33.772497
43,-15.772691,-15.748709,-33.697162
44,-15.762306,-15.740609,-33.627057
45,-15.756841,-15.734768,-33.582837
46,-15.752128,-15.727123,-33.478765
47,-15.747938,-15.722836,-33.457096
48,-15.741907,-15.719138,-33.391208
49,-15.735752,-15.714056,-33.287796
50,-15.725701,-15.708546,-33.254745
51,-15.724120,-15.701752,-33.220580
52,-15.721519,-15.697498,-33.160472
53,-15.714462,-15.694450,-33.125293
54,-15.712520,-15.692954,-33.064761
55,-15.711751,-15.693476,-33.014530
56,-15.711223,-15.691422,-32.937053
57,-15.705337,-15.679876,-32.871707
58,-15.699232,-15.680067,-32.800889
59,-15.696172,-15.676996,-32.706093
60,-15.695728,-15.677864,-32.668804
61,-15.693253,-15.678833,-32.629606
62,-15.694657,-15.678101,-32.610204
63,-15.693851,-15.674242,-32.471587
64,-15.691971,-15.672546,-32.457269
65,-15.690351,-15.672758,-32.401344
66,-15.691685,-15.669458,-32.376734
67,-15.685308,-15.665455,-32.354954
68,-15.683513,-15.669217,-32.327049
69,-15.680506,-15.664315,-32.266340
70,-15.678624,-15.662218,-32.200128
71,-15.678774,-15.666325,-32.135113
72,-15.678035,-15.666460,-32.090921
73,-15.672689,-15.661921,-32.060568
74,-15.678162,-15.661812,-32.027296
75,-15.673519,-15.661234,-31.932860
76,-15.673656,-15.661056,-31.890866
77,-15.672762,-15.661376,-31.848755
78,-15.676458,-15.659226,-31.826768
79,-15.673293,-15.654400,-31.760325
80,-15.676425,-15.655489,-31.739710
81,-15.673111,-15.656716,-31.730926
82,-15.673775,-15.658276,-31.681875
83,-15.672001,-15.654197,-31.669178
84,-15.668996,-15.653601,-31.613447
85,-15.670937,-15.652070,-31.594001
86,-15.671213,-15.653989,-31.576490
87,-15.670042,-15.652792,-31.540045
88,-15.672744,-15.655193,-31.502343
89,-15.674471,-15.659259,-31.470233
90,-15.678114,-15.656133,-31.410949
91,-15.680447,-15.659634,-31.376455
92,-15.679595,-15.660950,-31.406342
93,-15.682365,-15.658233,-31.345532
94,-15.682063,-15.661977,-31.272718
95,-15.683250,-15.658716,-31.235580
96,-15.684125,-15.662265,-31.185113
97,-15.688333,-15.661483,-31.180886
98,-15.685646,-15.658462,-31.105463
99,-15.684649,-15.659837,-31.099993
100,-15.686045,-15.659406,-31.047623
101,-15.680206,-15.660134,-30.999265
102,-15.679363,-15.659649,-30.979184
103,-15.680457,-15.660730,-30.948911
104,-15.680604,-15.657962,-30.899894
105,-15.680913,-15.661199,-30.810282
106,-15.682648,-15.662595,-30.794621
107,-15.681826,-15.661212,-30.779333
108,-15.681281,-15.660539,-30.735050
109,-15.685309,-15.660441,-30.693601
110,-15.683812,-15.665905,-30.668562
111,-15.683592,-15.664188,-30.687981
112,-15.686668,-15.667549,-30.648333
113,-15.685634,-15.664184,-30.584252
114,-15.689485,-15.662802,-30.548780
115,-15.689569,-15.663153,-30.465785
116,-15.693462,-15.661223,-30.417546
117,-15.695369,-15.663014,-30.402345
118,-15.701021,-15.659748,-30.383990
119,-15.700838,-15.664730,-30.336484
120,-15.707121,-15.666893,-30.311431
121,-15.707261,-15.669552,-30.286092
122,-15.707317,-15.671666,-30.253866
123,-15.708361,-15.673500,-30.181487
124,-15.702422,-15.672087,-30.180436
125,-15.701795,-15.670246,-30.138524
126,-15.706417,-15.672079,-30.105963
127,-15.709894,-15.675095,-30.070297
128,-15.709738,-15.677077,-30.002982
129,-15.704047,-15.678060,-29.985595
130,-15.709561,-15.680945,-29.939863
131,-15.708780,-15.683028,-29.911365
132,-15.710057,-15.684054,-29.855721
133,-15.716160,-15.682152,-29.804813
134,-15.719127,-15.683916,-29.814838
135,-15.719862,-15.681936,-29.812157
136,-15.724543,-15.685281,-29.795560
137,-15.723451,-15.686831,-29.707022
138,-15.727436,-15.685977,-29.657933
139,-15.726412,-15.686113,-29.633533
140,-15.727436,-15.688476,-29.569225
141,-15.729370,-15.691397,-29.556215
142,-15.734792,-15.691925,-29.486008
143,-15.734508,-15.687456,-29.469182
144,-15.738333,-15.688633,-29.448347
145,-15.744062,-15.688843,-29.401855
146,-15.739950,-15.687450,-29.373533
147,-15.740710,-15.692776,-29.328230
148,-15.741636,-15.692443,-29.307576
149,-15.743812,-15.694934,-29.215903
150,-15.745581,-15.694913,-29.166330
151,-15.748968,-15.694750,-29.128874
152,-15.752069,-15.695575,-29.059604
153,-15.750836,-15.694069,-28.994821
154,-15.754740,-15.696788,-28.994700
155,-15.753818,-15.693238,-28.937590
156,-15.755978,-15.697794,-28.876798
157,-15.753639,-15.698969,-28.838367
158,-15.758476,-15.704959,-28.758957
159,-15.755144,-15.703995,-28.682575
160,-15.760630,-15.703125,-28.682052
161,-15.765272,-15.704778,-28.612055
162,-15.764830,-15.706330,-28.501483
163,-15.766199,-15.710934,-28.462398
164,-15.771623,-15.711256,-28.450470
165,-15.768450,-15.712801,-28.384899
166,-15.766923,-15.716399,-28.338947
167,-15.766631,-15.714881,-28.285648
168,-15.771319,-15.717640,-28.264407
169,-15.776288,-15.719682,-28.191701
170,-15.778270,-15.720950,-28.112143
171,-15.777256,-15.718580,-28.076828
172,-15.781462,-15.723313,-28.030860
173,-15.786605,-15.719856,-28.000894
174,-15.787516,-15.726522,-27.939271
175,-15.790302,-15.732379,-27.887109
176,-15.790612,-15.730219,-27.836442
177,-15.792724,-15.731140,-27.825336
178,-15.799187,-15.732914,-27.763407
179,-15.801436,-15.733865,-27.722961
180,-15.801708,-15.736133,-27.645381
181,-15.802333,-15.737485,-27.607441
182,-15.805440,-15.738566,-27.606624
183,-15.806589,-15.733607,-27.538714
184,-15.805911,-15.737052,-27.550260
185,-15.808638,-15.740452,-27.460197
186,-15.811960,-15.740645,-27.458069
187,-15.812510,-15.740348,-27.406635
188,-15.812711,-15.739363,-27.365628
189,-15.811961,-15.739933,-27.355334
190,-15.813765,-15.743954,-27.357088
191,-15.818979,-15.744136,-27.312908
192,-15.821760,-15.746006,-27.272040
193,-15.821596,-15.745936,-27.270418
194,-15.822963,-15.748595,-27.216744
195,-15.826952,-15.748162,-27.161253
196,-15.826301,-15.755953,-27.138685
197,-15.828714,-15.756845,-27.104254
198,-15.826770,-15.757155,-27.069756
199,-15.830442,-15.754340,-27.060255
200,-15.835373,-15.755485,-27.019385
201,-15.836302,-15.756387,-26.960049
202,-15.836694,-15.759891,-26.957461
203,-15.840718,-15.761081,-26.934433
204,-15.842843,-15.762536,-26.968457
205,-15.845630,-15.765328,-26.914973
206,-15.846654,-15.765929,-26.922171
207,-15.849332,-15.762620,-26.832650
208,-15.850032,-15.766773,-26.797791
209,-15.850102,-15.769509,-26.798765
210,-15.852575,-15.771141,-26.747896
211,-15.858735,-15.772597,-26.726537
212,-15.861552,-15.779634,-26.694423
213,-15.862049,-15.779462,-26.704184
214,-15.862979,-15.783195,-26.688479
215,-15.863503,-15.784924,-26.613413
216,-15.864837,-15.788207,-26.576737
217,-15.867946,-15.785165,-26.565571
218,-15.875289,-15.782360,-26.537832
219,-15.873198,-15.786228,-26.532578
220,-15.873764,-15.789048,-26.499964
221,-15.873215,-15.789323,-26.492287
222,-15.876490,-15.795758,-26.456947
223,-15.875496,-15.793657,-26.445355
224,-15.879326,-15.795854,-26.407543
225,-15.883098,-15.794203,-26.381021
226,-15.886978,-15.794783,-26.368194
227,-15.886186,-15.795883,-26.343073
228,-15.888476,-15.801980,-26.351038
229,-15.885613,-15.802046,-26.279650
230,-15.885524,-15.801423,-26.230815
231,-15.886453,-15.803171,-26.274316
232,-15.890927,-15.800994,-26.207732
233,-15.891818,-15.806615,-26.216922
234,-15.899357,-15.804840,-26.152688
235,-15.901517,-15.807836,-26.138085
236,-15.903877,-15.808667,-26.114160
237,-15.905369,-15.808870,-26.135619
238,-15.904382,-15.808891,-26.111073
239,-15.907255,-15.809352,-26.055573
240,-15.905972,-15.809741,-26.049500
241,-15.910069,-15.813230,-26.021066
242,-15.909962,-15.815669,-26.047941
243,-15.908559,-15.812472,-26.039445
244,-15.907137,-15.811274,-26.003063
245,-15.912188,-15.811017,-25.940413
246,-15.917174,-15.813147,-25.963442
247,-15.918961,-15.816332,-25.910212
248,-15.922512,-15.815530,-25.878058
249,-15.924081,-15.816357,-25.834186
250,-15.925384,-15.815208,-25.822414
251,-15.923181,-15.815198,-25.827594
252,-15.928159,-15.816573,-25.791703
253,-15.926090,-15.817950,-25.773961
254,-15.925591,-15.818880,-25.733225
255,-15.920879,-15.821709,-25.737465
256,-15.926984,-15.820698,-25.756819
257,-15.931947,-15.821981,-25.720820
258,-15.933155,-15.824526,-25.705636
259,-15.937420,-15.825934,-25.670679
260,-15.937540,-15.828165,-25.703622
261,-15.938443,-15.827385,-25.673111
262,-15.938739,-15.834113,-25.618607
263,-15.938669,-15.835637,-25.613140
264,-15.939959,-15.833317,-25.616924
265,-15.943119,-15.833484,-25.577713
266,-15.942685,-15.838626,-25.575519
267,-15.945659,-15.840843,-25.549457
268,-15.947733,-15.845444,-25.514125
269,-15.947845,-15.845735,-25.532503
270,-15.949580,-15.842459,-25.502583
271,-15.952835,-15.845261,-25.490671
272,-15.954763,-15.850164,-25.456983
273,-15.962019,-15.852933,-25.383778
274,-15.960614,-15.853845,-25.395598
275,-15.962998,-15.856673,-25.421476
276,-15.962499,-15.855853,-25.436305
277,-15.962133,-15.857217,-25.404350
278,-15.966101,-15.859268,-25.372852
279,-15.964734,-15.860705,-25.349008
280,-15.964482,-15.856599,-25.349872
281,-15.966373,-15.861305,-25.300313
282,-15.973555,-15.861806,-25.313275
283,-15.971075,-15.859889,-25.282603
284,-15.973699,-15.860607,-25.308794
285,-15.977576,-15.867309,-25.258099
286,-15.977795,-15.862720,-25.246916
287,-15.979207,-15.864500,-25.265648
288,-15.978297,-15.866932,-25.202202
289,-15.979213,-15.864318,-25.206455
290,-15.986790,-15.866160,-25.186916
291,-15.984273,-15.864454,-25.150464
292,-15.983131,-15.865922,-25.203037
293,-15.982273,-15.865644,-25.142104
294,-15.984818,-15.866456,-25.154987
295,-15.984845,-15.864242,-25.102233
296,-15.987632,-15.864432,-25.122210
297,-15.989904,-15.867803,-25.081789
298,-15.992160,-15.871569,-25.063993
299,-15.988619,-15.871505,-25.015805
300,-15.993455,-15.872198,-25.016484
301,-15.995061,-15.869938,-25.024863
302,-15.998073,-15.875978,-25.014681
303,-16.001164,-15.876615,-25.018326
304,-16.001264,-15.879759,-24.965375
305,-16.003170,-15.880394,-24.947505
306,-16.004141,-15.882972,-24.918386
307,-16.007088,-15.886052,-24.905869
308,-16.010775,-15.887493,-24.880720
309,-16.007432,-15.890129,-24.858181
310,-16.007485,-15.889825,-24.885220
311,-16.013973,-15.892563,-24.866825
312,-16.015620,-15.893089,-24.791461
313,-16.015391,-15.896295,-24.763730
314,-16.017355,-15.894169,-24.777429
315,-16.018603,-15.898417,-24.776245
316,-16.024958,-15.895284,-24.733875
317,-16.019146,-15.895428,-24.704796
318,-16.017548,-15.895555,-24.708085
319,-16.021324,-15.897991,-24.673355
320,-16.025711,-15.897777,-24.654070
321,-16.030404,-15.901308,-24.690276
322,-16.029203,-15.902756,-24.658180
323,-16.030825,-15.902486,-24.678362
324,-16.031873,-15.903082,-24.673009
325,-16.034492,-15.900492,-24.661263
326,-16.034961,-15.901364,-24.610558
327,-16.035432,-15.901464,-24.579025
328,-16.036545,-15.905547,-24.563451
329,-16.037992,-15.902189,-24.564353
330,-16.040355,-15.903802,-24.501591
331,-16.039713,-15.901655,-24.509017
332,-16.038964,-15.905033,-24.542450
333,-16.038811,-15.904007,-24.494536
334,-16.041431,-15.903145,-24.545806
335,-16.043553,-15.904489,-24.484044
336,-16.043209,-15.904058,-24.461700
337,-16.046629,-15.909037,-24.494833
338,-16.049397,-15.910674,-24.445474
339,-16.050147,-15.915209,-24.432770
340,-16.054583,-15.913720,-24.368758
341,-16.058333,-15.916400,-24.371976
342,-16.060520,-15.915643,-24.366202
343,-16.062025,-15.916135,-24.377693
344,-16.061468,-15.919371,-24.359564
345,-16.065045,-15.924451,-24.341445
346,-16.068291,-15.928584,-24.316492
347,-16.067290,-15.928902,-24.288103
348,-16.064864,-15.930964,-24.294769
349,-16.063360,-15.931515,-24.307502
350,-16.068300,-15.925938,-24.247505
351,-16.071296,-15.928558,-24.249554
352,-16.071833,-15.930008,-24.239286
353,-16.070365,-15.931616,-24.260605
354,-16.071057,-15.936784,-24.237885
355,-16.071180,-15.934333,-24.227932
356,-16.070781,-15.938144,-24.171401
357,-16.076286,-15.940079,-24.165033
358,-16.078805,-15.940770,-24.138406
359,-16.085031,-15.942049,-24.149272
360,-16.085998,-15.942492,-24.124889
361,-16.091084,-15.946103,-24.091745
362,-16.090632,-15.945351,-24.078045
363,-16.089445,-15.947580,-24.057925
364,-16.089372,-15.947590,-24.063186
365,-16.093074,-15.949811,-24.019459
366,-16.094241,-15.951200,-24.036484
367,-16.092961,-15.952206,-24.032528
368,-16.093313,-15.953045,-24.034614
369,-16.092423,-15.953310,-24.008312
370,-16.097171,-15.952597,-23.988443
371,-16.096921,-15.954633,-23.939694
372,-16.098644,-15.953028,-23.947096
373,-16.099997,-15.953389,-23.922756
374,-16.100685,-15.958120,-23.912211
375,-16.104255,-15.954290,-23.897893
376,-16.107688,-15.953445,-23.889203
377,-16.107380,-15.959310,-23.891268
378,-16.106417,-15.960681,-23.861547
379,-16.109015,-15.961561,-23.882821
380,-16.111214,-15.960025,-23.873460
381,-16.112467,-15.965647,-23.837170
382,-16.114479,-15.970471,-23.818707
383,-16.115392,-15.969738,-23.811335
384,-16.118030,-15.974903,-23.796383
385,-16.118562,-15.970057,-23.775228
386,-16.119535,-15.970866,-23.760759
387,-16.118069,-15.973293,-23.701977
388,-16.123590,-15.969485,-23.698146
389,-16.118257,-15.971153,-23.760803
390,-16.121265,-15.970953,-23.720913
391,-16.118994,-15.967201,-23.697738
392,-16.120929,-15.968473,-23.681400
393,-16.120233,-15.967116,-23.713882
394,-16.122363,-15.970859,-23.711269
395,-16.120597,-15.969703,-23.684138
396,-16.120955,-15.966617,-23.672066
397,-16.120140,-15.969751,-23.651102
398,-16.121767,-15.970932,-23.596162
399,-16.125302,-15.975696,-23.597488
400,-16.130493,-15.974609,-23.589460
401,-16.124988,-15.976620,-23.588133
402,-16.125916,-15.974006,-23.593964
403,-16.126692,-15.977278,-23.562853
404,-16.131185,-15.978164,-23.535349
405,-16.126378,-15.977540,-23.502668
406,-16.122175,-15.978025,-23.510363
407,-16.122297,-15.980930,-23.473186
408,-16.127352,-15.981927,-23.461470
409,-16.125501,-15.982700,-23.463768
410,-16.128548,-15.986423,-23.446503
411,-16.127269,-15.985256,-23.445513
412,-16.131175,-15.982211,-23.428290
413,-16.130473,-15.984054,-23.396644
414,-16.129915,-15.987373,-23.385229
415,-16.129099,-15.988872,-23.398390
416,-16.133848,-15.990537,-23.408210
417,-16.133154,-15.987895,-23.355102
418,-16.134972,-15.989184,-23.314384
419,-16.133575,-15.985074,-23.359765
420,-16.138741,-15.986746,-23.362450
421,-16.138919,-15.991815,-23.333565
422,-16.142323,-15.991728,-23.288397
423,-16.139759,-15.991402,-23.285126
424,-16.140018,-15.991576,-23.238787
425,-16.139881,-15.990537,-23.240058
426,-16.140440,-15.988273,-23.225380
427,-16.146979,-15.989996,-23.215120
428,-16.151973,-15.992472,-23.215677
429,-16.152585,-15.996528,-23.169510
430,-16.155383,-15.996965,-23.176982
431,-16.157924,-15.994756,-23.176530
432,-16.162803,-15.995985,-23.149024
433,-16.161769,-16.001021,-23.124672
434,-16.158068,-16.005196,-23.146627
435,-16.159001,-16.004623,-23.146072
436,-16.158704,-16.005800,-23.145073
437,-16.162787,-16.008127,-23.169565
438,-16.162294,-16.009336,-23.121064
439,-16.165798,-16.011238,-23.087308
440,-16.165472,-16.010461,-23.086470
441,-16.164320,-16.011116,-23.087143
442,-16.163567,-16.012570,-23.057414
443,-16.164706,-16.012938,-23.046497
444,-16.163511,-16.010371,-23.033855
445,-16.165461,-16.016995,-23.034895
446,-16.167892,-16.017680,-22.974928
447,-16.172552,-16.020623,-22.989812
448,-16.174443,-16.020576,-22.975822
449,-16.178880,-16.024409,-22.966191
450,-16.177087,-16.026419,-22.936203
451,-16.172393,-16.023860,-22.938789
452,-16.174951,-16.019311,-22.928504
453,-16.175897,-16.021491,-22.931718
454,-16.178125,-16.021494,-22.880503
455,-16.181673,-16.020031,-22.902093
456,-16.180939,-16.020275,-22.866003
457,-16.182098,-16.019813,-22.887816
458,-16.182193,-16.019323,-22.856440
459,-16.185778,-16.020230,-22.838177
460,-16.186143,-16.024435,-22.831826
461,-16.191365,-16.023266,-22.817973
462,-16.191722,-16.023770,-22.808195
463,-16.194194,-16.028185,-22.792141
464,-16.192247,-16.024390,-22.776559
465,-16.195052,-16.025667,-22.792167
466,-16.196393,-16.028637,-22.814898
467,-16.197661,-16.031213,-22.812511
468,-16.193499,-16.027326,-22.759076
469,-16.194829,-16.032143,-22.739136
470,-16.199868,-16.036079,-22.706279
471,-16.196974,-16.035205,-22.710402
472,-16.198247,-16.033938,-22.714134
473,-16.204062,-16.033117,-22.652222
474,-16.200231,-16.040834,-22.658391
475,-16.201573,-16.039991,-22.620365
476,-16.202426,-16.040537,-22.595028
477,-16.208875,-16.041483,-22.612507
478,-16.206152,-16.040646,-22.642430
479,-16.205374,-16.040885,-22.587284
480,-16.204008,-16.042607,-22.598934
481,-16.210058,-16.041826,-22.605981
482,-16.210335,-16.041335,-22.566894
483,-16.212845,-16.041755,-22.563779
484,-16.213466,-16.046622,-22.578632
485,-16.212902,-16.047951,-22.570317
486,-16.210500,-16.047663,-22.558141
487,-16.209900,-16.046478,-22.522591
488,-16.209606,-16.048898,-22.533293
489,-16.206878,-16.050529,-22.538269
490,-16.209417,-16.049129,-22.499484
491,-16.209443,-16.051301,-22.498152
492,-16.209832,-16.047339,-22.502905
493,-16.211478,-16.050648,-22.543376
494,-16.211009,-16.050100,-22.479384
495,-16.210345,-16.052504,-22.444764
496,-16.208374,-16.053103,-22.477176
497,-16.212951,-16.051190,-22.464040
498,-16.218221,-16.050085,-22.449538
499,-16.219132,-16.052297,-22.431677
500,-16.213791,-16.054422,-22.436660
501,-16.216373,-16.058599,-22.440834
502,-16.217746,-16.055473,-22.403018
503,-16.219841,-16.058552,-22.415277
504,-16.218586,-16.060514,-22.412825
505,-16.219974,-16.062135,-22.356287
506,-16.219371,-16.061919,-22.320449
507,-16.219513,-16.063273,-22.370098
508,-16.217024,-16.060972,-22.366143
509,-16.224688,-16.064963,-22.363881
510,-16.227979,-16.065106,-22.298811
511,-16.228037,-16.060014,-22.309928
512,-16.225969,-16.061663,-22.296338
513,-16.230132,-16.067997,-22.284333
514,-16.227431,-16.072208,-22.310353
515,-16.225244,-16.071681,-22.220289
516,-16.228952,-16.073244,-22.210681
517,-16.231644,-16.072799,-22.216454
518,-16.232384,-16.071802,-22.202340
519,-16.229258,-16.071524,-22.222779
520,-16.233073,-16.070243,-22.206957
521,-16.234707,-16.074043,-22.187439
522,-16.234088,-16.072095,-22.167851
523,-16.238444,-16.077941,-22.203456
524,-16.236967,-16.074733,-22.183513
525,-16.237346,-16.079045,-22.146374
526,-16.238109,-16.077588,-22.120246
527,-16.238516,-16.079385,-22.128119
528,-16.238333,-16.080936,-22.124952
529,-16.242626,-16.073575,-22.100717
530,-16.239765,-16.073961,-22.094507
531,-16.242403,-16.077514,-22.117939
532,-16.243612,-16.078198,-22.073382
533,-16.242073,-16.075053,-22.100818
534,-16.246719,-16.078482,-22.058772
535,-16.245817,-16.081749,-22.071790
536,-16.245334,-16.080544,-22.085343
537,-16.250149,-16.079565,-22.046130
538,-16.249554,-16.078659,-22.027041
539,-16.246557,-16.078099,-22.014224
540,-16.246222,-16.079679,-22.005754
541,-16.247061,-16.078270,-22.015905
542,-16.245184,-16.076021,-21.993058
543,-16.247527,-16.076823,-21.981045
544,-16.244846,-16.078586,-21.970079
545,-16.246502,-16.082745,-22.019175
546,-16.249908,-16.084091,-21.927594
547,-16.253607,-16.082884,-21.932177
548,-16.252652,-16.078800,-21.921353
549,-16.251997,-16.083189,-21.906844
550,-16.249567,-16.085659,-21.921389
551,-16.250017,-16.088287,-21.935537
552,-16.252012,-16.087449,-21.867959
553,-16.250258,-16.089476,-21.876223
554,-16.248934,-16.093550,-21.888191
555,-16.254160,-16.093491,-21.871497
556,-16.255257,-16.093353,-21.849842
557,-16.253574,-16.090117,-21.860460
558,-16.256370,-16.088745,-21.853584
559,-16.255097,-16.087991,-21.774501
560,-16.259497,-16.088404,-21.780408
561,-16.258118,-16.090559,-21.783596
562,-16.257740,-16.089529,-21.762006
563,-16.258849,-16.092446,-21.779735
564,-16.260530,-16.091459,-21.748709
565,-16.265975,-16.093779,-21.701528
566,-16.263831,-16.095780,-21.713550
567,-16.265551,-16.094509,-21.762470
568,-16.269614,-16.099640,-21.751750
569,-16.266428,-16.100029,-21.741278
570,-16.268969,-16.103556,-21.709302
571,-16.269531,-16.104165,-21.706918
572,-16.268536,-16.106256,-21.696508
573,-16.271289,-16.105901,-21.707251
574,-16.270930,-16.107239,-21.701693
575,-16.269959,-16.107184,-21.692966
576,-16.269904,-16.107210,-21.664802
577,-16.274461,-16.107454,-21.639076
578,-16.274355,-16.109263,-21.654543
579,-16.277837,-16.109236,-21.621112
580,-16.276326,-16.108157,-21.622853
581,-16.276978,-16.112987,-21.584558
582,-16.279725,-16.109304,-21.615575
583,-16.279117,-16.109495,-21.606257
584,-16.283346,-16.110386,-21.617269
585,-16.279952,-16.111989,-21.597098
586,-16.276888,-16.111263,-21.612534
587,-16.275270,-16.113039,-21.575066
588,-16.278183,-16.111952,-21.575944
589,-16.280435,-16.113479,-21.601254
590,-16.281746,-16.111141,-21.595925
591,-16.279703,-16.112561,-21.566820
592,-16.283404,-16.111148,-21.545741
593,-16.278867,-16.114913,-21.492910
594,-16.277883,-16.114956,-21.490602
595,-16.281737,-16.117780,-21.483176
596,-16.280256,-16.119366,-21.472284
597,-16.281458,-16.121012,-21.490355
598,-16.276962,-16.117178,-21.498779
599,-16.278293,-16.118201,-21.480344
600,-16.277929,-16.120043,-21.461320
601,-16.279690,-16.114968,-21.452470
602,-16.282176,-16.120534,-21.430010
603,-16.278447,-16.118141,-21.435086
604,-16.280477,-16.120509,-21.429390
605,-16.279653,-16.117819,-21.422163
606,-16.279224,-16.117699,-21.452080
607,-16.282020,-16.120173,-21.384033
608,-16.285113,-16.123338,-21.358580
609,-16.284129,-16.129698,-21.421722
610,-16.283699,-16.127324,-21.417440
611,-16.284474,-16.125501,-21.395689
612,-16.286863,-16.120881,-21.367604
613,-16.286304,-16.120916,-21.351368
614,-16.284845,-16.122150,-21.353899
615,-16.285990,-16.120441,-21.324202
616,-16.283517,-16.121511,-21.324463
617,-16.286730,-16.124718,-21.270964
618,-16.291987,-16.126042,-21.287382
619,-16.290882,-16.124607,-21.299644
620,-16.285764,-16.128896,-21.289042
621,-16.290844,-16.124474,-21.283560
622,-16.288884,-16.127865,-21.285705
623,-16.289640,-16.125691,-21.265882
624,-16.285057,-16.130697,-21.270464
625,-16.288565,-16.131113,-21.248294
626,-16.288121,-16.130047,-21.230209
627,-16.287746,-16.128206,-21.219781
628,-16.283969,-16.130731,-21.225262
629,-16.287685,-16.134718,-21.216264
630,-16.287115,-16.133214,-21.197800
631,-16.293763,-16.135338,-21.184842
632,-16.291977,-16.133574,-21.179608
633,-16.293772,-16.134712,-21.179584
634,-16.292896,-16.139712,-21.128073
635,-16.291143,-16.136441,-21.131749
636,-16.288714,-16.140542,-21.144626
637,-16.290854,-16.140287,-21.143119
638,-16.292069,-16.138110,-21.142221
639,-16.294590,-16.142196,-21.111530
640,-16.292172,-16.143662,-21.118912
641,-16.293461,-16.144236,-21.120818
642,-16.292782,-16.145582,-21.149331
643,-16.292334,-16.142670,-21.129461
644,-16.296859,-16.146691,-21.098672
645,-16.297652,-16.149786,-21.097522
646,-16.296920,-16.148583,-21.086214
647,-16.300944,-16.144921,-21.093965
648,-16.301961,-16.145262,-21.056602
649,-16.296315,-16.146750,-21.054709
650,-16.297575,-16.150272,-21.022188
651,-16.298478,-16.145220,-21.023848
652,-16.305155,-16.145448,-21.011865
653,-16.304050,-16.146886,-20.990724
654,-16.304856,-16.143368,-20.974042
655,-16.305862,-16.150314,-20.959701
656,-16.308863,-16.149793,-21.000864
657,-16.311692,-16.148788,-20.979305
658,-16.304757,-16.154846,-20.989761
659,-16.306511,-16.155071,-20.975930
660,-16.302498,-16.152407,-20.976238
661,-16.302260,-16.151369,-20.922814
662,-16.298918,-16.151351,-20.924086
663,-16.300241,-16.151554,-20.943202
664,-16.303529,-16.148908,-20.949622
665,-16.307732,-16.153043,-20.911040
666,-16.307315,-16.158000,-20.889742
667,-16.307941,-16.155249,-20.888834
668,-16.304251,-16.159978,-20.884396
669,-16.305088,-16.159779,-20.906039
670,-16.307351,-16.155527,-20.929494
671,-16.308968,-16.158378,-20.881361
672,-16.309737,-16.159331,-20.869464
673,-16.305482,-16.157995,-20.843546
674,-16.311418,-16.157097,-20.868865
675,-16.308646,-16.154912,-20.865750
676,-16.310249,-16.155094,-20.851172
677,-16.313841,-16.154596,-20.818753
678,-16.311755,-16.151373,-20.817158
679,-16.310168,-16.152448,-20.824656
680,-16.305267,-16.151490,-20.802344
681,-16.306960,-16.152928,-20.820457
682,-16.309513,-16.155497,-20.806867
683,-16.312076,-16.156643,-20.829939
684,-16.316776,-16.160968,-20.784121
685,-16.312643,-16.162130,-20.772377
686,-16.317061,-16.162124,-20.796218
687,-16.316857,-16.161661,-20.779145
688,-16.317024,-16.163090,-20.765737
689,-16.321693,-16.159991,-20.774873
690,-16.317637,-16.163012,-20.759627
691,-16.320709,-16.165845,-20.772182
692,-16.321174,-16.164435,-20.739903
693,-16.322614,-16.163052,-20.712598
694,-16.322628,-16.165177,-20.690042
695,-16.319863,-16.167043,-20.699351
696,-16.321383,-16.165643,-20.668204
697,-16.321770,-16.169014,-20.665423
698,-16.323316,-16.169973,-20.662424
699,-16.322120,-16.172680,-20.629581
700,-16.319573,-16.174036,-20.688864
701,-16.320594,-16.175309,-20.684738
702,-16.322994,-16.174530,-20.670041
703,-16.323978,-16.176228,-20.670092
704,-16.325531,-16.180162,-20.666214
705,-16.323878,-16.183538,-20.687635
706,-16.323496,-16.180143,-20.623153
707,-16.324306,-16.182495,-20.656963
708,-16.324493,-16.185175,-20.663191
709,-16.322334,-16.188835,-20.604334
710,-16.330726,-16.184549,-20.606739
711,-16.331129,-16.182977,-20.640257
712,-16.327698,-16.181537,-20.642647
713,-16.327327,-16.183434,-20.596114
714,-16.325304,-16.187385,-20.572655
715,-16.328651,-16.185669,-20.573524
716,-16.329121,-16.188034,-20.564342
717,-16.328996,-16.182581,-20.593310
718,-16.326258,-16.186285,-20.581657
719,-16.326340,-16.181333,-20.567160
720,-16.325517,-16.185972,-20.540737
721,-16.330570,-16.183308,-20.591955
722,-16.329051,-16.184457,-20.582465
723,-16.322493,-16.182435,-20.541492
724,-16.322183,-16.181710,-20.522036
725,-16.320880,-16.181965,-20.531800
726,-16.323186,-16.183053,-20.526464
727,-16.322786,-16.185353,-20.469672
728,-16.323401,-16.189043,-20.492526
729,-16.323295,-16.192530,-20.527893
730,-16.322789,-16.188122,-20.499422
731,-16.328459,-16.191630,-20.496242
732,-16.329388,-16.193027,-20.495608
733,-16.327275,-16.192411,-20.487077
734,-16.324524,-16.192102,-20.474531
735,-16.326312,-16.188079,-20.489429
736,-16.326649,-16.190484,-20.445597
737,-16.324229,-16.189069,-20.433561
738,-16.325426,-16.196485,-20.457269
739,-16.326073,-16.194664,-20.458513
740,-16.326427,-16.193857,-20.461882
741,-16.326317,-16.196427,-20.447850
742,-16.322119,-16.199668,-20.387675
743,-16.323125,-16.191323,-20.434236
744,-16.325885,-16.192357,-20.401963
745,-16.325332,-16.191682,-20.414447
746,-16.326351,-16.193673,-20.362780
747,-16.326339,-16.193789,-20.414790
748,-16.326698,-16.193883,-20.399458
749,-16.328275,-16.191543,-20.385630
750,-16.328895,-16.193522,-20.355826
751,-16.324861,-16.192306,-20.355725
752,-16.327743,-16.186623,-20.369293
753,-16.323850,-16.191343,-20.363038
754,-16.323514,-16.191052,-20.354204
755,-16.325733,-16.193371,-20.350787
756,-16.328529,-16.199751,-20.359993
757,-16.331676,-16.198894,-20.318248
758,-16.332448,-16.198993,-20.325708
759,-16.331580,-16.200962,-20.316211
760,-16.335550,-16.199334,-20.336581
761,-16.335724,-16.203698,-20.321734
762,-16.335443,-16.201354,-20.293649
763,-16.331848,-16.203366,-20.277288
764,-16.331888,-16.198468,-20.274702
765,-16.335242,-16.197953,-20.291107
766,-16.337545,-16.196296,-20.293732
767,-16.334483,-16.198637,-20.271506
768,-16.334651,-16.196028,-20.275977
769,-16.331108,-16.197958,-20.243811
770,-16.330012,-16.199549,-20.209283
771,-16.327027,-16.200519,-20.252382
772,-16.328972,-16.202542,-20.189696
773,-16.331836,-16.202902,-20.206329
774,-16.333243,-16.200590,-20.245883
775,-16.332250,-16.205154,-20.277045
776,-16.328507,-16.202949,-20.247349
777,-16.332918,-16.200115,-20.251968
778,-16.331603,-16.204168,-20.246280
779,-16.332502,-16.205410,-20.225058
780,-16.330223,-16.206417,-20.219148
781,-16.328663,-16.205656,-20.185707
782,-16.332853,-16.204521,-20.174444
783,-16.333537,-16.203344,-20.172717
784,-16.333995,-16.203384,-20.182890
785,-16.336199,-16.202557,-20.195526
786,-16.339080,-16.203857,-20.195265
787,-16.343645,-16.204675,-20.170641
788,-16.347301,-16.205074,-20.203287
789,-16.345075,-16.205951,-20.181826
790,-16.347048,-16.211126,-20.167419
791,-16.341667,-16.210566,-20.153165
792,-16.342975,-16.215691,-20.158095
793,-16.342880,-16.213539,-20.155447
794,-16.340233,-16.208001,-20.166877
795,-16.341120,-16.210687,-20.132637
796,-16.337637,-16.210716,-20.143265
797,-16.335867,-16.208010,-20.121309
798,-16.337469,-16.207962,-20.119815
799,-16.335494,-16.207508,-20.114326
800,-16.337445,-16.207644,-20.139105
801,-16.339957,-16.206084,-20.131584
802,-16.340041,-16.209204,-20.119548
803,-16.337398,-16.210022,-20.099202
804,-16.338198,-16.206465,-20.102705
805,-16.340105,-16.207614,-20.107177
806,-16.339194,-16.207068,-20.089548
807,-16.336845,-16.212305,-20.143643
808,-16.341767,-16.209737,-20.098086
809,-16.339593,-16.214618,-20.084684
810,-16.343531,-16.217028,-20.079691
811,-16.342546,-16.215230,-20.088074
812,-16.340788,-16.213382,-20.074154
813,-16.338952,-16.211246,-20.079578
814,-16.338870,-16.210129,-20.081611
815,-16.343103,-16.209532,-20.067860
816,-16.342648,-16.213456,-20.055617
817,-16.341056,-16.211455,-20.026772
818,-16.341335,-16.210867,-20.047853
819,-16.345101,-16.211658,-20.060341
820,-16.341796,-16.209119,-20.037639
821,-16.340921,-16.210659,-20.020540
822,-16.340332,-16.208713,-19.992459
823,-16.342652,-16.207048,-20.003867
824,-16.342112,-16.205231,-20.016453
825,-16.346270,-16.205297,-20.015972
826,-16.343300,-16.206034,-19.997379
827,-16.343578,-16.208224,-19.975678
828,-16.343775,-16.207366,-19.994391
829,-16.344289,-16.209170,-20.024659
830,-16.343164,-16.211733,-20.020859
831,-16.345531,-16.210544,-19.985363
832,-16.341650,-16.209295,-19.973629
833,-16.341578,-16.212777,-19.955816
834,-16.344259,-16.213882,-19.962275
835,-16.340728,-16.210259,-19.930325
836,-16.346251,-16.215641,-19.948656
837,-16.342058,-16.209958,-19.942295
838,-16.343099,-16.209594,-19.923798
839,-16.341514,-16.205879,-19.914274
840,-16.340140,-16.210028,-19.940753
841,-16.340905,-16.209371,-19.877279
842,-16.345173,-16.213141,-19.890308
843,-16.344380,-16.211766,-19.928154
844,-16.345247,-16.210818,-19.950405
845,-16.345993,-16.215658,-19.925529
846,-16.342018,-16.219263,-19.926809
847,-16.341587,-16.213763,-19.903064
848,-16.342247,-16.217719,-19.865648
849,-16.347340,-16.215261,-19.874042
850,-16.349199,-16.216619,-19.902452
851,-16.344220,-16.220146,-19.895578
852,-16.346856,-16.218543,-19.881994
853,-16.349345,-16.217808,-19.864488
854,-16.348547,-16.217118,-19.867505
855,-16.345103,-16.209630,-19.860444
856,-16.347558,-16.215093,-19.875906
857,-16.345937,-16.211295,-19.867142
858,-16.344399,-16.210466,-19.896515
859,-16.352932,-16.213026,-19.875462
860,-16.351939,-16.211359,-19.843965
861,-16.353533,-16.211533,-19.839508
862,-16.355528,-16.210602,-19.866968
863,-16.347690,-16.208723,-19.843011
864,-16.348340,-16.212818,-19.821834
865,-16.348586,-16.208381,-19.830740
866,-16.344143,-16.211075,-19.814165
867,-16.346215,-16.210942,-19.828921
868,-16.350148,-16.210465,-19.833364
869,-16.354495,-16.210232,-19.813836
870,-16.351018,-16.208269,-19.776153
871,-16.351009,-16.211787,-19.779174
872,-16.349677,-16.212203,-19.811022
873,-16.353507,-16.218108,-19.776105
874,-16.353475,-16.215246,-19.762754
875,-16.349410,-16.215437,-19.762397
876,-16.353639,-16.215378,-19.794645
877,-16.353179,-16.217771,-19.815444
878,-16.353411,-16.219130,-19.808552
879,-16.356668,-16.218913,-19.793799
880,-16.355380,-16.222159,-19.768218
881,-16.355542,-16.222180,-19.776563
882,-16.353574,-16.226647,-19.761272
883,-16.354224,-16.225395,-19.794820
884,-16.354630,-16.228319,-19.768011
885,-16.355351,-16.228424,-19.769775
886,-16.356855,-16.230069,-19.776855
887,-16.360669,-16.225754,-19.780292
888,-16.362541,-16.220721,-19.760865
889,-16.363429,-16.223005,-19.757121
890,-16.361771,-16.224522,-19.774832
891,-16.361976,-16.221910,-19.742568
892,-16.360391,-16.222914,-19.799167
893,-16.356929,-16.221897,-19.736603
894,-16.357129,-16.223311,-19.724785
895,-16.360570,-16.221815,-19.688215
896,-16.355653,-16.224872,-19.714241
897,-16.358313,-16.224079,-19.702428
898,-16.359148,-16.223336,-19.759631
899,-16.361685,-16.219562,-19.746565
900,-16.362766,-16.223357,-19.722626
901,-16.362776,-16.225070,-19.708603
902,-16.356620,-16.225930,-19.685888
903,-16.358464,-16.223727,-19.689264
904,-16.359595,-16.222885,-19.655919
905,-16.353772,-16.224851,-19.659484
906,-16.356380,-16.228312,-19.647361
907,-16.358050,-16.224962,-19.652168
908,-16.358798,-16.218877,-19.639350
909,-16.355563,-16.221457,-19.641799
910,-16.352549,-16.223446,-19.616482
911,-16.351279,-16.220289,-19.645938
912,-16.356933,-16.226996,-19.652503
913,-16.354508,-16.223919,-19.647943
914,-16.357973,-16.222128,-19.677063
915,-16.353811,-16.220983,-19.624770
916,-16.357419,-16.212432,-19.647028
917,-16.352667,-16.216830,-19.670805
918,-16.356345,-16.220860,-19.634058
919,-16.355102,-16.223310,-19.624211
920,-16.360443,-16.220049,-19.639426
921,-16.362113,-16.218506,-19.631918
922,-16.361889,-16.216315,-19.628027
923,-16.362930,-16.218533,-19.643925
924,-16.360376,-16.221113,-19.620309
925,-16.360548,-16.214816,-19.627645
926,-16.358833,-16.214699,-19.640156
927,-16.359140,-16.212457,-19.620321
928,-16.357128,-16.209625,-19.607621
929,-16.359870,-16.214911,-19.616541
930,-16.360653,-16.212628,-19.563279
931,-16.361527,-16.216008,-19.624247
932,-16.358477,-16.208703,-19.620413
933,-16.360327,-16.214413,-19.590978
934,-16.358340,-16.215972,-19.612999
935,-16.356828,-16.219089,-19.611994
936,-16.361457,-16.221418,-19.577132
937,-16.362970,-16.219614,-19.590706
938,-16.361177,-16.223819,-19.580851
939,-16.361608,-16.224134,-19.558688
940,-16.362320,-16.220223,-19.531905
941,-16.360412,-16.223559,-19.561353
942,-16.359986,-16.221473,-19.584746
943,-16.356940,-16.225059,-19.552266
944,-16.362658,-16.224639,-19.541770
945,-16.360966,-16.224417,-19.530953
946,-16.362322,-16.220821,-19.531490
947,-16.359748,-16.216756,-19.510582
948,-16.364673,-16.218442,-19.539085
949,-16.362943,-16.220780,-19.516952
950,-16.363200,-16.220465,-19.499966
951,-16.363786,-16.224622,-19.515462
952,-16.362931,-16.224198,-19.523221
953,-16.367473,-16.224063,-19.523344
954,-16.364548,-16.221902,-19.509401
955,-16.365214,-16.223154,-19.555222
956,-16.365813,-16.223881,-19.545540
957,-16.368470,-16.222844,-19.519117
958,-16.367403,-16.222254,-19.503619
959,-16.369230,-16.219734,-19.515330
960,-16.369069,-16.223339,-19.517085
961,-16.365622,-16.223872,-19.458408
962,-16.364671,-16.221527,-19.496982
963,-16.365539,-16.221246,-19.483451
964,-16.360147,-16.218793,-19.504285
965,-16.363599,-16.218048,-19.500727
966,-16.364001,-16.219294,-19.493088
967,-16.359396,-16.219712,-19.470790
968,-16.361765,-16.224032,-19.455710
969,-16.361376,-16.225630,-19.457206
970,-16.363037,-16.222896,-19.495854
971,-16.357966,-16.225906,-19.477479
972,-16.360692,-16.222922,-19.482600
973,-16.359221,-16.223705,-19.439234
974,-16.360336,-16.227478,-19.481631
975,-16.361708,-16.222584,-19.461703
976,-16.365482,-16.222853,-19.417294
977,-16.367360,-16.222720,-19.422755
978,-16.362474,-16.224843,-19.436000
979,-16.365293,-16.226341,-19.431199
980,-16.365316,-16.227670,-19.401954
981,-16.365356,-16.228971,-19.416621
982,-16.362983,-16.228447,-19.402189
983,-16.367342,-16.228523,-19.398179
984,-16.362382,-16.231347,-19.384235
985,-16.363493,-16.227492,-19.394797
986,-16.367959,-16.230679,-19.406795
987,-16.367508,-16.229419,-19.406989
988,-16.368206,-16.227548,-19.396621
989,-16.366746,-16.223468,-19.404274
990,-16.365693,-16.223590,-19.408968
991,-16.366250,-16.225813,-19.395001
992,-16.366849,-16.227171,-19.387079
993,-16.368141,-16.227747,-19.378680
994,-16.367382,-16.227276,-19.387394
995,-16.366710,-16.230259,-19.402838
996,-16.365892,-16.228266,-19.357010
997,-16.367728,-16.226929,-19.360910
998,-16.366122,-16.226852,-19.374269
999,-16.365679,-16.233302,-19.372332
1000,-16.362748,-16.229467,-19.326186
