Epoch,beta_max/4,beta_max,4beta_max
1,-18.390253,-19.449184,-88.393415
2,-18.328034,-19.263528,-85.935590
3,-18.249992,-19.096179,-83.595382
4,-18.154033,-18.942570,-81.416411
5,-18.037854,-18.796492,-79.322204
6,-17.907980,-18.659022,-77.346472
7,-17.772172,-18.532641,-75.446110
8,-17.639083,-18.412410,-73.583193
9,-17.514760,-18.297861,-71.799422
10,-17.409253,-18.189170,-70.085501
11,-17.320516,-18.086761,-68.457382
12,-17.253700,-17.990230,-66.893039
13,-17.201789,-17.899313,-65.350383
14,-17.159806,-17.814402,-63.910352
15,-17.125141,-17.734040,-62.511306
16,-17.095467,-17.655229,-61.192593
17,-17.069676,-17.584684,-59.921563
18,-17.044950,-17.518580,-58.742966
19,-17.019989,-17.455621,-57.592320
20,-16.995758,-17.395584,-56.450900
21,-16.973778,-17.339556,-55.375002
22,-16.952062,-17.287116,-54.349304
23,-16.931095,-17.236181,-53.355203
24,-16.912162,-17.191592,-52.358267
25,-16.892013,-17.150514,-51.367873
26,-16.871626,-17.109580,-50.410654
27,-16.852360,-17.071351,-49.501237
28,-16.832880,-17.036739,-48.629001
29,-16.814116,-17.002652,-47.762867
30,-16.796845,-16.971817,-46.918261
31,-16.779575,-16.941041,-46.094322
32,-16.762097,-16.910455,-45.301249
33,-16.745782,-16.881916,-44.498635
34,-16.729373,-16.855674,-43.737952
35,-16.713941,-16.830553,-42.967296
36,-16.698344,-16.806406,-42.259581
37,-16.681754,-16.781598,-41.593075
38,-16.666414,-16.757128,-40.944322
39,-16.651878,-16.734395,-40.311068
40,-16.636312,-16.712918,-39.676752
41,-16.620924,-16.690833,-39.050052
42,-16.605550,-16.670332,-38.434559
43,-16.590424,-16.650349,-37.887255
44,-16.577133,-16.631998,-37.364623
45,-16.563880,-16.613930,-36.847812
46,-16.550647,-16.594819,-36.339992
47,-16.538109,-16.577203,-35.840063
48,-16.526237,-16.560240,-35.358422
49,-16.513256,-16.543427,-34.872435
50,-16.500073,-16.526802,-34.407760
51,-16.485992,-16.510762,-33.946338
52,-16.474784,-16.495036,-33.509120
53,-16.463207,-16.478371,-33.084264
54,-16.451247,-16.462359,-32.673217
55,-16.437674,-16.446771,-32.271375
56,-16.425698,-16.432449,-31.875386
57,-16.413529,-16.419063,-31.489670
58,-16.401032,-16.405058,-31.123418
59,-16.388523,-16.390710,-30.750392
60,-16.376857,-16.377159,-30.382460
61,-16.365088,-16.363477,-30.042742
62,-16.352594,-16.349642,-29.712087
63,-16.340663,-16.336613,-29.405521
64,-16.328175,-16.323623,-29.082275
65,-16.316604,-16.310825,-28.748780
66,-16.306110,-16.298065,-28.418546
67,-16.295285,-16.285721,-28.106953
68,-16.284506,-16.273825,-27.792728
69,-16.273690,-16.262187,-27.496835
70,-16.262814,-16.250484,-27.196688
71,-16.250784,-16.238520,-26.913278
72,-16.240302,-16.226998,-26.644236
73,-16.230531,-16.215333,-26.377091
74,-16.219923,-16.202661,-26.133769
75,-16.208085,-16.191229,-25.892685
76,-16.197117,-16.179975,-25.644936
77,-16.186195,-16.169755,-25.401521
78,-16.176163,-16.159337,-25.169878
79,-16.166130,-16.148569,-24.947032
80,-16.155639,-16.138598,-24.727518
81,-16.145885,-16.127554,-24.504240
82,-16.135149,-16.116054,-24.283990
83,-16.124611,-16.106128,-24.084641
84,-16.113990,-16.095922,-23.887010
85,-16.103077,-16.086460,-23.696227
86,-16.092161,-16.076124,-23.514069
87,-16.080636,-16.066274,-23.342552
88,-16.069108,-16.055057,-23.175152
89,-16.058514,-16.044563,-23.012374
90,-16.048540,-16.034152,-22.847369
91,-16.038575,-16.023965,-22.680045
92,-16.029403,-16.014445,-22.521896
93,-16.019321,-16.004609,-22.364734
94,-16.008976,-15.995468,-22.201915
95,-15.998056,-15.985241,-22.039121
96,-15.987839,-15.975837,-21.887979
97,-15.978023,-15.967036,-21.742849
98,-15.968467,-15.958458,-21.598222
99,-15.958679,-15.950230,-21.454689
100,-15.948716,-15.941189,-21.311847
101,-15.938638,-15.931503,-21.168952
102,-15.929584,-15.922008,-21.028435
103,-15.920691,-15.912012,-20.895699
104,-15.910748,-15.903528,-20.768101
105,-15.900875,-15.895704,-20.643235
106,-15.890921,-15.886737,-20.517328
107,-15.881826,-15.877257,-20.397633
108,-15.873285,-15.868548,-20.284789
109,-15.865063,-15.859679,-20.177847
110,-15.856584,-15.851385,-20.071888
111,-15.848360,-15.843960,-19.968341
112,-15.840454,-15.835581,-19.861273
113,-15.831506,-15.826513,-19.756858
114,-15.823629,-15.816889,-19.652774
115,-15.815965,-15.808101,-19.556144
116,-15.807150,-15.800262,-19.464146
117,-15.798779,-15.791381,-19.366349
118,-15.789035,-15.782603,-19.276848
119,-15.780469,-15.773214,-19.190182
120,-15.772388,-15.764819,-19.098642
121,-15.763966,-15.756618,-19.012918
122,-15.755426,-15.748813,-18.932532
123,-15.747618,-15.740663,-18.855091
124,-15.738663,-15.732587,-18.774701
125,-15.730864,-15.723803,-18.696828
126,-15.724203,-15.715229,-18.620196
127,-15.716717,-15.707826,-18.546250
128,-15.709107,-15.700559,-18.472611
129,-15.701599,-15.692839,-18.399499
130,-15.692842,-15.684278,-18.329776
131,-15.685539,-15.675819,-18.264206
132,-15.676899,-15.668128,-18.198381
133,-15.668522,-15.660687,-18.134049
134,-15.660198,-15.653623,-18.071322
135,-15.652554,-15.646442,-18.010031
136,-15.644815,-15.639587,-17.949474
137,-15.636820,-15.633307,-17.891850
138,-15.630521,-15.627139,-17.836634
139,-15.623522,-15.621907,-17.784406
140,-15.616702,-15.615130,-17.730905
141,-15.609451,-15.607256,-17.683343
142,-15.602448,-15.599393,-17.633595
143,-15.595889,-15.591369,-17.583293
144,-15.587125,-15.583497,-17.533641
145,-15.578624,-15.576076,-17.486061
146,-15.570991,-15.568755,-17.442786
147,-15.563589,-15.561466,-17.396691
148,-15.556652,-15.554326,-17.351372
149,-15.550808,-15.546700,-17.307155
150,-15.544869,-15.539514,-17.262125
151,-15.538556,-15.533050,-17.220781
152,-15.532280,-15.526765,-17.180238
153,-15.525074,-15.520275,-17.142958
154,-15.519054,-15.512898,-17.107491
155,-15.512831,-15.505939,-17.069073
156,-15.505497,-15.499040,-17.031240
157,-15.498661,-15.493466,-16.992506
158,-15.492544,-15.486056,-16.956531
159,-15.486600,-15.480632,-16.921965
160,-15.481507,-15.475862,-16.888207
161,-15.475917,-15.471207,-16.858800
162,-15.469616,-15.465248,-16.827602
163,-15.462736,-15.457284,-16.794557
164,-15.458199,-15.451288,-16.760851
165,-15.451637,-15.445779,-16.729960
166,-15.446770,-15.439348,-16.701299
167,-15.440743,-15.433748,-16.674637
168,-15.435061,-15.427995,-16.647613
169,-15.428761,-15.422686,-16.618598
170,-15.420944,-15.415367,-16.594339
171,-15.414855,-15.409231,-16.567617
172,-15.409733,-15.403966,-16.539406
173,-15.405156,-15.397809,-16.512185
174,-15.400159,-15.391601,-16.482766
175,-15.395038,-15.385445,-16.456681
176,-15.388032,-15.380128,-16.434465
177,-15.381743,-15.375389,-16.412413
178,-15.374120,-15.369823,-16.387820
179,-15.367978,-15.364560,-16.363047
180,-15.361061,-15.357353,-16.339515
181,-15.354748,-15.352014,-16.316708
182,-15.348228,-15.346880,-16.293452
183,-15.342485,-15.342073,-16.271267
184,-15.335303,-15.336525,-16.250736
185,-15.329265,-15.330113,-16.228913
186,-15.325148,-15.323899,-16.206859
187,-15.320418,-15.319220,-16.185801
188,-15.318735,-15.315841,-16.168153
189,-15.314689,-15.310583,-16.148006
190,-15.309286,-15.305399,-16.126989
191,-15.304530,-15.302181,-16.109628
192,-15.297648,-15.296880,-16.091848
193,-15.291548,-15.291827,-16.073020
194,-15.283450,-15.288468,-16.054619
195,-15.277270,-15.283441,-16.036110
196,-15.271919,-15.277955,-16.018422
197,-15.268059,-15.273408,-16.001244
198,-15.262954,-15.267937,-15.985017
199,-15.258657,-15.262745,-15.969141
200,-15.252557,-15.257486,-15.952700
201,-15.246441,-15.251907,-15.936695
202,-15.242230,-15.245938,-15.920153
203,-15.236948,-15.240357,-15.904336
204,-15.233066,-15.235760,-15.890808
205,-15.229155,-15.231276,-15.877726
206,-15.223152,-15.227165,-15.866004
207,-15.218207,-15.221563,-15.854823
208,-15.214676,-15.215294,-15.841504
209,-15.211612,-15.210334,-15.828320
210,-15.207208,-15.205074,-15.815944
211,-15.203665,-15.199033,-15.804580
212,-15.200415,-15.194107,-15.792323
213,-15.195404,-15.189468,-15.778909
214,-15.191507,-15.184003,-15.765045
215,-15.187890,-15.179005,-15.753845
216,-15.183900,-15.174369,-15.741399
217,-15.179957,-15.171529,-15.728992
218,-15.176593,-15.169103,-15.717796
219,-15.172656,-15.165554,-15.705779
220,-15.167832,-15.159144,-15.694834
221,-15.163195,-15.153132,-15.684115
222,-15.160345,-15.149354,-15.671818
223,-15.156411,-15.146690,-15.660011
224,-15.152980,-15.143593,-15.648512
225,-15.150044,-15.139289,-15.640054
226,-15.147388,-15.133918,-15.632964
227,-15.144249,-15.129370,-15.623666
228,-15.138976,-15.123612,-15.616266
229,-15.131694,-15.117507,-15.609020
230,-15.126248,-15.111558,-15.598543
231,-15.119604,-15.106475,-15.587770
232,-15.113510,-15.101391,-15.578872
233,-15.107911,-15.096408,-15.569990
234,-15.103852,-15.091549,-15.560802
235,-15.099771,-15.088010,-15.551453
236,-15.095936,-15.085847,-15.543025
237,-15.092022,-15.084375,-15.534506
238,-15.089162,-15.079865,-15.526885
239,-15.085302,-15.077369,-15.519088
240,-15.083118,-15.073903,-15.511034
241,-15.082428,-15.070326,-15.501514
242,-15.079056,-15.067080,-15.495030
243,-15.075404,-15.062996,-15.487987
244,-15.072395,-15.058319,-15.478964
245,-15.066760,-15.054594,-15.471602
246,-15.063158,-15.050665,-15.463078
247,-15.058971,-15.047655,-15.454917
248,-15.053758,-15.044557,-15.447072
249,-15.049270,-15.040534,-15.440141
250,-15.045443,-15.036202,-15.433348
251,-15.041761,-15.031584,-15.425472
252,-15.039445,-15.027004,-15.417465
253,-15.034791,-15.022707,-15.409905
254,-15.030969,-15.019877,-15.403878
255,-15.027251,-15.015955,-15.398158
256,-15.024114,-15.012448,-15.391728
257,-15.020096,-15.010329,-15.383877
258,-15.015484,-15.007441,-15.375956
259,-15.010726,-15.002248,-15.370347
260,-15.007000,-14.997424,-15.363698
261,-15.002965,-14.995904,-15.357597
262,-15.000446,-14.993097,-15.350700
263,-14.997567,-14.991407,-15.342774
264,-14.993630,-14.990497,-15.337280
265,-14.990513,-14.989157,-15.333248
266,-14.987860,-14.986445,-15.328127
267,-14.985549,-14.983384,-15.323235
268,-14.984722,-14.980221,-15.316667
269,-14.980794,-14.979171,-15.311883
270,-14.974605,-14.975939,-15.308490
271,-14.972441,-14.971944,-15.304105
272,-14.971122,-14.968443,-15.300309
273,-14.967434,-14.964490,-15.296317
274,-14.965432,-14.959514,-15.290781
275,-14.964968,-14.953021,-15.286603
276,-14.962204,-14.948294,-15.282676
277,-14.959800,-14.947060,-15.278434
278,-14.956645,-14.945430,-15.273595
279,-14.957649,-14.944455,-15.270233
280,-14.955397,-14.940543,-15.265906
281,-14.953062,-14.938162,-15.260480
282,-14.948420,-14.936955,-15.255630
283,-14.943617,-14.933805,-15.251727
284,-14.939233,-14.931968,-15.247287
285,-14.935449,-14.929797,-15.242484
286,-14.930636,-14.925939,-15.234832
287,-14.925969,-14.924521,-15.229366
288,-14.921871,-14.922478,-15.225785
289,-14.919935,-14.918476,-15.221327
290,-14.919336,-14.916911,-15.219090
291,-14.917608,-14.913411,-15.214760
292,-14.916219,-14.907534,-15.210561
293,-14.915479,-14.902042,-15.206113
294,-14.911111,-14.897046,-15.201971
295,-14.903531,-14.893314,-15.198838
296,-14.898625,-14.889994,-15.195987
297,-14.895805,-14.886223,-15.194262
298,-14.893822,-14.881318,-15.191989
299,-14.891171,-14.876446,-15.189931
300,-14.888800,-14.871275,-15.184787
301,-14.885093,-14.869834,-15.179878
302,-14.882678,-14.869879,-15.176869
303,-14.884242,-14.870183,-15.173786
304,-14.881801,-14.866997,-15.169416
305,-14.879170,-14.864082,-15.165584
306,-14.876091,-14.862711,-15.160720
307,-14.871624,-14.858977,-15.156768
308,-14.866694,-14.856286,-15.152566
309,-14.863926,-14.855629,-15.149570
310,-14.866996,-14.856561,-15.146967
311,-14.866331,-14.852664,-15.143523
312,-14.862873,-14.847700,-15.139137
313,-14.857371,-14.844391,-15.134537
314,-14.852187,-14.841138,-15.130128
315,-14.848005,-14.838728,-15.127282
316,-14.845819,-14.835711,-15.124985
317,-14.844687,-14.830597,-15.122137
318,-14.842569,-14.825640,-15.119942
319,-14.841329,-14.821360,-15.117414
320,-14.840121,-14.817659,-15.114194
321,-14.836820,-14.816487,-15.110832
322,-14.833936,-14.815537,-15.104844
323,-14.833473,-14.813685,-15.102055
324,-14.832780,-14.811176,-15.100948
325,-14.829100,-14.808599,-15.099324
326,-14.823939,-14.807437,-15.094723
327,-14.819843,-14.806338,-15.093077
328,-14.815664,-14.805291,-15.092200
329,-14.811222,-14.800638,-15.090755
330,-14.808168,-14.796605,-15.086486
331,-14.808108,-14.793046,-15.079601
332,-14.805873,-14.792134,-15.075975
333,-14.801784,-14.791628,-15.073216
334,-14.797579,-14.788772,-15.068767
335,-14.793142,-14.786354,-15.064750
336,-14.789729,-14.783638,-15.061486
337,-14.787230,-14.782608,-15.058802
338,-14.783844,-14.780041,-15.056509
339,-14.780189,-14.777427,-15.052847
340,-14.776193,-14.774706,-15.048336
341,-14.772951,-14.773877,-15.045513
342,-14.772053,-14.772843,-15.043253
343,-14.770680,-14.771591,-15.040854
344,-14.767902,-14.769011,-15.038405
345,-14.766561,-14.765951,-15.034315
346,-14.764450,-14.761406,-15.031232
347,-14.762471,-14.756184,-15.028411
348,-14.761825,-14.751572,-15.022116
349,-14.760949,-14.746457,-15.015952
350,-14.761490,-14.742135,-15.011159
351,-14.758500,-14.739559,-15.008657
352,-14.755069,-14.739650,-15.005132
353,-14.753681,-14.738660,-15.003023
354,-14.751647,-14.736288,-14.998153
355,-14.749667,-14.733283,-14.996347
356,-14.747492,-14.732167,-14.994159
357,-14.745786,-14.730307,-14.990733
358,-14.743693,-14.725774,-14.987688
359,-14.740832,-14.723133,-14.987302
360,-14.739764,-14.719410,-14.986540
361,-14.738206,-14.715104,-14.983720
362,-14.735243,-14.713680,-14.978076
363,-14.734288,-14.710670,-14.974247
364,-14.734235,-14.708986,-14.972074
365,-14.736035,-14.708542,-14.970158
366,-14.732187,-14.706487,-14.967879
367,-14.727673,-14.705906,-14.966135
368,-14.724244,-14.706856,-14.964364
369,-14.719822,-14.704131,-14.962275
370,-14.716355,-14.703847,-14.960143
371,-14.712305,-14.701823,-14.958277
372,-14.708059,-14.697894,-14.956912
373,-14.704776,-14.695029,-14.955784
374,-14.701933,-14.694705,-14.953558
375,-14.701332,-14.693222,-14.954060
376,-14.700304,-14.690338,-14.956934
377,-14.699771,-14.686950,-14.957410
378,-14.697693,-14.684562,-14.955457
379,-14.696275,-14.680900,-14.950158
380,-14.695696,-14.680146,-14.946473
381,-14.694032,-14.683033,-14.944565
382,-14.689866,-14.682722,-14.941512
383,-14.688026,-14.683032,-14.940807
384,-14.686614,-14.680815,-14.935997
385,-14.685632,-14.678319,-14.931615
386,-14.684889,-14.677594,-14.929606
387,-14.681961,-14.675171,-14.929548
388,-14.679621,-14.673207,-14.926779
389,-14.680380,-14.668397,-14.923660
390,-14.679771,-14.664904,-14.918701
391,-14.679682,-14.666532,-14.916011
392,-14.678294,-14.666884,-14.910758
393,-14.679260,-14.665415,-14.905821
394,-14.679573,-14.664186,-14.900380
395,-14.680933,-14.663633,-14.897018
396,-14.680264,-14.661331,-14.894786
397,-14.676671,-14.658045,-14.890458
398,-14.673124,-14.656467,-14.888312
399,-14.669668,-14.655064,-14.884744
400,-14.664668,-14.652957,-14.882840
401,-14.660898,-14.652774,-14.881265
402,-14.657434,-14.653535,-14.880465
403,-14.657444,-14.650347,-14.880235
404,-14.656812,-14.645691,-14.876439
405,-14.655010,-14.644296,-14.875078
406,-14.653567,-14.640998,-14.869538
407,-14.651266,-14.637011,-14.866674
408,-14.647108,-14.634178,-14.863618
409,-14.644984,-14.630768,-14.861124
410,-14.642161,-14.628884,-14.859440
411,-14.638963,-14.626092,-14.856843
412,-14.638644,-14.622938,-14.853255
413,-14.638418,-14.622987,-14.850606
414,-14.639202,-14.622036,-14.849913
415,-14.637794,-14.621353,-14.848632
416,-14.635457,-14.620875,-14.849490
417,-14.632132,-14.618782,-14.848755
418,-14.630233,-14.614903,-14.848140
419,-14.629476,-14.611161,-14.846527
420,-14.629513,-14.612048,-14.845582
421,-14.628590,-14.611286,-14.844918
422,-14.628982,-14.612499,-14.841403
423,-14.630789,-14.614117,-14.838544
424,-14.627944,-14.614688,-14.837852
425,-14.624492,-14.615307,-14.836404
426,-14.624805,-14.618413,-14.833437
427,-14.623447,-14.618686,-14.833396
428,-14.618783,-14.618318,-14.831418
429,-14.615143,-14.613091,-14.828309
430,-14.610504,-14.606892,-14.827333
431,-14.608572,-14.604186,-14.824186
432,-14.607380,-14.603199,-14.819936
433,-14.607138,-14.599211,-14.815320
434,-14.605429,-14.594543,-14.813583
435,-14.604005,-14.590429,-14.813409
436,-14.603399,-14.588056,-14.810981
437,-14.600367,-14.585700,-14.809397
438,-14.596332,-14.583704,-14.807401
439,-14.593954,-14.580757,-14.808062
440,-14.593905,-14.577387,-14.807927
441,-14.593101,-14.574831,-14.805813
442,-14.593083,-14.572508,-14.804644
443,-14.593452,-14.571205,-14.806360
444,-14.594238,-14.571568,-14.808513
445,-14.592456,-14.571837,-14.805103
446,-14.589839,-14.569204,-14.803864
447,-14.587280,-14.569387,-14.804401
448,-14.586564,-14.567343,-14.802529
449,-14.583201,-14.564849,-14.797298
450,-14.581704,-14.563318,-14.793926
451,-14.580255,-14.563153,-14.791172
452,-14.577428,-14.562367,-14.789168
453,-14.574086,-14.561849,-14.788627
454,-14.573124,-14.563179,-14.787821
455,-14.570588,-14.567349,-14.783830
456,-14.570578,-14.568112,-14.781169
457,-14.572498,-14.568131,-14.778686
458,-14.572044,-14.567458,-14.774376
459,-14.569732,-14.569875,-14.774453
460,-14.566146,-14.570086,-14.774749
461,-14.563135,-14.567553,-14.771485
462,-14.562560,-14.563233,-14.768034
463,-14.563233,-14.559809,-14.766328
464,-14.563161,-14.555616,-14.763070
465,-14.562582,-14.550605,-14.760268
466,-14.560289,-14.546386,-14.759548
467,-14.558964,-14.545109,-14.757968
468,-14.558661,-14.544112,-14.757940
469,-14.555362,-14.543467,-14.756039
470,-14.553085,-14.543532,-14.755395
471,-14.551390,-14.542341,-14.753502
472,-14.548723,-14.539185,-14.751596
473,-14.546922,-14.538056,-14.752732
474,-14.546098,-14.536836,-14.753146
475,-14.545947,-14.538347,-14.751399
476,-14.545532,-14.538521,-14.751277
477,-14.543644,-14.537646,-14.750485
478,-14.541994,-14.535089,-14.748598
479,-14.541536,-14.536180,-14.746158
480,-14.541923,-14.535066,-14.746078
481,-14.541051,-14.532119,-14.743631
482,-14.539777,-14.526595,-14.742311
483,-14.538794,-14.524207,-14.739135
484,-14.538244,-14.523242,-14.735497
485,-14.538557,-14.522013,-14.732882
486,-14.536899,-14.518680,-14.733114
487,-14.536072,-14.516839,-14.731708
488,-14.536604,-14.515608,-14.727633
489,-14.538939,-14.518703,-14.726231
490,-14.538053,-14.519058,-14.724297
491,-14.538764,-14.519331,-14.721355
492,-14.539553,-14.516563,-14.717914
493,-14.536228,-14.514591,-14.714189
494,-14.533465,-14.512703,-14.713590
495,-14.530726,-14.512691,-14.709704
496,-14.527192,-14.511378,-14.710742
497,-14.525770,-14.510446,-14.711393
498,-14.527520,-14.506801,-14.709595
499,-14.526601,-14.504437,-14.708762
500,-14.528792,-14.500714,-14.706228
501,-14.531762,-14.499020,-14.707263
502,-14.532555,-14.499538,-14.704849
503,-14.530805,-14.498741,-14.701781
504,-14.528967,-14.502689,-14.696563
505,-14.530153,-14.502826,-14.692151
506,-14.529409,-14.501200,-14.688366
507,-14.528077,-14.500914,-14.685188
508,-14.523231,-14.497951,-14.687218
509,-14.519677,-14.492015,-14.688098
510,-14.515828,-14.489369,-14.685975
511,-14.512958,-14.483026,-14.681367
512,-14.511789,-14.481826,-14.677056
513,-14.509713,-14.479492,-14.674148
514,-14.505044,-14.476976,-14.671975
515,-14.502286,-14.476526,-14.670097
516,-14.502213,-14.476383,-14.668632
517,-14.501798,-14.476419,-14.668788
518,-14.501599,-14.475699,-14.669683
519,-14.501104,-14.474416,-14.666628
520,-14.501244,-14.472971,-14.665931
521,-14.498508,-14.469586,-14.663281
522,-14.499000,-14.468775,-14.664765
523,-14.499034,-14.469691,-14.665566
524,-14.497827,-14.468861,-14.666280
525,-14.501924,-14.469330,-14.665225
526,-14.504532,-14.469127,-14.664175
527,-14.501671,-14.467774,-14.663290
528,-14.498936,-14.467687,-14.661074
529,-14.492885,-14.467848,-14.662725
530,-14.488646,-14.468595,-14.663090
531,-14.484813,-14.468658,-14.662033
532,-14.482771,-14.468003,-14.658774
533,-14.479928,-14.466678,-14.655056
534,-14.477533,-14.464138,-14.651003
535,-14.476837,-14.463236,-14.647951
536,-14.473994,-14.460504,-14.643976
537,-14.470870,-14.459120,-14.640872
538,-14.468551,-14.460981,-14.641954
539,-14.466474,-14.459044,-14.641438
540,-14.464606,-14.455837,-14.639735
541,-14.464459,-14.455847,-14.639175
542,-14.464610,-14.454523,-14.635534
543,-14.466706,-14.453724,-14.633307
544,-14.467000,-14.453215,-14.633812
545,-14.465257,-14.453190,-14.633617
546,-14.466191,-14.454622,-14.633497
547,-14.464271,-14.453843,-14.635385
548,-14.461302,-14.451223,-14.634160
549,-14.459413,-14.450863,-14.634036
550,-14.458696,-14.450826,-14.630870
551,-14.456354,-14.448513,-14.628930
552,-14.457378,-14.445550,-14.628732
553,-14.458499,-14.443955,-14.625952
554,-14.459324,-14.441509,-14.622483
555,-14.459036,-14.441224,-14.621309
556,-14.460326,-14.439170,-14.621303
557,-14.463148,-14.438485,-14.618591
558,-14.462872,-14.437098,-14.618375
559,-14.460018,-14.434213,-14.617612
560,-14.457458,-14.433905,-14.617004
561,-14.455044,-14.434436,-14.617247
562,-14.451122,-14.434749,-14.614459
563,-14.450526,-14.434824,-14.611225
564,-14.450709,-14.435731,-14.609653
565,-14.449390,-14.435325,-14.609649
566,-14.451198,-14.434050,-14.608255
567,-14.450796,-14.435194,-14.604954
568,-14.449443,-14.435448,-14.603086
569,-14.448717,-14.437460,-14.601652
570,-14.447747,-14.438765,-14.603111
571,-14.447870,-14.440784,-14.603026
572,-14.448197,-14.440654,-14.601745
573,-14.447692,-14.438962,-14.600442
574,-14.448050,-14.435861,-14.601625
575,-14.448847,-14.432924,-14.600896
576,-14.450488,-14.430531,-14.599032
577,-14.449382,-14.430052,-14.599175
578,-14.447947,-14.430105,-14.598701
579,-14.447301,-14.429124,-14.594090
580,-14.447406,-14.429558,-14.591882
581,-14.447079,-14.428931,-14.589455
582,-14.446358,-14.429434,-14.589786
583,-14.445060,-14.427852,-14.589470
584,-14.443589,-14.428558,-14.589953
585,-14.444167,-14.429533,-14.589641
586,-14.442886,-14.430261,-14.590464
587,-14.440484,-14.429840,-14.594007
588,-14.439709,-14.431538,-14.594247
589,-14.439201,-14.430606,-14.593692
590,-14.442981,-14.428061,-14.594892
591,-14.446938,-14.422808,-14.593856
592,-14.445727,-14.423616,-14.594522
593,-14.441784,-14.427269,-14.594144
594,-14.439537,-14.429648,-14.589625
595,-14.437406,-14.430140,-14.586292
596,-14.434612,-14.429210,-14.581832
597,-14.433599,-14.428442,-14.582987
598,-14.432188,-14.429782,-14.583397
599,-14.431721,-14.428318,-14.584560
600,-14.431816,-14.428495,-14.585980
601,-14.430160,-14.428118,-14.585660
602,-14.429614,-14.428489,-14.579440
603,-14.427886,-14.430921,-14.578732
604,-14.426024,-14.432665,-14.575331
605,-14.424097,-14.429941,-14.570607
606,-14.423662,-14.426177,-14.568316
607,-14.423338,-14.421046,-14.567785
608,-14.426004,-14.417832,-14.568825
609,-14.425610,-14.416552,-14.570562
610,-14.425903,-14.416546,-14.572026
611,-14.425732,-14.415470,-14.570802
612,-14.425419,-14.412215,-14.570913
613,-14.425067,-14.409718,-14.569297
614,-14.421005,-14.408652,-14.569392
615,-14.419224,-14.405801,-14.570846
616,-14.416189,-14.402151,-14.571511
617,-14.415739,-14.399554,-14.567560
618,-14.413379,-14.400671,-14.566260
619,-14.412520,-14.400681,-14.563355
620,-14.410247,-14.398120,-14.560454
621,-14.407312,-14.396955,-14.557005
622,-14.407680,-14.398026,-14.554019
623,-14.407116,-14.400447,-14.552719
624,-14.403595,-14.401958,-14.552818
625,-14.401711,-14.401104,-14.555997
626,-14.401722,-14.398762,-14.558341
627,-14.401309,-14.395700,-14.558114
628,-14.399379,-14.395270,-14.555015
629,-14.397364,-14.394750,-14.551511
630,-14.395125,-14.394228,-14.550096
631,-14.394474,-14.394723,-14.546401
632,-14.394844,-14.394193,-14.547361
633,-14.393396,-14.394918,-14.549523
634,-14.391008,-14.393532,-14.547670
635,-14.388982,-14.389084,-14.545398
636,-14.387681,-14.386468,-14.542181
637,-14.386218,-14.383282,-14.543241
638,-14.382789,-14.380623,-14.544472
639,-14.381429,-14.383085,-14.542985
640,-14.380178,-14.384723,-14.541458
641,-14.379086,-14.383562,-14.541892
642,-14.377811,-14.380234,-14.541802
643,-14.378443,-14.379171,-14.540368
644,-14.379355,-14.377961,-14.542060
645,-14.379666,-14.375567,-14.543196
646,-14.378388,-14.374210,-14.545991
647,-14.375498,-14.374638,-14.545981
648,-14.374300,-14.377548,-14.545964
649,-14.374065,-14.380672,-14.546826
650,-14.375137,-14.384113,-14.542621
651,-14.376545,-14.383836,-14.537457
652,-14.378390,-14.385959,-14.534272
653,-14.378033,-14.388787,-14.532791
654,-14.375137,-14.388573,-14.531908
655,-14.374713,-14.385907,-14.530019
656,-14.376599,-14.379954,-14.531223
657,-14.377034,-14.378526,-14.533264
658,-14.377495,-14.378468,-14.531712
659,-14.378841,-14.377045,-14.530658
660,-14.378190,-14.373007,-14.529320
661,-14.379328,-14.368150,-14.529352
662,-14.379442,-14.366849,-14.526947
663,-14.378574,-14.367510,-14.528693
664,-14.375037,-14.368623,-14.531250
665,-14.375581,-14.370266,-14.527900
666,-14.375926,-14.370885,-14.526403
667,-14.376224,-14.372074,-14.523938
668,-14.374967,-14.370499,-14.522931
669,-14.375786,-14.368287,-14.527123
670,-14.376303,-14.369725,-14.527738
671,-14.377070,-14.366856,-14.529026
672,-14.377874,-14.364879,-14.527796
673,-14.378580,-14.365686,-14.529870
674,-14.377847,-14.366637,-14.532704
675,-14.375006,-14.367710,-14.528768
676,-14.374200,-14.368887,-14.529844
677,-14.375253,-14.366455,-14.529371
678,-14.375042,-14.363477,-14.525914
679,-14.375577,-14.361431,-14.524752
680,-14.375696,-14.360408,-14.524948
681,-14.372857,-14.360555,-14.521432
682,-14.372097,-14.358905,-14.523202
683,-14.369986,-14.359215,-14.525293
684,-14.368762,-14.357113,-14.523863
685,-14.367050,-14.356256,-14.519730
686,-14.366374,-14.357209,-14.513592
687,-14.366465,-14.355868,-14.509447
688,-14.364338,-14.355316,-14.505214
689,-14.362782,-14.350990,-14.502243
690,-14.361276,-14.348129,-14.498807
691,-14.359766,-14.346921,-14.496693
692,-14.359741,-14.344936,-14.496782
693,-14.361015,-14.341985,-14.496339
694,-14.363258,-14.340967,-14.497532
695,-14.362305,-14.339364,-14.498056
696,-14.361159,-14.337335,-14.495743
697,-14.360289,-14.338427,-14.495121
698,-14.359376,-14.338067,-14.493410
699,-14.359375,-14.338440,-14.493066
700,-14.360091,-14.340065,-14.493749
701,-14.360133,-14.341524,-14.492875
702,-14.359768,-14.343606,-14.494795
703,-14.357395,-14.344848,-14.495860
704,-14.355917,-14.343910,-14.493836
705,-14.355389,-14.346598,-14.495500
706,-14.353548,-14.349670,-14.497014
707,-14.354578,-14.347968,-14.494441
708,-14.355495,-14.346482,-14.494653
709,-14.356566,-14.344111,-14.493924
710,-14.357516,-14.343539,-14.493573
711,-14.357910,-14.346130,-14.490434
712,-14.356809,-14.347325,-14.488823
713,-14.356236,-14.350428,-14.487049
714,-14.351260,-14.349230,-14.486371
715,-14.347634,-14.346941,-14.489133
716,-14.346780,-14.345118,-14.489650
717,-14.347214,-14.344722,-14.492038
718,-14.346492,-14.345912,-14.492044
719,-14.344152,-14.343993,-14.489679
720,-14.339816,-14.344969,-14.489230
721,-14.336502,-14.346177,-14.488340
722,-14.334558,-14.345094,-14.490133
723,-14.334233,-14.345000,-14.490474
724,-14.334285,-14.342115,-14.490032
725,-14.333740,-14.341750,-14.486510
726,-14.334525,-14.342866,-14.481840
727,-14.336031,-14.340061,-14.481433
728,-14.336851,-14.336542,-14.480194
729,-14.334921,-14.335538,-14.480130
730,-14.335094,-14.335211,-14.480709
731,-14.335703,-14.338538,-14.482136
732,-14.335629,-14.343093,-14.478594
733,-14.336372,-14.344978,-14.478396
734,-14.336722,-14.346466,-14.477197
735,-14.338303,-14.345352,-14.475874
736,-14.338990,-14.345265,-14.473067
737,-14.336517,-14.345467,-14.473426
738,-14.335118,-14.343487,-14.473131
739,-14.335504,-14.342095,-14.473816
740,-14.333592,-14.347810,-14.474609
741,-14.332904,-14.347047,-14.475369
742,-14.331783,-14.345454,-14.473102
743,-14.331939,-14.345178,-14.470325
744,-14.333305,-14.345502,-14.470615
745,-14.332873,-14.343220,-14.473400
746,-14.333648,-14.341069,-14.473602
747,-14.333391,-14.338186,-14.463895
748,-14.331513,-14.336751,-14.456923
749,-14.331440,-14.334775,-14.453882
750,-14.329330,-14.330973,-14.450863
751,-14.327697,-14.328580,-14.449481
752,-14.326314,-14.328474,-14.450800
753,-14.325088,-14.327073,-14.449694
754,-14.322789,-14.325625,-14.452650
755,-14.321934,-14.324399,-14.455574
756,-14.321419,-14.322221,-14.455324
757,-14.320057,-14.324303,-14.454918
758,-14.319527,-14.324523,-14.456140
759,-14.319780,-14.324897,-14.457396
760,-14.320546,-14.325607,-14.455719
761,-14.320558,-14.324193,-14.456056
762,-14.319813,-14.324939,-14.455798
763,-14.319768,-14.323051,-14.454297
764,-14.320228,-14.318545,-14.453852
765,-14.319140,-14.315429,-14.454151
766,-14.318090,-14.317694,-14.454607
767,-14.315760,-14.316051,-14.456970
768,-14.314637,-14.315582,-14.457575
769,-14.315448,-14.316333,-14.460175
770,-14.314675,-14.318813,-14.458740
771,-14.314348,-14.318776,-14.456376
772,-14.313463,-14.317723,-14.452247
773,-14.313145,-14.315908,-14.449931
774,-14.310582,-14.315272,-14.446656
775,-14.309099,-14.314629,-14.443361
776,-14.307213,-14.314172,-14.440266
777,-14.305746,-14.313250,-14.435081
778,-14.304824,-14.311386,-14.433761
779,-14.304429,-14.308250,-14.435361
780,-14.306334,-14.307641,-14.437302
781,-14.306286,-14.308225,-14.439111
782,-14.305909,-14.305246,-14.437466
783,-14.306197,-14.300316,-14.438816
784,-14.309827,-14.298532,-14.440601
785,-14.311350,-14.300797,-14.442057
786,-14.310588,-14.300378,-14.443969
787,-14.310110,-14.299292,-14.444200
788,-14.307363,-14.299195,-14.444504
789,-14.305895,-14.298373,-14.448631
790,-14.305608,-14.298842,-14.447974
791,-14.306283,-14.298515,-14.445232
792,-14.306820,-14.297233,-14.440800
793,-14.307346,-14.292283,-14.432699
794,-14.308353,-14.289212,-14.427444
795,-14.308815,-14.289164,-14.424992
796,-14.310008,-14.290650,-14.421759
797,-14.310214,-14.291585,-14.418933
798,-14.307669,-14.292901,-14.416665
799,-14.304687,-14.292360,-14.416055
800,-14.303540,-14.293836,-14.417859
801,-14.301239,-14.293642,-14.420028
802,-14.299949,-14.292738,-14.418447
803,-14.300130,-14.294266,-14.415599
804,-14.301132,-14.294634,-14.415218
805,-14.300966,-14.294197,-14.415377
806,-14.301078,-14.294898,-14.414066
807,-14.301600,-14.294825,-14.413489
808,-14.299596,-14.299465,-14.413695
809,-14.297412,-14.301852,-14.416223
810,-14.296688,-14.301229,-14.417712
811,-14.297853,-14.299210,-14.418027
812,-14.298047,-14.296086,-14.414838
813,-14.297533,-14.295874,-14.415469
814,-14.296854,-14.298122,-14.415386
815,-14.296531,-14.300200,-14.414348
816,-14.296911,-14.298551,-14.412890
817,-14.296931,-14.298546,-14.412298
818,-14.295808,-14.298007,-14.409428
819,-14.293227,-14.293995,-14.410887
820,-14.292773,-14.291237,-14.408683
821,-14.293552,-14.288032,-14.405340
822,-14.294567,-14.284791,-14.403392
823,-14.294787,-14.284202,-14.402056
824,-14.294614,-14.283236,-14.401382
825,-14.295920,-14.280355,-14.401788
826,-14.295235,-14.279216,-14.401350
827,-14.293488,-14.277895,-14.399382
828,-14.291975,-14.277684,-14.399650
829,-14.289960,-14.275944,-14.399965
830,-14.288865,-14.275414,-14.399674
831,-14.288304,-14.273607,-14.397400
832,-14.288263,-14.272535,-14.394377
833,-14.288266,-14.273460,-14.393797
834,-14.288036,-14.274711,-14.393269
835,-14.287129,-14.272976,-14.391949
836,-14.286828,-14.271689,-14.393957
837,-14.286698,-14.273724,-14.395417
838,-14.285371,-14.272641,-14.399487
839,-14.283072,-14.272952,-14.403734
840,-14.282060,-14.272792,-14.403440
841,-14.281879,-14.274907,-14.408935
842,-14.281266,-14.276156,-14.412750
843,-14.280923,-14.276616,-14.414146
844,-14.282372,-14.276666,-14.413811
845,-14.281953,-14.279517,-14.410707
846,-14.280466,-14.279968,-14.411515
847,-14.280298,-14.278379,-14.413378
848,-14.280748,-14.281249,-14.414905
849,-14.281306,-14.286893,-14.415944
850,-14.284373,-14.285668,-14.413744
851,-14.283836,-14.284701,-14.414977
852,-14.282015,-14.284686,-14.414592
853,-14.279256,-14.280451,-14.413333
854,-14.280087,-14.279754,-14.414733
855,-14.281141,-14.281146,-14.411458
856,-14.281368,-14.280362,-14.410109
857,-14.279209,-14.280077,-14.411725
858,-14.277636,-14.277993,-14.411208
859,-14.276120,-14.278692,-14.410615
860,-14.277028,-14.281740,-14.411345
861,-14.277798,-14.284210,-14.407122
862,-14.278386,-14.284637,-14.403817
863,-14.280419,-14.281411,-14.402411
864,-14.283607,-14.276240,-14.401513
865,-14.284639,-14.273327,-14.399066
866,-14.284292,-14.273306,-14.394500
867,-14.283492,-14.272805,-14.397376
868,-14.281234,-14.272372,-14.397886
869,-14.280729,-14.268785,-14.397768
870,-14.274494,-14.267957,-14.396629
871,-14.273688,-14.267935,-14.394769
872,-14.272217,-14.269420,-14.390282
873,-14.274696,-14.272411,-14.386358
874,-14.276317,-14.272749,-14.385825
875,-14.280008,-14.271883,-14.386331
876,-14.280230,-14.270136,-14.386822
877,-14.279780,-14.273221,-14.385573
878,-14.277043,-14.276644,-14.386504
879,-14.275716,-14.277854,-14.387695
880,-14.276029,-14.274369,-14.387921
881,-14.275625,-14.269996,-14.388065
882,-14.276366,-14.270928,-14.390713
883,-14.276288,-14.271858,-14.389650
884,-14.273567,-14.273494,-14.386941
885,-14.273909,-14.271378,-14.385940
886,-14.274936,-14.267840,-14.386142
887,-14.275749,-14.263790,-14.385356
888,-14.276917,-14.263774,-14.386519
889,-14.277796,-14.263853,-14.386959
890,-14.276380,-14.263712,-14.382913
891,-14.272520,-14.262938,-14.383660
892,-14.271272,-14.263125,-14.386691
893,-14.268107,-14.263280,-14.387525
894,-14.264375,-14.261209,-14.388503
895,-14.262504,-14.261537,-14.388730
896,-14.261479,-14.257125,-14.391521
897,-14.260112,-14.256027,-14.390210
898,-14.258419,-14.256595,-14.386682
899,-14.258090,-14.260270,-14.383820
900,-14.257192,-14.260178,-14.383720
901,-14.258595,-14.257742,-14.383201
902,-14.258148,-14.259672,-14.382017
903,-14.257429,-14.257853,-14.382613
904,-14.257025,-14.257230,-14.383703
905,-14.258526,-14.257044,-14.388148
906,-14.260020,-14.257458,-14.387956
907,-14.260822,-14.259874,-14.384902
908,-14.260598,-14.261748,-14.380742
909,-14.262061,-14.261882,-14.375342
910,-14.263010,-14.259790,-14.370988
911,-14.262456,-14.258135,-14.371532
912,-14.262857,-14.256900,-14.372949
913,-14.262266,-14.255736,-14.375334
914,-14.261478,-14.254630,-14.376276
915,-14.259170,-14.253617,-14.374390
916,-14.259094,-14.252432,-14.372109
917,-14.260748,-14.253921,-14.371817
918,-14.259472,-14.256126,-14.369769
919,-14.260642,-14.255662,-14.367839
920,-14.261277,-14.255349,-14.368918
921,-14.260021,-14.254480,-14.371757
922,-14.258222,-14.253495,-14.370193
923,-14.258211,-14.254413,-14.372328
924,-14.258991,-14.255890,-14.372860
925,-14.257862,-14.256586,-14.372551
926,-14.256675,-14.254838,-14.373994
927,-14.255836,-14.251053,-14.375047
928,-14.257381,-14.253762,-14.374817
929,-14.257491,-14.251884,-14.373195
930,-14.256576,-14.254101,-14.370298
931,-14.254848,-14.257504,-14.367742
932,-14.253532,-14.260041,-14.367686
933,-14.255062,-14.261446,-14.369889
934,-14.257438,-14.263866,-14.373729
935,-14.259042,-14.263377,-14.372665
936,-14.260243,-14.264019,-14.370074
937,-14.261159,-14.261317,-14.369258
938,-14.260375,-14.259881,-14.367251
939,-14.258736,-14.257803,-14.368581
940,-14.256960,-14.255059,-14.365602
941,-14.256565,-14.252327,-14.362755
942,-14.255997,-14.254108,-14.361802
943,-14.256460,-14.253472,-14.361011
944,-14.255996,-14.253578,-14.360298
945,-14.255880,-14.254731,-14.361570
946,-14.254837,-14.253107,-14.363798
947,-14.253955,-14.252475,-14.365790
948,-14.250989,-14.251093,-14.363202
949,-14.248577,-14.248854,-14.360140
950,-14.248766,-14.245972,-14.358806
951,-14.249316,-14.246762,-14.358579
952,-14.249242,-14.247537,-14.358710
953,-14.249340,-14.244932,-14.356290
954,-14.251312,-14.241626,-14.353689
955,-14.254487,-14.240557,-14.350769
956,-14.254254,-14.239718,-14.354989
957,-14.253588,-14.239497,-14.359013
958,-14.251974,-14.240574,-14.359670
959,-14.249810,-14.239132,-14.358844
960,-14.249261,-14.237177,-14.358703
961,-14.247117,-14.238237,-14.356595
962,-14.244734,-14.236923,-14.356123
963,-14.242609,-14.235164,-14.358194
964,-14.239749,-14.235561,-14.358885
965,-14.239969,-14.237315,-14.359520
966,-14.238345,-14.242929,-14.359417
967,-14.237094,-14.249483,-14.357774
968,-14.237067,-14.254306,-14.358856
969,-14.238007,-14.256313,-14.361236
970,-14.238040,-14.253078,-14.360704
971,-14.238283,-14.253698,-14.360542
972,-14.237753,-14.253008,-14.358163
973,-14.236503,-14.252688,-14.358882
974,-14.234365,-14.251059,-14.360541
975,-14.234593,-14.249578,-14.359180
976,-14.232333,-14.249826,-14.358511
977,-14.231463,-14.250526,-14.354597
978,-14.232811,-14.250404,-14.353291
979,-14.232759,-14.249920,-14.356629
980,-14.232084,-14.248313,-14.360980
981,-14.231824,-14.244283,-14.360174
982,-14.232104,-14.241525,-14.358334
983,-14.234012,-14.240069,-14.358444
984,-14.234680,-14.237751,-14.358112
985,-14.236320,-14.236058,-14.360446
986,-14.237986,-14.237118,-14.358485
987,-14.238001,-14.236226,-14.353577
988,-14.237160,-14.236700,-14.349118
989,-14.236900,-14.236731,-14.345808
990,-14.235771,-14.237540,-14.346230
991,-14.234981,-14.239101,-14.348986
992,-14.234436,-14.243395,-14.349099
993,-14.233210,-14.243919,-14.351140
994,-14.233547,-14.242809,-14.353968
995,-14.235263,-14.240264,-14.354455
996,-14.235965,-14.239024,-14.352244
997,-14.235773,-14.238088,-14.353299
998,-14.235210,-14.240372,-14.356008
999,-14.235722,-14.242634,-14.358103
1000,-14.235619,-14.241845,-14.361581
