Epoch,chi_Mean_0.2775,chi_Mean_1.11,chi_Mean_4.44
1,-45.032951,-39.739062,-59.686153
2,-33.916761,-30.712017,-51.403037
3,-27.696461,-25.659625,-45.308132
4,-24.195956,-22.813625,-40.730401
5,-22.077316,-21.132333,-37.196917
6,-20.721571,-20.078367,-34.341057
7,-19.810029,-19.371464,-32.058691
8,-19.167554,-18.866971,-30.239861
9,-18.680928,-18.476690,-28.795111
10,-18.297734,-18.170101,-27.646545
11,-17.986753,-17.914621,-26.779953
12,-17.715883,-17.707727,-26.099401
13,-17.489772,-17.532171,-25.553099
14,-17.308063,-17.387373,-25.111413
15,-17.150675,-17.261822,-24.726584
16,-17.023022,-17.163067,-24.398699
17,-16.920972,-17.088141,-24.125387
18,-16.840468,-17.028802,-23.908776
19,-16.773390,-16.987340,-23.743748
20,-16.717841,-16.960122,-23.583699
21,-16.679536,-16.922117,-23.438676
22,-16.646754,-16.902735,-23.297275
23,-16.623456,-16.888647,-23.195749
24,-16.609817,-16.874102,-23.065597
25,-16.605061,-16.866838,-22.955239
26,-16.604060,-16.864479,-22.864535
27,-16.605276,-16.863963,-22.768146
28,-16.610057,-16.864339,-22.665211
29,-16.624315,-16.869311,-22.595515
30,-16.636824,-16.878725,-22.521819
31,-16.649828,-16.895313,-22.416991
32,-16.657652,-16.897755,-22.335937
33,-16.663139,-16.895250,-22.266862
34,-16.676115,-16.898683,-22.181480
35,-16.692210,-16.905119,-22.098177
36,-16.704469,-16.915626,-22.032021
37,-16.714992,-16.930906,-21.959103
38,-16.726688,-16.936104,-21.881470
39,-16.733039,-16.941305,-21.795554
40,-16.737442,-16.952214,-21.713819
41,-16.753154,-16.965795,-21.641196
42,-16.763265,-16.968895,-21.581253
43,-16.772143,-16.974294,-21.527904
44,-16.781209,-16.978142,-21.480829
45,-16.787670,-16.991260,-21.417556
46,-16.795918,-16.997242,-21.359173
47,-16.799153,-16.998341,-21.304739
48,-16.805008,-17.002245,-21.233824
49,-16.813821,-17.002970,-21.169318
50,-16.820256,-17.007742,-21.121700
51,-16.824291,-17.007693,-21.064446
52,-16.828816,-17.018108,-21.006288
53,-16.829678,-17.014110,-20.964920
54,-16.826207,-17.023343,-20.921719
55,-16.830491,-17.019737,-20.879029
56,-16.831774,-17.021908,-20.823714
57,-16.837958,-17.016354,-20.770611
58,-16.836158,-17.019306,-20.729748
59,-16.834193,-17.021794,-20.691053
60,-16.838110,-17.020421,-20.657170
61,-16.836553,-17.020722,-20.622551
62,-16.839626,-17.018035,-20.577987
63,-16.839825,-17.016589,-20.525719
64,-16.846744,-17.014315,-20.483931
65,-16.849727,-17.012075,-20.447650
66,-16.848183,-17.007275,-20.422147
67,-16.845126,-17.004577,-20.388073
68,-16.845466,-17.004402,-20.349667
69,-16.840349,-17.004716,-20.312235
70,-16.851634,-17.003307,-20.268944
71,-16.850673,-16.998551,-20.225989
72,-16.842791,-16.998339,-20.190008
73,-16.835436,-16.997162,-20.159636
74,-16.839397,-16.994705,-20.124083
75,-16.847999,-16.994004,-20.089089
76,-16.848929,-16.992635,-20.071340
77,-16.843738,-16.994315,-20.038352
78,-16.846895,-16.997716,-19.988952
79,-16.839741,-16.993174,-19.944434
80,-16.843606,-16.997262,-19.905040
81,-16.835228,-16.994419,-19.881339
82,-16.828553,-16.984170,-19.853666
83,-16.834127,-16.977259,-19.820042
84,-16.827539,-16.962833,-19.788572
85,-16.826516,-16.970356,-19.754010
86,-16.831944,-16.959098,-19.742332
87,-16.822698,-16.956137,-19.700374
88,-16.816820,-16.954557,-19.675114
89,-16.812879,-16.942764,-19.656297
90,-16.807599,-16.940369,-19.624795
91,-16.805818,-16.936771,-19.600658
92,-16.811839,-16.945088,-19.570356
93,-16.804797,-16.946533,-19.551802
94,-16.808647,-16.939090,-19.526788
95,-16.808191,-16.939914,-19.494444
96,-16.807145,-16.934270,-19.458330
97,-16.800470,-16.935808,-19.424274
98,-16.804073,-16.939980,-19.393706
99,-16.793754,-16.926722,-19.374609
100,-16.798298,-16.930758,-19.349179
101,-16.791085,-16.932803,-19.328582
102,-16.793500,-16.939828,-19.293657
103,-16.792948,-16.943298,-19.273804
104,-16.792857,-16.928294,-19.248562
105,-16.782290,-16.924831,-19.224395
106,-16.783107,-16.920074,-19.190907
107,-16.779078,-16.925093,-19.166289
108,-16.782907,-16.928192,-19.159050
109,-16.787306,-16.927557,-19.146379
110,-16.788634,-16.913166,-19.124947
111,-16.787055,-16.913955,-19.105600
112,-16.787171,-16.908003,-19.093498
113,-16.789120,-16.914834,-19.063506
114,-16.787784,-16.907974,-19.044147
115,-16.784512,-16.913347,-19.025588
116,-16.782963,-16.913917,-19.001839
117,-16.773377,-16.900509,-18.982337
118,-16.769580,-16.890374,-18.974583
119,-16.769156,-16.899870,-18.955055
120,-16.764591,-16.895506,-18.945454
121,-16.765609,-16.892445,-18.918187
122,-16.761909,-16.885646,-18.887086
123,-16.754868,-16.884791,-18.853529
124,-16.747811,-16.875719,-18.836563
125,-16.753541,-16.875502,-18.823936
126,-16.745866,-16.881453,-18.809475
127,-16.740349,-16.871775,-18.786690
128,-16.739133,-16.873792,-18.770139
129,-16.732477,-16.873150,-18.760637
130,-16.734391,-16.882642,-18.752894
131,-16.734557,-16.881126,-18.729471
132,-16.731909,-16.880803,-18.725314
133,-16.732994,-16.882194,-18.709690
134,-16.734851,-16.875466,-18.679959
135,-16.733083,-16.867738,-18.665767
136,-16.726158,-16.862257,-18.652851
137,-16.729260,-16.860079,-18.635750
138,-16.723833,-16.864898,-18.620900
139,-16.723842,-16.855803,-18.607077
140,-16.726264,-16.857165,-18.601719
141,-16.725887,-16.853101,-18.593834
142,-16.724839,-16.862591,-18.571853
143,-16.717753,-16.856613,-18.556310
144,-16.723264,-16.849427,-18.552040
145,-16.724244,-16.844340,-18.534120
146,-16.718620,-16.841887,-18.526762
147,-16.710966,-16.846264,-18.514098
148,-16.713249,-16.846978,-18.502190
149,-16.709982,-16.842718,-18.490121
150,-16.715880,-16.837604,-18.473633
151,-16.716884,-16.835278,-18.467543
152,-16.717886,-16.835494,-18.450947
153,-16.711097,-16.835563,-18.448961
154,-16.706051,-16.833429,-18.433925
155,-16.709144,-16.820461,-18.418173
156,-16.704755,-16.814024,-18.409413
157,-16.710576,-16.813714,-18.393213
158,-16.715164,-16.817182,-18.382129
159,-16.715429,-16.818895,-18.361914
160,-16.712665,-16.819303,-18.359223
161,-16.708973,-16.824074,-18.351128
162,-16.710479,-16.825670,-18.341260
163,-16.708616,-16.818539,-18.335445
164,-16.704307,-16.819738,-18.315155
165,-16.700530,-16.820213,-18.297292
166,-16.696981,-16.818357,-18.296960
167,-16.699322,-16.812641,-18.285100
168,-16.688158,-16.807928,-18.281567
169,-16.681042,-16.810139,-18.266953
170,-16.697627,-16.809039,-18.258175
171,-16.698265,-16.810034,-18.242947
172,-16.692542,-16.804827,-18.226280
173,-16.692906,-16.801360,-18.218927
174,-16.682988,-16.795749,-18.204100
175,-16.686216,-16.791129,-18.194296
176,-16.689504,-16.794087,-18.190446
177,-16.688114,-16.790721,-18.176007
178,-16.683736,-16.794510,-18.162647
179,-16.678827,-16.793833,-18.157474
180,-16.677580,-16.790065,-18.151585
181,-16.675600,-16.782371,-18.151657
182,-16.670931,-16.784956,-18.142890
183,-16.669095,-16.781854,-18.138388
184,-16.669074,-16.774466,-18.122147
185,-16.655874,-16.782636,-18.118516
186,-16.658281,-16.785273,-18.115801
187,-16.663122,-16.791407,-18.108557
188,-16.663003,-16.785432,-18.088473
189,-16.665990,-16.777569,-18.086617
190,-16.656687,-16.777312,-18.076826
191,-16.660603,-16.786144,-18.082771
192,-16.665375,-16.778337,-18.081900
193,-16.668969,-16.777954,-18.067304
194,-16.666608,-16.776704,-18.053518
195,-16.661061,-16.772894,-18.051410
196,-16.666270,-16.779194,-18.034668
197,-16.661796,-16.781986,-18.032840
198,-16.666163,-16.772236,-18.026239
199,-16.657418,-16.766870,-18.014870
200,-16.665144,-16.764752,-18.017492
201,-16.660148,-16.771178,-18.011970
202,-16.659429,-16.768260,-17.998520
203,-16.658322,-16.771598,-17.990038
204,-16.653181,-16.770095,-17.980748
205,-16.646149,-16.769777,-17.973499
206,-16.642991,-16.771247,-17.975133
207,-16.635115,-16.767055,-17.961700
208,-16.643532,-16.767177,-17.953711
209,-16.642368,-16.767372,-17.948763
210,-16.642795,-16.771968,-17.942856
211,-16.637005,-16.771393,-17.936579
212,-16.633202,-16.773351,-17.925829
213,-16.633671,-16.777718,-17.918927
214,-16.643124,-16.780773,-17.910172
215,-16.645471,-16.770867,-17.909765
216,-16.642452,-16.772871,-17.907023
217,-16.654351,-16.773559,-17.899865
218,-16.662867,-16.767078,-17.887946
219,-16.661383,-16.771867,-17.882950
220,-16.656207,-16.771360,-17.871464
221,-16.647822,-16.754704,-17.858482
222,-16.647020,-16.759660,-17.857883
223,-16.644173,-16.762567,-17.858696
224,-16.647516,-16.763651,-17.856253
225,-16.642134,-16.760155,-17.852346
226,-16.647931,-16.760896,-17.847674
227,-16.639874,-16.758966,-17.841938
228,-16.639047,-16.752436,-17.830785
229,-16.646207,-16.750467,-17.828725
230,-16.644599,-16.749679,-17.824606
231,-16.647315,-16.744042,-17.817324
232,-16.644811,-16.742484,-17.806786
233,-16.639474,-16.736226,-17.809231
234,-16.642551,-16.749228,-17.800495
235,-16.640354,-16.744257,-17.785519
236,-16.640088,-16.742961,-17.783777
237,-16.639651,-16.739622,-17.781214
238,-16.634604,-16.742312,-17.777671
239,-16.637100,-16.735482,-17.773005
240,-16.636074,-16.738906,-17.771032
241,-16.633096,-16.734651,-17.766158
242,-16.638613,-16.730682,-17.768574
243,-16.627745,-16.730779,-17.757954
244,-16.626896,-16.726299,-17.755940
245,-16.625100,-16.722431,-17.744356
246,-16.629430,-16.722974,-17.741835
247,-16.630810,-16.724592,-17.735487
248,-16.631082,-16.732239,-17.723200
249,-16.630922,-16.734556,-17.723294
250,-16.636178,-16.730899,-17.704743
251,-16.636909,-16.727964,-17.701759
252,-16.633648,-16.727386,-17.693474
253,-16.630711,-16.728590,-17.702214
254,-16.637057,-16.738590,-17.701651
255,-16.639273,-16.722442,-17.692498
256,-16.636445,-16.730566,-17.687193
257,-16.637882,-16.727301,-17.689299
258,-16.637509,-16.721271,-17.684947
259,-16.642329,-16.724553,-17.684105
260,-16.636550,-16.727481,-17.677953
261,-16.637286,-16.737058,-17.670946
262,-16.635480,-16.743407,-17.662020
263,-16.638225,-16.744051,-17.665721
264,-16.630595,-16.740577,-17.663030
265,-16.639329,-16.735930,-17.662526
266,-16.640011,-16.734689,-17.654188
267,-16.644116,-16.727705,-17.643959
268,-16.641430,-16.733372,-17.638114
269,-16.632644,-16.728067,-17.629900
270,-16.631435,-16.723303,-17.632098
271,-16.627714,-16.718587,-17.629113
272,-16.630252,-16.718901,-17.622483
273,-16.631811,-16.711259,-17.619600
274,-16.632492,-16.717624,-17.618353
275,-16.625966,-16.710904,-17.610902
276,-16.623513,-16.711372,-17.598348
277,-16.622950,-16.710652,-17.599639
278,-16.632663,-16.707265,-17.591376
279,-16.633736,-16.707585,-17.590215
280,-16.637196,-16.706918,-17.580801
281,-16.630758,-16.707225,-17.577132
282,-16.621845,-16.698449,-17.572098
283,-16.620352,-16.699317,-17.571352
284,-16.618367,-16.704313,-17.571767
285,-16.614045,-16.706324,-17.560941
286,-16.605385,-16.712273,-17.549784
287,-16.601513,-16.716286,-17.541332
288,-16.605889,-16.723204,-17.546681
289,-16.612790,-16.717553,-17.545116
290,-16.629648,-16.710705,-17.537720
291,-16.628897,-16.718277,-17.529812
292,-16.629437,-16.716208,-17.524793
293,-16.623401,-16.719160,-17.530102
294,-16.624395,-16.713828,-17.518821
295,-16.617812,-16.704107,-17.520638
296,-16.618123,-16.700672,-17.505807
297,-16.620285,-16.701962,-17.510950
298,-16.620354,-16.698072,-17.506691
299,-16.613959,-16.702528,-17.506819
300,-16.613820,-16.701545,-17.499732
301,-16.612433,-16.693903,-17.501145
302,-16.608219,-16.698972,-17.508495
303,-16.615577,-16.706071,-17.507067
304,-16.622548,-16.696942,-17.504802
305,-16.623075,-16.699149,-17.502973
306,-16.621874,-16.700388,-17.488118
307,-16.615874,-16.691385,-17.492443
308,-16.615472,-16.691890,-17.482491
309,-16.623160,-16.684067,-17.478354
310,-16.622098,-16.682494,-17.483906
311,-16.621272,-16.677615,-17.490629
312,-16.625481,-16.677908,-17.492468
313,-16.626691,-16.684206,-17.474787
314,-16.621430,-16.675620,-17.469659
315,-16.615107,-16.679002,-17.468596
316,-16.616815,-16.680133,-17.468154
317,-16.621449,-16.682713,-17.457660
318,-16.607265,-16.683779,-17.439076
319,-16.609159,-16.684973,-17.445239
320,-16.610470,-16.687657,-17.445973
321,-16.610546,-16.687698,-17.433610
322,-16.608539,-16.678282,-17.432861
323,-16.607009,-16.676266,-17.429478
324,-16.600412,-16.679452,-17.425363
325,-16.598113,-16.677291,-17.418399
326,-16.594636,-16.682531,-17.413509
327,-16.594043,-16.677223,-17.412537
328,-16.594283,-16.673360,-17.404488
329,-16.597009,-16.673156,-17.390672
330,-16.592417,-16.681005,-17.396771
331,-16.596047,-16.688128,-17.401055
332,-16.593324,-16.690084,-17.397080
333,-16.596917,-16.693537,-17.390795
334,-16.599789,-16.696373,-17.394825
335,-16.605797,-16.695082,-17.402017
336,-16.602868,-16.695013,-17.396401
337,-16.598822,-16.690936,-17.396417
338,-16.604944,-16.701130,-17.392667
339,-16.604404,-16.693563,-17.393970
340,-16.603734,-16.691889,-17.383332
341,-16.611055,-16.695547,-17.375169
342,-16.606255,-16.685893,-17.373035
343,-16.606609,-16.679927,-17.380402
344,-16.606430,-16.680083,-17.370853
345,-16.611894,-16.679291,-17.370539
346,-16.612111,-16.674991,-17.364483
347,-16.608246,-16.672330,-17.363912
348,-16.609365,-16.675240,-17.360606
349,-16.606710,-16.677551,-17.353080
350,-16.604728,-16.680488,-17.355716
351,-16.599021,-16.680897,-17.357173
352,-16.598905,-16.682781,-17.359344
353,-16.593722,-16.681253,-17.355999
354,-16.595950,-16.684337,-17.343429
355,-16.597852,-16.672887,-17.343663
356,-16.600989,-16.674756,-17.336579
357,-16.596945,-16.677596,-17.340289
358,-16.598233,-16.674010,-17.335589
359,-16.594680,-16.667315,-17.329102
360,-16.594954,-16.666002,-17.331036
361,-16.593570,-16.670298,-17.331948
362,-16.593468,-16.663843,-17.336792
363,-16.587437,-16.656997,-17.321737
364,-16.595178,-16.661708,-17.321623
365,-16.590862,-16.654463,-17.321147
366,-16.591846,-16.652655,-17.317898
367,-16.591951,-16.654765,-17.315400
368,-16.587751,-16.660985,-17.313933
369,-16.589865,-16.653326,-17.318145
370,-16.584902,-16.651827,-17.310784
371,-16.593621,-16.663807,-17.313237
372,-16.593120,-16.669674,-17.310563
373,-16.589040,-16.668229,-17.309986
374,-16.594253,-16.664994,-17.313074
375,-16.603366,-16.660907,-17.307587
376,-16.596695,-16.665300,-17.305875
377,-16.594437,-16.663967,-17.296302
378,-16.598296,-16.665006,-17.289959
379,-16.590528,-16.666214,-17.282996
380,-16.581492,-16.658616,-17.289650
381,-16.582121,-16.651285,-17.287128
382,-16.581929,-16.652135,-17.292573
383,-16.585101,-16.651629,-17.284840
384,-16.594872,-16.650273,-17.282544
385,-16.590463,-16.643767,-17.285385
386,-16.579867,-16.638514,-17.288388
387,-16.572903,-16.641755,-17.286216
388,-16.573944,-16.641834,-17.281557
389,-16.571097,-16.642771,-17.281276
390,-16.569731,-16.641846,-17.280012
391,-16.575382,-16.649105,-17.278285
392,-16.571827,-16.648390,-17.265766
393,-16.573831,-16.642003,-17.263882
394,-16.574943,-16.650951,-17.264471
395,-16.572919,-16.646735,-17.261560
396,-16.573118,-16.649280,-17.255449
397,-16.580008,-16.651479,-17.241700
398,-16.577493,-16.656748,-17.247316
399,-16.573218,-16.660790,-17.238148
400,-16.575064,-16.666023,-17.242267
401,-16.574109,-16.657648,-17.241514
402,-16.576647,-16.652363,-17.238822
403,-16.580444,-16.654691,-17.231999
404,-16.578650,-16.646249,-17.234368
405,-16.581585,-16.648759,-17.242215
406,-16.573729,-16.651379,-17.241290
407,-16.569814,-16.647175,-17.231706
408,-16.567583,-16.641625,-17.226814
409,-16.570066,-16.640383,-17.227116
410,-16.565010,-16.643241,-17.228487
411,-16.572422,-16.642100,-17.222204
412,-16.571641,-16.634804,-17.226144
413,-16.578502,-16.632714,-17.207086
414,-16.571134,-16.631949,-17.211077
415,-16.563755,-16.641483,-17.204884
416,-16.575277,-16.637502,-17.206148
417,-16.567748,-16.641361,-17.201725
418,-16.574366,-16.642230,-17.197916
419,-16.579102,-16.644125,-17.199671
420,-16.579809,-16.644957,-17.195233
421,-16.572442,-16.642121,-17.189374
422,-16.564334,-16.638155,-17.176774
423,-16.563429,-16.637458,-17.181659
424,-16.557342,-16.638838,-17.191571
425,-16.561078,-16.635123,-17.191861
426,-16.562599,-16.635011,-17.184652
427,-16.566323,-16.626780,-17.188873
428,-16.561549,-16.626852,-17.181351
429,-16.573939,-16.623751,-17.181795
430,-16.575003,-16.622410,-17.185093
431,-16.573181,-16.628699,-17.185227
432,-16.571130,-16.633430,-17.181083
433,-16.568785,-16.629456,-17.185042
434,-16.569132,-16.625771,-17.177313
435,-16.567345,-16.623022,-17.181896
436,-16.568677,-16.637431,-17.183387
437,-16.575660,-16.640133,-17.178043
438,-16.573841,-16.645877,-17.174997
439,-16.572748,-16.636742,-17.179433
440,-16.581104,-16.635125,-17.173011
441,-16.576011,-16.631952,-17.174764
442,-16.567923,-16.629084,-17.171796
443,-16.566061,-16.629438,-17.167818
444,-16.557649,-16.624356,-17.162339
445,-16.561131,-16.628496,-17.174154
446,-16.559006,-16.628724,-17.173024
447,-16.555112,-16.627282,-17.170839
448,-16.553562,-16.628809,-17.164415
449,-16.555228,-16.618759,-17.165040
450,-16.560313,-16.630441,-17.166593
451,-16.559438,-16.631125,-17.160652
452,-16.557963,-16.624798,-17.153312
453,-16.561786,-16.624860,-17.153456
454,-16.555707,-16.617070,-17.149387
455,-16.550763,-16.620621,-17.146567
456,-16.548544,-16.620760,-17.152626
457,-16.546818,-16.617653,-17.148271
458,-16.550881,-16.607421,-17.149801
459,-16.558141,-16.604775,-17.144351
460,-16.560324,-16.607704,-17.148106
461,-16.559007,-16.614838,-17.134477
462,-16.547767,-16.615675,-17.127843
463,-16.546277,-16.623462,-17.124949
464,-16.550185,-16.623272,-17.117589
465,-16.543598,-16.623594,-17.110966
466,-16.552875,-16.618847,-17.109568
467,-16.548241,-16.626886,-17.117232
468,-16.543804,-16.617305,-17.127343
469,-16.543580,-16.619821,-17.120273
470,-16.542173,-16.620137,-17.125082
471,-16.546915,-16.615633,-17.133096
472,-16.549513,-16.617085,-17.131680
473,-16.546119,-16.615630,-17.136502
474,-16.542476,-16.617650,-17.134460
475,-16.546280,-16.615440,-17.136964
476,-16.540969,-16.619490,-17.127484
477,-16.540241,-16.623503,-17.123584
478,-16.551166,-16.613006,-17.127540
479,-16.541802,-16.611951,-17.126880
480,-16.539093,-16.612405,-17.131168
481,-16.541836,-16.602830,-17.127991
482,-16.540602,-16.608148,-17.126663
483,-16.537937,-16.607205,-17.124142
484,-16.538900,-16.603437,-17.115861
485,-16.531984,-16.592374,-17.105612
486,-16.539968,-16.593981,-17.101502
487,-16.537838,-16.598964,-17.100756
488,-16.539557,-16.596077,-17.095397
489,-16.539685,-16.602985,-17.089158
490,-16.544999,-16.609473,-17.092165
491,-16.551714,-16.605189,-17.090203
492,-16.549299,-16.600584,-17.088559
493,-16.539134,-16.603897,-17.094891
494,-16.540549,-16.603910,-17.089341
495,-16.539748,-16.606427,-17.083059
496,-16.541894,-16.609612,-17.081561
497,-16.542137,-16.606983,-17.078172
498,-16.539476,-16.606377,-17.086099
499,-16.540083,-16.602484,-17.083518
500,-16.553760,-16.598616,-17.075550
501,-16.552759,-16.606771,-17.078455
502,-16.552939,-16.600928,-17.079378
503,-16.553326,-16.604668,-17.082862
504,-16.552125,-16.609865,-17.080686
505,-16.552251,-16.604844,-17.079212
506,-16.552604,-16.606468,-17.077647
507,-16.546528,-16.604641,-17.074559
508,-16.544612,-16.598228,-17.065196
509,-16.541007,-16.602294,-17.059986
510,-16.544111,-16.608362,-17.051371
511,-16.544639,-16.611867,-17.048025
512,-16.545074,-16.608196,-17.054515
513,-16.544138,-16.607381,-17.059786
514,-16.540413,-16.612358,-17.064083
515,-16.546494,-16.612223,-17.065483
516,-16.544824,-16.618335,-17.064511
517,-16.546426,-16.612946,-17.059036
518,-16.547550,-16.609585,-17.065572
519,-16.541981,-16.616044,-17.065957
520,-16.544828,-16.618403,-17.064470
521,-16.544419,-16.613263,-17.058188
522,-16.549286,-16.605967,-17.066816
523,-16.545003,-16.604828,-17.053685
524,-16.546071,-16.602295,-17.053236
525,-16.548784,-16.599297,-17.043384
526,-16.561125,-16.599488,-17.035098
527,-16.566370,-16.597417,-17.024256
528,-16.555789,-16.600842,-17.022000
529,-16.557686,-16.596970,-17.022813
530,-16.563608,-16.590096,-17.016245
531,-16.559350,-16.591544,-17.021626
532,-16.554307,-16.593556,-17.025361
533,-16.555589,-16.594778,-17.021870
534,-16.550751,-16.592854,-17.015963
535,-16.551135,-16.590008,-17.015810
536,-16.549844,-16.591456,-17.025440
537,-16.551463,-16.591091,-17.021581
538,-16.547621,-16.600048,-17.018718
539,-16.542070,-16.595743,-17.026116
540,-16.542238,-16.599904,-17.033555
541,-16.538054,-16.593954,-17.031606
542,-16.543975,-16.602950,-17.031140
543,-16.547342,-16.609329,-17.033150
544,-16.536092,-16.606853,-17.023624
545,-16.523445,-16.600636,-17.016859
546,-16.533894,-16.595409,-17.022397
547,-16.543623,-16.596594,-17.017478
548,-16.543994,-16.595973,-17.019445
549,-16.541506,-16.597320,-17.020367
550,-16.539854,-16.592212,-17.026235
551,-16.540820,-16.601653,-17.035974
552,-16.544995,-16.595198,-17.036419
553,-16.542576,-16.588606,-17.034513
554,-16.541838,-16.584125,-17.033650
555,-16.540983,-16.586498,-17.035120
556,-16.537371,-16.591831,-17.025836
557,-16.526952,-16.586301,-17.027667
558,-16.523973,-16.589279,-17.030018
559,-16.516030,-16.591160,-17.028253
560,-16.517768,-16.590793,-17.023262
561,-16.520318,-16.594156,-17.015698
562,-16.520007,-16.593783,-17.013781
563,-16.517324,-16.593434,-17.009579
564,-16.515645,-16.593666,-17.017312
565,-16.524581,-16.587615,-17.015416
566,-16.526138,-16.584495,-17.009995
567,-16.534139,-16.587536,-17.013351
568,-16.525426,-16.584825,-17.003538
569,-16.531861,-16.589562,-17.004631
570,-16.534760,-16.595741,-17.001619
571,-16.526545,-16.589502,-17.003944
572,-16.526553,-16.586758,-17.007315
573,-16.532164,-16.587891,-17.002905
574,-16.527588,-16.585585,-16.989015
575,-16.526613,-16.580532,-16.982058
576,-16.524296,-16.578010,-16.985828
577,-16.526383,-16.578298,-16.983419
578,-16.524514,-16.577266,-16.981601
579,-16.524107,-16.578044,-16.989386
580,-16.523898,-16.571377,-16.979552
581,-16.522658,-16.574788,-16.979529
582,-16.528439,-16.570057,-16.983444
583,-16.534148,-16.570392,-16.983066
584,-16.536197,-16.578525,-16.988571
585,-16.536878,-16.573465,-16.986145
586,-16.536356,-16.573428,-16.986886
587,-16.542973,-16.573180,-16.987310
588,-16.537992,-16.573042,-16.979999
589,-16.543866,-16.571068,-16.979057
590,-16.542000,-16.566539,-16.985842
591,-16.542954,-16.579403,-16.992430
592,-16.547724,-16.577285,-16.986859
593,-16.541625,-16.575451,-16.979396
594,-16.532633,-16.577910,-16.983038
595,-16.532748,-16.569511,-16.969976
596,-16.530663,-16.574903,-16.974304
597,-16.534596,-16.577491,-16.971718
598,-16.525106,-16.569415,-16.969229
599,-16.518730,-16.563069,-16.965450
600,-16.513171,-16.560990,-16.965196
601,-16.524151,-16.560787,-16.970774
602,-16.521683,-16.564211,-16.967147
603,-16.525474,-16.566314,-16.965218
604,-16.526387,-16.571403,-16.969660
605,-16.531053,-16.577513,-16.972326
606,-16.531839,-16.577006,-16.967868
607,-16.524668,-16.579818,-16.975524
608,-16.519118,-16.577461,-16.972615
609,-16.520780,-16.569777,-16.970059
610,-16.518225,-16.574228,-16.962357
611,-16.516250,-16.566775,-16.959021
612,-16.517255,-16.564644,-16.956540
613,-16.521411,-16.566227,-16.952607
614,-16.522917,-16.561311,-16.942752
615,-16.522339,-16.563921,-16.948893
616,-16.521303,-16.561538,-16.952288
617,-16.519249,-16.559968,-16.951123
618,-16.514773,-16.560531,-16.953651
619,-16.518375,-16.561681,-16.963694
620,-16.519667,-16.562445,-16.949607
621,-16.525060,-16.562790,-16.947595
622,-16.521471,-16.570739,-16.954360
623,-16.516857,-16.567678,-16.952312
624,-16.518709,-16.567038,-16.939389
625,-16.514993,-16.565394,-16.942228
626,-16.520477,-16.559430,-16.936862
627,-16.519336,-16.561676,-16.938168
628,-16.524579,-16.566394,-16.943999
629,-16.522916,-16.565376,-16.942006
630,-16.519141,-16.569009,-16.937061
631,-16.527655,-16.567529,-16.935761
632,-16.535083,-16.562655,-16.933497
633,-16.532929,-16.561651,-16.932140
634,-16.532557,-16.556232,-16.928318
635,-16.531650,-16.561473,-16.934746
636,-16.532800,-16.564114,-16.931669
637,-16.536280,-16.553774,-16.922021
638,-16.537142,-16.557880,-16.916701
639,-16.531818,-16.555049,-16.916310
640,-16.520828,-16.560851,-16.920113
641,-16.520905,-16.557312,-16.916162
642,-16.519035,-16.562534,-16.911536
643,-16.523046,-16.570923,-16.917218
644,-16.522945,-16.568349,-16.919487
645,-16.524801,-16.568184,-16.923729
646,-16.527023,-16.570136,-16.911352
647,-16.530001,-16.568305,-16.904272
648,-16.523430,-16.570888,-16.913738
649,-16.528992,-16.574380,-16.914961
650,-16.528885,-16.576312,-16.907265
651,-16.522141,-16.575943,-16.906237
652,-16.521206,-16.568982,-16.913382
653,-16.524533,-16.574082,-16.914028
654,-16.511603,-16.572452,-16.915504
655,-16.514352,-16.569731,-16.917066
656,-16.514631,-16.575947,-16.911698
657,-16.518918,-16.569367,-16.908519
658,-16.528823,-16.570484,-16.909026
659,-16.520475,-16.574742,-16.917166
660,-16.510699,-16.572597,-16.914386
661,-16.511547,-16.568707,-16.919050
662,-16.511359,-16.567795,-16.917507
663,-16.516771,-16.563821,-16.916265
664,-16.522387,-16.574170,-16.901770
665,-16.526880,-16.564936,-16.909296
666,-16.521698,-16.559129,-16.901517
667,-16.517891,-16.557959,-16.909029
668,-16.512459,-16.559284,-16.905390
669,-16.513799,-16.568308,-16.905371
670,-16.521906,-16.567885,-16.892668
671,-16.525125,-16.561318,-16.889928
672,-16.522950,-16.560650,-16.891439
673,-16.513465,-16.560700,-16.893861
674,-16.513571,-16.568984,-16.893302
675,-16.505512,-16.567170,-16.890347
676,-16.507418,-16.571177,-16.880466
677,-16.498746,-16.571197,-16.878176
678,-16.497399,-16.564475,-16.883093
679,-16.490543,-16.564794,-16.874348
680,-16.492473,-16.563025,-16.874722
681,-16.493358,-16.560706,-16.883061
682,-16.492554,-16.556794,-16.888785
683,-16.496174,-16.557371,-16.881206
684,-16.492895,-16.558680,-16.884854
685,-16.493548,-16.564595,-16.888940
686,-16.495216,-16.567413,-16.887948
687,-16.495437,-16.569185,-16.877356
688,-16.503477,-16.565925,-16.885448
689,-16.500972,-16.567505,-16.886402
690,-16.500123,-16.563309,-16.889959
691,-16.500776,-16.563420,-16.880177
692,-16.511139,-16.545292,-16.875063
693,-16.515174,-16.547877,-16.880723
694,-16.513579,-16.551937,-16.879534
695,-16.504282,-16.547164,-16.878027
696,-16.500490,-16.547549,-16.877714
697,-16.500754,-16.550726,-16.873666
698,-16.505883,-16.555684,-16.869141
699,-16.505924,-16.559604,-16.865693
700,-16.504944,-16.558394,-16.864228
701,-16.504975,-16.560635,-16.866801
702,-16.499693,-16.564558,-16.864949
703,-16.498159,-16.562697,-16.873053
704,-16.500413,-16.558385,-16.873043
705,-16.502651,-16.544810,-16.869429
706,-16.506086,-16.543793,-16.872493
707,-16.519855,-16.535547,-16.870253
708,-16.510621,-16.531428,-16.864613
709,-16.510922,-16.525605,-16.868604
710,-16.504112,-16.524648,-16.872075
711,-16.500674,-16.533916,-16.860055
712,-16.501582,-16.524643,-16.855903
713,-16.504352,-16.529016,-16.852405
714,-16.513153,-16.530819,-16.858909
715,-16.509927,-16.523966,-16.854122
716,-16.503756,-16.524976,-16.862428
717,-16.515471,-16.517954,-16.858726
718,-16.511757,-16.514450,-16.860988
719,-16.515277,-16.517066,-16.869611
720,-16.516936,-16.519659,-16.865212
721,-16.521997,-16.522020,-16.864963
722,-16.518643,-16.528213,-16.854354
723,-16.522594,-16.536785,-16.855031
724,-16.524831,-16.534298,-16.850264
725,-16.518682,-16.531642,-16.849195
726,-16.513150,-16.534129,-16.854196
727,-16.516882,-16.538503,-16.847880
728,-16.517642,-16.539733,-16.847627
729,-16.513848,-16.538141,-16.848406
730,-16.513894,-16.535634,-16.846164
731,-16.522573,-16.535336,-16.846571
732,-16.520148,-16.540039,-16.843846
733,-16.521537,-16.538151,-16.837108
734,-16.525963,-16.536840,-16.839922
735,-16.526690,-16.530904,-16.826295
736,-16.528236,-16.529912,-16.828908
737,-16.521336,-16.530539,-16.838243
738,-16.514049,-16.536436,-16.840513
739,-16.508905,-16.535992,-16.843048
740,-16.520775,-16.537456,-16.847653
741,-16.511544,-16.538571,-16.851791
742,-16.509887,-16.535812,-16.851460
743,-16.516773,-16.539369,-16.846008
744,-16.515192,-16.539373,-16.848753
745,-16.517415,-16.543292,-16.853403
746,-16.510821,-16.540373,-16.855180
747,-16.509302,-16.550400,-16.852338
748,-16.502403,-16.548966,-16.851046
749,-16.501492,-16.545506,-16.851016
750,-16.496749,-16.544741,-16.842275
751,-16.501470,-16.548134,-16.839355
752,-16.499250,-16.543355,-16.837752
753,-16.490614,-16.540708,-16.841031
754,-16.487300,-16.554125,-16.835684
755,-16.495054,-16.552777,-16.840186
756,-16.496229,-16.542366,-16.838001
757,-16.494243,-16.543735,-16.843532
758,-16.493700,-16.538275,-16.839406
759,-16.498533,-16.535434,-16.833320
760,-16.504406,-16.537867,-16.841297
761,-16.501282,-16.537414,-16.843457
762,-16.496194,-16.536927,-16.843657
763,-16.498776,-16.534719,-16.840485
764,-16.498002,-16.531997,-16.843863
765,-16.498167,-16.531750,-16.849700
766,-16.493721,-16.530852,-16.846676
767,-16.487795,-16.523746,-16.843022
768,-16.491053,-16.528765,-16.831573
769,-16.493136,-16.524246,-16.831813
770,-16.495473,-16.525278,-16.835980
771,-16.499437,-16.528840,-16.831469
772,-16.500245,-16.531816,-16.837029
773,-16.492745,-16.528244,-16.837225
774,-16.495367,-16.533027,-16.827527
775,-16.496506,-16.531473,-16.825951
776,-16.500568,-16.528387,-16.825394
777,-16.494545,-16.534495,-16.821899
778,-16.494809,-16.539906,-16.822464
779,-16.499428,-16.537083,-16.832762
780,-16.496581,-16.528174,-16.835956
781,-16.501510,-16.518052,-16.836595
782,-16.489994,-16.512831,-16.839987
783,-16.498061,-16.510343,-16.841596
784,-16.495909,-16.514765,-16.836816
785,-16.490167,-16.515434,-16.836356
786,-16.497006,-16.524093,-16.838089
787,-16.493176,-16.522530,-16.834419
788,-16.489817,-16.524364,-16.832405
789,-16.489841,-16.525796,-16.829855
790,-16.487355,-16.528776,-16.828530
791,-16.486451,-16.536124,-16.824391
792,-16.482354,-16.528174,-16.826325
793,-16.491595,-16.524717,-16.819820
794,-16.489444,-16.522353,-16.812980
795,-16.500678,-16.522456,-16.818565
796,-16.506131,-16.520717,-16.816616
797,-16.502211,-16.527165,-16.823291
798,-16.501106,-16.519031,-16.819994
799,-16.498963,-16.516306,-16.824038
800,-16.491784,-16.522673,-16.818160
801,-16.490143,-16.521976,-16.817027
802,-16.482418,-16.528180,-16.816288
803,-16.480609,-16.521845,-16.815163
804,-16.480072,-16.519445,-16.818680
805,-16.483440,-16.521743,-16.814328
806,-16.484412,-16.519986,-16.801672
807,-16.480554,-16.518742,-16.795850
808,-16.479030,-16.508061,-16.803632
809,-16.478005,-16.512123,-16.803273
810,-16.479784,-16.507014,-16.804316
811,-16.480131,-16.506085,-16.803597
812,-16.483912,-16.513245,-16.804925
813,-16.480949,-16.513718,-16.804580
814,-16.485369,-16.508181,-16.797684
815,-16.483526,-16.511921,-16.802164
816,-16.486799,-16.514300,-16.798363
817,-16.484436,-16.516502,-16.797491
818,-16.494466,-16.516537,-16.796080
819,-16.493340,-16.512977,-16.793721
820,-16.488150,-16.516899,-16.800204
821,-16.484826,-16.517200,-16.808344
822,-16.494988,-16.518191,-16.806794
823,-16.496298,-16.523398,-16.805236
824,-16.491912,-16.521869,-16.810942
825,-16.494686,-16.523245,-16.796010
826,-16.488963,-16.515030,-16.793493
827,-16.496116,-16.509585,-16.800017
828,-16.502333,-16.504897,-16.798923
829,-16.496719,-16.500115,-16.798454
830,-16.499728,-16.506636,-16.793771
831,-16.493014,-16.504914,-16.799750
832,-16.492672,-16.498346,-16.806068
833,-16.494225,-16.497103,-16.806260
834,-16.496618,-16.497678,-16.802868
835,-16.490093,-16.491491,-16.800061
836,-16.487333,-16.495057,-16.805250
837,-16.484186,-16.494609,-16.797067
838,-16.483444,-16.501981,-16.801049
839,-16.488468,-16.508841,-16.796344
840,-16.494347,-16.505329,-16.791377
841,-16.496433,-16.512631,-16.786399
842,-16.499136,-16.519359,-16.788021
843,-16.496792,-16.513925,-16.783832
844,-16.498540,-16.516648,-16.782814
845,-16.492364,-16.513223,-16.780614
846,-16.489678,-16.514335,-16.783308
847,-16.494951,-16.513396,-16.784091
848,-16.494245,-16.513482,-16.787080
849,-16.488599,-16.510824,-16.784179
850,-16.489642,-16.504953,-16.782464
851,-16.488683,-16.500606,-16.784083
852,-16.490684,-16.497493,-16.787702
853,-16.487153,-16.500607,-16.797632
854,-16.492267,-16.499101,-16.805560
855,-16.490784,-16.495758,-16.801630
856,-16.487537,-16.497277,-16.799895
857,-16.487527,-16.497293,-16.799209
858,-16.479549,-16.502650,-16.789212
859,-16.475112,-16.496108,-16.792159
860,-16.473078,-16.497207,-16.792424
861,-16.482706,-16.498953,-16.784264
862,-16.485766,-16.505281,-16.779943
863,-16.488559,-16.512324,-16.784404
864,-16.480251,-16.507729,-16.779721
865,-16.482495,-16.502562,-16.776328
866,-16.479454,-16.490131,-16.778217
867,-16.479940,-16.496771,-16.776985
868,-16.479754,-16.498457,-16.778090
869,-16.485317,-16.494636,-16.787418
870,-16.486363,-16.490706,-16.782690
871,-16.486901,-16.492843,-16.777911
872,-16.493900,-16.494992,-16.784128
873,-16.490147,-16.496965,-16.786087
874,-16.482885,-16.495774,-16.782365
875,-16.482571,-16.499605,-16.787326
876,-16.480514,-16.503072,-16.790188
877,-16.486229,-16.502401,-16.791253
878,-16.475658,-16.501765,-16.785852
879,-16.481759,-16.501228,-16.788049
880,-16.480584,-16.500631,-16.782567
881,-16.471372,-16.493110,-16.787365
882,-16.471711,-16.489625,-16.789209
883,-16.481951,-16.493037,-16.795115
884,-16.483394,-16.489036,-16.795209
885,-16.488604,-16.489692,-16.797516
886,-16.484608,-16.484686,-16.792580
887,-16.487196,-16.494910,-16.787526
888,-16.489806,-16.494529,-16.781650
889,-16.489069,-16.486551,-16.779669
890,-16.477225,-16.481339,-16.784120
891,-16.480805,-16.483771,-16.788171
892,-16.481760,-16.495994,-16.787736
893,-16.479124,-16.501949,-16.791671
894,-16.482693,-16.497896,-16.788689
895,-16.478469,-16.506884,-16.783492
896,-16.474230,-16.505915,-16.781900
897,-16.467106,-16.503285,-16.786473
898,-16.466911,-16.505035,-16.786828
899,-16.468654,-16.506847,-16.786820
900,-16.465313,-16.505739,-16.783843
901,-16.474652,-16.505166,-16.780378
902,-16.470411,-16.505403,-16.771143
903,-16.471980,-16.509518,-16.766829
904,-16.472706,-16.505867,-16.771063
905,-16.476490,-16.504514,-16.773623
906,-16.476221,-16.502464,-16.769371
907,-16.482698,-16.502597,-16.763997
908,-16.473640,-16.505107,-16.768923
909,-16.469228,-16.506015,-16.761741
910,-16.473801,-16.501028,-16.760733
911,-16.472690,-16.506724,-16.757498
912,-16.473531,-16.501300,-16.760549
913,-16.472473,-16.498750,-16.759459
914,-16.478770,-16.501686,-16.761233
915,-16.476740,-16.497517,-16.756264
916,-16.480897,-16.494506,-16.749718
917,-16.482746,-16.497280,-16.746206
918,-16.476337,-16.492542,-16.744840
919,-16.481492,-16.489623,-16.742775
920,-16.474753,-16.490962,-16.751569
921,-16.474650,-16.488963,-16.754462
922,-16.479480,-16.490174,-16.742927
923,-16.476233,-16.489511,-16.752690
924,-16.473411,-16.484245,-16.751519
925,-16.469518,-16.492188,-16.751517
926,-16.475759,-16.488373,-16.749812
927,-16.473968,-16.487707,-16.747173
928,-16.468328,-16.492705,-16.752833
929,-16.470522,-16.494224,-16.754919
930,-16.473291,-16.491034,-16.757704
931,-16.473480,-16.491854,-16.766233
932,-16.470434,-16.491141,-16.768930
933,-16.471324,-16.497190,-16.768323
934,-16.473366,-16.493601,-16.760405
935,-16.471838,-16.497915,-16.762447
936,-16.475200,-16.498442,-16.761709
937,-16.474397,-16.496669,-16.764769
938,-16.473781,-16.495451,-16.757220
939,-16.470949,-16.501006,-16.757316
940,-16.469054,-16.496173,-16.759251
941,-16.471290,-16.499768,-16.755551
942,-16.472533,-16.500695,-16.757637
943,-16.471951,-16.494911,-16.751287
944,-16.477027,-16.490894,-16.757695
945,-16.475726,-16.488733,-16.753124
946,-16.473863,-16.494473,-16.755745
947,-16.478472,-16.497245,-16.754241
948,-16.470715,-16.503047,-16.746398
949,-16.473132,-16.501673,-16.751591
950,-16.483482,-16.496667,-16.754172
951,-16.486454,-16.495525,-16.750146
952,-16.480618,-16.490428,-16.748537
953,-16.485878,-16.488918,-16.738562
954,-16.482085,-16.486988,-16.744172
955,-16.485828,-16.474220,-16.754736
956,-16.486152,-16.474659,-16.757543
957,-16.480469,-16.475581,-16.754950
958,-16.479761,-16.470300,-16.753373
959,-16.483375,-16.471960,-16.746132
960,-16.482108,-16.466514,-16.737349
961,-16.472971,-16.475708,-16.740996
962,-16.477152,-16.481060,-16.739555
963,-16.475850,-16.481597,-16.740908
964,-16.469598,-16.484342,-16.738899
965,-16.472428,-16.478196,-16.734835
966,-16.477113,-16.479143,-16.736555
967,-16.474153,-16.474410,-16.736365
968,-16.467931,-16.477009,-16.733163
969,-16.469015,-16.477633,-16.733862
970,-16.463639,-16.476205,-16.733281
971,-16.473462,-16.478626,-16.739020
972,-16.477982,-16.486506,-16.736835
973,-16.475955,-16.496687,-16.729787
974,-16.474453,-16.490570,-16.727808
975,-16.481220,-16.492455,-16.728272
976,-16.471969,-16.497189,-16.716996
977,-16.468289,-16.499001,-16.714031
978,-16.473481,-16.496046,-16.717108
979,-16.469089,-16.501251,-16.720634
980,-16.468148,-16.496032,-16.719189
981,-16.475663,-16.493696,-16.723340
982,-16.477058,-16.485732,-16.727487
983,-16.474500,-16.484605,-16.723439
984,-16.478709,-16.484206,-16.717713
985,-16.473637,-16.493852,-16.716200
986,-16.470356,-16.498715,-16.718032
987,-16.473365,-16.501876,-16.719060
988,-16.470476,-16.502434,-16.719235
989,-16.469977,-16.498525,-16.719734
990,-16.476584,-16.496256,-16.722653
991,-16.471304,-16.508046,-16.724599
992,-16.473058,-16.507716,-16.734296
993,-16.474079,-16.509793,-16.734315
994,-16.473917,-16.506598,-16.729671
995,-16.480082,-16.508476,-16.726075
996,-16.487027,-16.507176,-16.726957
997,-16.482502,-16.510429,-16.727514
998,-16.485409,-16.503997,-16.727208
999,-16.484638,-16.508053,-16.735648
1000,-16.479052,-16.506112,-16.727440
