Epoch,chi_Mean_0.2775,chi_Mean_1.11,chi_Mean_4.44
1,-47.840330,-46.155012,-69.741260
2,-27.293177,-26.975071,-50.724707
3,-19.936234,-20.034656,-40.593469
4,-17.306727,-17.451908,-35.305820
5,-16.320828,-16.425720,-32.398569
6,-15.913348,-15.983526,-30.772998
7,-15.723523,-15.764802,-29.788253
8,-15.621890,-15.646119,-29.166780
9,-15.560121,-15.575455,-28.830001
10,-15.518518,-15.526875,-28.613960
11,-15.484950,-15.490869,-28.450156
12,-15.455662,-15.459741,-28.355012
13,-15.431184,-15.432833,-28.243139
14,-15.409668,-15.410564,-28.217404
15,-15.390177,-15.390158,-28.186589
16,-15.373933,-15.373349,-28.158778
17,-15.357218,-15.356885,-28.135532
18,-15.342490,-15.342920,-28.091309
19,-15.329528,-15.329514,-28.068449
20,-15.317923,-15.316697,-28.107504
21,-15.307009,-15.305299,-28.115411
22,-15.296370,-15.296023,-28.144945
23,-15.287407,-15.285911,-28.180276
24,-15.279835,-15.277967,-28.207756
25,-15.272903,-15.270642,-28.249144
26,-15.266427,-15.263329,-28.285290
27,-15.260795,-15.257491,-28.293203
28,-15.255779,-15.251005,-28.306458
29,-15.250975,-15.245579,-28.337697
30,-15.246606,-15.240769,-28.325463
31,-15.242900,-15.237009,-28.330603
32,-15.239334,-15.233872,-28.314556
33,-15.236499,-15.230570,-28.339268
34,-15.233933,-15.227328,-28.365318
35,-15.233824,-15.223413,-28.348301
36,-15.230596,-15.221125,-28.338947
37,-15.228529,-15.219665,-28.342106
38,-15.226528,-15.218625,-28.352526
39,-15.223546,-15.215379,-28.349450
40,-15.220413,-15.212141,-28.323176
41,-15.219236,-15.210637,-28.332586
42,-15.215309,-15.206966,-28.297940
43,-15.213161,-15.203732,-28.306791
44,-15.213386,-15.202858,-28.301774
45,-15.212635,-15.200100,-28.262728
46,-15.208434,-15.198172,-28.227625
47,-15.205879,-15.197013,-28.217096
48,-15.205671,-15.192450,-28.188020
49,-15.203240,-15.190254,-28.191063
50,-15.200521,-15.186049,-28.182175
51,-15.197502,-15.185251,-28.142404
52,-15.191691,-15.186108,-28.109596
53,-15.190607,-15.183366,-28.102305
54,-15.188876,-15.178695,-28.046787
55,-15.183507,-15.173856,-28.042208
56,-15.179216,-15.170711,-27.994604
57,-15.173891,-15.164708,-27.951836
58,-15.168376,-15.164361,-27.961249
59,-15.166246,-15.161200,-27.921197
60,-15.162569,-15.159616,-27.903550
61,-15.159250,-15.157029,-27.833703
62,-15.158574,-15.153905,-27.814196
63,-15.159299,-15.151411,-27.780833
64,-15.157872,-15.146783,-27.741465
65,-15.153185,-15.142800,-27.683311
66,-15.151937,-15.138059,-27.659391
67,-15.151868,-15.134498,-27.633467
68,-15.148788,-15.130405,-27.604490
69,-15.145491,-15.127318,-27.589270
70,-15.142224,-15.124673,-27.574516
71,-15.140848,-15.122987,-27.506439
72,-15.135371,-15.120779,-27.492814
73,-15.131200,-15.117189,-27.468053
74,-15.126358,-15.114849,-27.455665
75,-15.123917,-15.111621,-27.434864
76,-15.121003,-15.106388,-27.395363
77,-15.116558,-15.101863,-27.351639
78,-15.113832,-15.097647,-27.299838
79,-15.110233,-15.094427,-27.271944
80,-15.107579,-15.091795,-27.269000
81,-15.107023,-15.092429,-27.203219
82,-15.105302,-15.088777,-27.166517
83,-15.101215,-15.083995,-27.129157
84,-15.098682,-15.082131,-27.106034
85,-15.096223,-15.080012,-27.085051
86,-15.092169,-15.074441,-27.021978
87,-15.089539,-15.073745,-27.004224
88,-15.085809,-15.070311,-26.974674
89,-15.084117,-15.067000,-26.946647
90,-15.082089,-15.064422,-26.888487
91,-15.076770,-15.062944,-26.875169
92,-15.074719,-15.059865,-26.860763
93,-15.072693,-15.058783,-26.808454
94,-15.068576,-15.055547,-26.777204
95,-15.066472,-15.053568,-26.746428
96,-15.064527,-15.049451,-26.708210
97,-15.063356,-15.046859,-26.684994
98,-15.058453,-15.043936,-26.647638
99,-15.054467,-15.041428,-26.604501
100,-15.054164,-15.039664,-26.576514
101,-15.046686,-15.036577,-26.558296
102,-15.042689,-15.032378,-26.526086
103,-15.039225,-15.030159,-26.499370
104,-15.034260,-15.028373,-26.495203
105,-15.034886,-15.026017,-26.468917
106,-15.033165,-15.022880,-26.422619
107,-15.027944,-15.020200,-26.398152
108,-15.027103,-15.016039,-26.371022
109,-15.024033,-15.014029,-26.358326
110,-15.020597,-15.008878,-26.337226
111,-15.020135,-15.009510,-26.304549
112,-15.016591,-15.005058,-26.279554
113,-15.014052,-15.004124,-26.247153
114,-15.014297,-15.001225,-26.214155
115,-15.011284,-14.999546,-26.194169
116,-15.009448,-14.997641,-26.169520
117,-15.007207,-14.996716,-26.144983
118,-15.002951,-14.995214,-26.112678
119,-15.001399,-14.994099,-26.086800
120,-14.999139,-14.987941,-26.065770
121,-14.997052,-14.987700,-26.026100
122,-14.994611,-14.985371,-25.992830
123,-14.994398,-14.982908,-25.970281
124,-14.990854,-14.977976,-25.953128
125,-14.989099,-14.977392,-25.945203
126,-14.984704,-14.974402,-25.903189
127,-14.982935,-14.971085,-25.876007
128,-14.980428,-14.969158,-25.838977
129,-14.977280,-14.967867,-25.827132
130,-14.976124,-14.966459,-25.801122
131,-14.975255,-14.963072,-25.765328
132,-14.972531,-14.962021,-25.748180
133,-14.971347,-14.960044,-25.750717
134,-14.967060,-14.958756,-25.727606
135,-14.965491,-14.955844,-25.711235
136,-14.962652,-14.952577,-25.704736
137,-14.963930,-14.952654,-25.690159
138,-14.962873,-14.949753,-25.661852
139,-14.961813,-14.948695,-25.661617
140,-14.960102,-14.946958,-25.647482
141,-14.958861,-14.946584,-25.617189
142,-14.956057,-14.945515,-25.615439
143,-14.954031,-14.943997,-25.570587
144,-14.953781,-14.941730,-25.546730
145,-14.950144,-14.939279,-25.549809
146,-14.949974,-14.939012,-25.543827
147,-14.947759,-14.938028,-25.485114
148,-14.946723,-14.936457,-25.458597
149,-14.944107,-14.934913,-25.426258
150,-14.943010,-14.933885,-25.418015
151,-14.940703,-14.932546,-25.404129
152,-14.937500,-14.930968,-25.375685
153,-14.934393,-14.929841,-25.362673
154,-14.933586,-14.929038,-25.367000
155,-14.931398,-14.925147,-25.345035
156,-14.932024,-14.924359,-25.321345
157,-14.930211,-14.921839,-25.304255
158,-14.927534,-14.918815,-25.268406
159,-14.926401,-14.917869,-25.284482
160,-14.924563,-14.915677,-25.241538
161,-14.924808,-14.916115,-25.226708
162,-14.922338,-14.915100,-25.206303
163,-14.920373,-14.913679,-25.182247
164,-14.920566,-14.911392,-25.175959
165,-14.917743,-14.908668,-25.156096
166,-14.918211,-14.907741,-25.143565
167,-14.916205,-14.904766,-25.120316
168,-14.915148,-14.903296,-25.118883
169,-14.912977,-14.902439,-25.068782
170,-14.911265,-14.900112,-25.054145
171,-14.910583,-14.900259,-25.008227
172,-14.910057,-14.899629,-25.003323
173,-14.907316,-14.898386,-24.997342
174,-14.904979,-14.896997,-24.987878
175,-14.901728,-14.895905,-24.958919
176,-14.901800,-14.895524,-24.935777
177,-14.900751,-14.894594,-24.939645
178,-14.899870,-14.892094,-24.914576
179,-14.898271,-14.890799,-24.896699
180,-14.896930,-14.890223,-24.885018
181,-14.896075,-14.888415,-24.862399
182,-14.895159,-14.889086,-24.852916
183,-14.892514,-14.887386,-24.830775
184,-14.894198,-14.886501,-24.805168
185,-14.894277,-14.884939,-24.787439
186,-14.893317,-14.884877,-24.759392
187,-14.893249,-14.886596,-24.774712
188,-14.890330,-14.885699,-24.760495
189,-14.889098,-14.884157,-24.768638
190,-14.888239,-14.882880,-24.717748
191,-14.887064,-14.880979,-24.735105
192,-14.885622,-14.879921,-24.707400
193,-14.884960,-14.879137,-24.698335
194,-14.883783,-14.878476,-24.679921
195,-14.881440,-14.877628,-24.672462
196,-14.879475,-14.877345,-24.656095
197,-14.880117,-14.876431,-24.635905
198,-14.878487,-14.877471,-24.614515
199,-14.877753,-14.875808,-24.610010
200,-14.876207,-14.874589,-24.590494
201,-14.876160,-14.874434,-24.596979
202,-14.875846,-14.873327,-24.591604
203,-14.875004,-14.871956,-24.561376
204,-14.874898,-14.871669,-24.560935
205,-14.873855,-14.870711,-24.536443
206,-14.871830,-14.870065,-24.533686
207,-14.870695,-14.868380,-24.530538
208,-14.870438,-14.868247,-24.483960
209,-14.869295,-14.866802,-24.484698
210,-14.868494,-14.865477,-24.469294
211,-14.867572,-14.863762,-24.443295
212,-14.866917,-14.862535,-24.415318
213,-14.864901,-14.862814,-24.412649
214,-14.864439,-14.862828,-24.395245
215,-14.863219,-14.862494,-24.391878
216,-14.862551,-14.862294,-24.364818
217,-14.861463,-14.860736,-24.347437
218,-14.862058,-14.860388,-24.338912
219,-14.861348,-14.858598,-24.337382
220,-14.861243,-14.857976,-24.347051
221,-14.859141,-14.857716,-24.333866
222,-14.858123,-14.857463,-24.305010
223,-14.857636,-14.856948,-24.301176
224,-14.857490,-14.855985,-24.267867
225,-14.856575,-14.854614,-24.278784
226,-14.856397,-14.853923,-24.262559
227,-14.855856,-14.853365,-24.253939
228,-14.854442,-14.852632,-24.249726
229,-14.853695,-14.851749,-24.229231
230,-14.852944,-14.852563,-24.222449
231,-14.851453,-14.850926,-24.225727
232,-14.850586,-14.850405,-24.213445
233,-14.850513,-14.850019,-24.211049
234,-14.849735,-14.849488,-24.201853
235,-14.849660,-14.848869,-24.186626
236,-14.849513,-14.848872,-24.184675
237,-14.848824,-14.848818,-24.180606
238,-14.848225,-14.848478,-24.161280
239,-14.847979,-14.847190,-24.132292
240,-14.847653,-14.846767,-24.120369
241,-14.846957,-14.846946,-24.115495
242,-14.845917,-14.846318,-24.105491
243,-14.845902,-14.846601,-24.088390
244,-14.844996,-14.845934,-24.096218
245,-14.844610,-14.845350,-24.083697
246,-14.844063,-14.844553,-24.075630
247,-14.843552,-14.844623,-24.079494
248,-14.843768,-14.843609,-24.052038
249,-14.843393,-14.842503,-24.033636
250,-14.842731,-14.842889,-24.007395
251,-14.842286,-14.842947,-24.014495
252,-14.842188,-14.842652,-24.009282
253,-14.841887,-14.843288,-23.973903
254,-14.841194,-14.843496,-23.976905
255,-14.840717,-14.842565,-23.980734
256,-14.840516,-14.841971,-23.990647
257,-14.840311,-14.841081,-23.971800
258,-14.839804,-14.840268,-23.942404
259,-14.839614,-14.840198,-23.949020
260,-14.838664,-14.840068,-23.945941
261,-14.838520,-14.838997,-23.914782
262,-14.838206,-14.839297,-23.905307
263,-14.837379,-14.839290,-23.879134
264,-14.836546,-14.838985,-23.917484
265,-14.836552,-14.837958,-23.896805
266,-14.836020,-14.837730,-23.876731
267,-14.835516,-14.838063,-23.876167
268,-14.834935,-14.837907,-23.854907
269,-14.834393,-14.837891,-23.843291
270,-14.833575,-14.837702,-23.852469
271,-14.833050,-14.837617,-23.829308
272,-14.832744,-14.837053,-23.825124
273,-14.832513,-14.836421,-23.839677
274,-14.832170,-14.835089,-23.804092
275,-14.831868,-14.835215,-23.785262
276,-14.831879,-14.835225,-23.771100
277,-14.831523,-14.835321,-23.775601
278,-14.831483,-14.835847,-23.752690
279,-14.831308,-14.835650,-23.765870
280,-14.831032,-14.836014,-23.736194
281,-14.830832,-14.836764,-23.721139
282,-14.830485,-14.835556,-23.721373
283,-14.830052,-14.835250,-23.723691
284,-14.829975,-14.834931,-23.724767
285,-14.829546,-14.834952,-23.719777
286,-14.829400,-14.835564,-23.701780
287,-14.829012,-14.835704,-23.693796
288,-14.828986,-14.834791,-23.683388
289,-14.829045,-14.834676,-23.680643
290,-14.828874,-14.834962,-23.681884
291,-14.828490,-14.833881,-23.696914
292,-14.828239,-14.834105,-23.639997
293,-14.827892,-14.834808,-23.655211
294,-14.827696,-14.835091,-23.642320
295,-14.827797,-14.835678,-23.613576
296,-14.827778,-14.835172,-23.637997
297,-14.827456,-14.834482,-23.613461
298,-14.827183,-14.835034,-23.616553
299,-14.827103,-14.835893,-23.628418
300,-14.826896,-14.836184,-23.617778
301,-14.826983,-14.835562,-23.603053
302,-14.826257,-14.835797,-23.604031
303,-14.825883,-14.834981,-23.587588
304,-14.825752,-14.834780,-23.591893
305,-14.825624,-14.833761,-23.594686
306,-14.825629,-14.833240,-23.582831
307,-14.825752,-14.832777,-23.571805
308,-14.825590,-14.832278,-23.545655
309,-14.826137,-14.833861,-23.524915
310,-14.825684,-14.833523,-23.515320
311,-14.825330,-14.832868,-23.519370
312,-14.825530,-14.831946,-23.521577
313,-14.825203,-14.833120,-23.498615
314,-14.825087,-14.832762,-23.486193
315,-14.825214,-14.833536,-23.491107
316,-14.825254,-14.832819,-23.483293
317,-14.825565,-14.832454,-23.483802
318,-14.825402,-14.832308,-23.504768
319,-14.825563,-14.832479,-23.491054
320,-14.824893,-14.833401,-23.462956
321,-14.825019,-14.834043,-23.464699
322,-14.825474,-14.834966,-23.452532
323,-14.825310,-14.834255,-23.436998
324,-14.825037,-14.834394,-23.437653
325,-14.824878,-14.834078,-23.431164
326,-14.824749,-14.833504,-23.427426
327,-14.825192,-14.835842,-23.427242
328,-14.825545,-14.836168,-23.440594
329,-14.825422,-14.837662,-23.448104
330,-14.825705,-14.839069,-23.432217
331,-14.825726,-14.837662,-23.441449
332,-14.825429,-14.836255,-23.456924
333,-14.825497,-14.839298,-23.425823
334,-14.826028,-14.838484,-23.420071
335,-14.825740,-14.838845,-23.430884
336,-14.825101,-14.839835,-23.420218
337,-14.825035,-14.839644,-23.418961
338,-14.826153,-14.838807,-23.402197
339,-14.826378,-14.839197,-23.379030
340,-14.826237,-14.839192,-23.384947
341,-14.825711,-14.839259,-23.378361
342,-14.826602,-14.840033,-23.376975
343,-14.826248,-14.838899,-23.359820
344,-14.825755,-14.839425,-23.365483
345,-14.826361,-14.839545,-23.346207
346,-14.827475,-14.840875,-23.361412
347,-14.827122,-14.838849,-23.346475
348,-14.826180,-14.840543,-23.352439
349,-14.825556,-14.840609,-23.347778
350,-14.825913,-14.840298,-23.334114
351,-14.826915,-14.839132,-23.327841
352,-14.827313,-14.838364,-23.325317
353,-14.827918,-14.839952,-23.321843
354,-14.828205,-14.841623,-23.313156
355,-14.828210,-14.840959,-23.319637
356,-14.827421,-14.844281,-23.316746
357,-14.827930,-14.842482,-23.318739
358,-14.828387,-14.841832,-23.296756
359,-14.827942,-14.842987,-23.294757
360,-14.827844,-14.841547,-23.281498
361,-14.828085,-14.839425,-23.276439
362,-14.827427,-14.839465,-23.271862
363,-14.827132,-14.839429,-23.281548
364,-14.828035,-14.839956,-23.276658
365,-14.828421,-14.841599,-23.264390
366,-14.827913,-14.841964,-23.257869
367,-14.827846,-14.842122,-23.237886
368,-14.828492,-14.841941,-23.232146
369,-14.829425,-14.841756,-23.253820
370,-14.828948,-14.845536,-23.260609
371,-14.828296,-14.843501,-23.265068
372,-14.829392,-14.845211,-23.245463
373,-14.832040,-14.846006,-23.236505
374,-14.831613,-14.846085,-23.244696
375,-14.832234,-14.845676,-23.254994
376,-14.831681,-14.844861,-23.241022
377,-14.833167,-14.843915,-23.232152
378,-14.833890,-14.846120,-23.219551
379,-14.831547,-14.848361,-23.214607
380,-14.833009,-14.848309,-23.208461
381,-14.832018,-14.847396,-23.199610
382,-14.832698,-14.846088,-23.206308
383,-14.833559,-14.844633,-23.205871
384,-14.833351,-14.844618,-23.180748
385,-14.834174,-14.844641,-23.194839
386,-14.835310,-14.846877,-23.174225
387,-14.835808,-14.846926,-23.176624
388,-14.834633,-14.849067,-23.174245
389,-14.835676,-14.848907,-23.173315
390,-14.835637,-14.852054,-23.176792
391,-14.836158,-14.852462,-23.178626
392,-14.834475,-14.850223,-23.150322
393,-14.836035,-14.851841,-23.149316
394,-14.835066,-14.852852,-23.144303
395,-14.836908,-14.851840,-23.134997
396,-14.836436,-14.851201,-23.123092
397,-14.836351,-14.851459,-23.109695
398,-14.835965,-14.852928,-23.122531
399,-14.836816,-14.852623,-23.110190
400,-14.837058,-14.851704,-23.131505
401,-14.836893,-14.850612,-23.135177
402,-14.837389,-14.851200,-23.111753
403,-14.837367,-14.850768,-23.122418
404,-14.837063,-14.852702,-23.106860
405,-14.837761,-14.853002,-23.114683
406,-14.840506,-14.852096,-23.098811
407,-14.841158,-14.853627,-23.078870
408,-14.840767,-14.855100,-23.066939
409,-14.841507,-14.857588,-23.067326
410,-14.841427,-14.858280,-23.053220
411,-14.842272,-14.856925,-23.046732
412,-14.841924,-14.856256,-23.050231
413,-14.844045,-14.856132,-23.054070
414,-14.842891,-14.859111,-23.052913
415,-14.842779,-14.858707,-23.042195
416,-14.843565,-14.860299,-23.049921
417,-14.843792,-14.862225,-23.045494
418,-14.846102,-14.862828,-23.021749
419,-14.846264,-14.861838,-23.023517
420,-14.846923,-14.862206,-23.024339
421,-14.846479,-14.862481,-23.040371
422,-14.847172,-14.862996,-23.024324
423,-14.845388,-14.863308,-23.010790
424,-14.844738,-14.862857,-23.013170
425,-14.844461,-14.864645,-23.010964
426,-14.844991,-14.865275,-23.004860
427,-14.843841,-14.864782,-22.989282
428,-14.845281,-14.864527,-23.007501
429,-14.845803,-14.863847,-23.002887
430,-14.846686,-14.863297,-22.988007
431,-14.846585,-14.865329,-22.990228
432,-14.846976,-14.868208,-22.989160
433,-14.846445,-14.869296,-22.996263
434,-14.847382,-14.870242,-22.987280
435,-14.848346,-14.869993,-22.984236
436,-14.849984,-14.870329,-22.977120
437,-14.849775,-14.870184,-22.955418
438,-14.849795,-14.871125,-22.959548
439,-14.850863,-14.874262,-22.964243
440,-14.850189,-14.874253,-22.954339
441,-14.851645,-14.875543,-22.954239
442,-14.852561,-14.876150,-22.940718
443,-14.855152,-14.876197,-22.948180
444,-14.856054,-14.878194,-22.924602
445,-14.854960,-14.881199,-22.938090
446,-14.853369,-14.878893,-22.926454
447,-14.854319,-14.880877,-22.927980
448,-14.855310,-14.883386,-22.914221
449,-14.855563,-14.881646,-22.906477
450,-14.857974,-14.881407,-22.898316
451,-14.857954,-14.882412,-22.893804
452,-14.858507,-14.883603,-22.898714
453,-14.858459,-14.879550,-22.886635
454,-14.861271,-14.880143,-22.883084
455,-14.860539,-14.881595,-22.858063
456,-14.862208,-14.885027,-22.875389
457,-14.862149,-14.882696,-22.893433
458,-14.862290,-14.883359,-22.909689
459,-14.862382,-14.884791,-22.890494
460,-14.861699,-14.884766,-22.880910
461,-14.865528,-14.886063,-22.878029
462,-14.865669,-14.886230,-22.887461
463,-14.865502,-14.885826,-22.862728
464,-14.865392,-14.886485,-22.865700
465,-14.865622,-14.888410,-22.864809
466,-14.866293,-14.891637,-22.892888
467,-14.867772,-14.893815,-22.877966
468,-14.868918,-14.891012,-22.888961
469,-14.869822,-14.893171,-22.853312
470,-14.865972,-14.892217,-22.858840
471,-14.869134,-14.893090,-22.862006
472,-14.867663,-14.890472,-22.860494
473,-14.868750,-14.889911,-22.837716
474,-14.871837,-14.891634,-22.848162
475,-14.869424,-14.892238,-22.840333
476,-14.868728,-14.895451,-22.835270
477,-14.868475,-14.895131,-22.854225
478,-14.870346,-14.895658,-22.830495
479,-14.871563,-14.896157,-22.841524
480,-14.872240,-14.896564,-22.815100
481,-14.873195,-14.895353,-22.832503
482,-14.874370,-14.892517,-22.828462
483,-14.877087,-14.896846,-22.833264
484,-14.877599,-14.897225,-22.811595
485,-14.879606,-14.895443,-22.812715
486,-14.878128,-14.896634,-22.796154
487,-14.879261,-14.899654,-22.798579
488,-14.882098,-14.899302,-22.800492
489,-14.883666,-14.898528,-22.805860
490,-14.883536,-14.902488,-22.795969
491,-14.887647,-14.900360,-22.797907
492,-14.886759,-14.902902,-22.791245
493,-14.886779,-14.904719,-22.767878
494,-14.885917,-14.901766,-22.758801
495,-14.883432,-14.905326,-22.757847
496,-14.883471,-14.905831,-22.759570
497,-14.880483,-14.905191,-22.754539
498,-14.882202,-14.903716,-22.774523
499,-14.882644,-14.905807,-22.777341
500,-14.883704,-14.902797,-22.743321
501,-14.884752,-14.903512,-22.732358
502,-14.884729,-14.906367,-22.733427
503,-14.886323,-14.905438,-22.731280
504,-14.886330,-14.908996,-22.745377
505,-14.885282,-14.906311,-22.765170
506,-14.884086,-14.908157,-22.742005
507,-14.883432,-14.906993,-22.738241
508,-14.882891,-14.908195,-22.758984
509,-14.886137,-14.911534,-22.745065
510,-14.888416,-14.912699,-22.734330
511,-14.890268,-14.913476,-22.718731
512,-14.888545,-14.913662,-22.719485
513,-14.889533,-14.914056,-22.708822
514,-14.889351,-14.912336,-22.700650
515,-14.887808,-14.913872,-22.680026
516,-14.889897,-14.912853,-22.706393
517,-14.891549,-14.914891,-22.704899
518,-14.893516,-14.920102,-22.717672
519,-14.895544,-14.918576,-22.715368
520,-14.893903,-14.920676,-22.695265
521,-14.889571,-14.920697,-22.688822
522,-14.892519,-14.921767,-22.692835
523,-14.893265,-14.922031,-22.734113
524,-14.891389,-14.924180,-22.725467
525,-14.887802,-14.925726,-22.706418
526,-14.892161,-14.926976,-22.704273
527,-14.894285,-14.929975,-22.688854
528,-14.895801,-14.926644,-22.668749
529,-14.895741,-14.930419,-22.688080
530,-14.895507,-14.932800,-22.699186
531,-14.897030,-14.938018,-22.685335
532,-14.896630,-14.936837,-22.676325
533,-14.898348,-14.932265,-22.663082
534,-14.901765,-14.932808,-22.673706
535,-14.900843,-14.932721,-22.669078
536,-14.900671,-14.929672,-22.662495
537,-14.899755,-14.931662,-22.683658
538,-14.902008,-14.932667,-22.664272
539,-14.905604,-14.927542,-22.644819
540,-14.905787,-14.930837,-22.663637
541,-14.908960,-14.932564,-22.659572
542,-14.909435,-14.932122,-22.647631
543,-14.912469,-14.933303,-22.639979
544,-14.915587,-14.935520,-22.637762
545,-14.917484,-14.936413,-22.625135
546,-14.919257,-14.934188,-22.617638
547,-14.920501,-14.930473,-22.633554
548,-14.919835,-14.933666,-22.634571
549,-14.924813,-14.935882,-22.631462
550,-14.919886,-14.937309,-22.622132
551,-14.918715,-14.939154,-22.611978
552,-14.922425,-14.934981,-22.608171
553,-14.928806,-14.938858,-22.622936
554,-14.926210,-14.933668,-22.628056
555,-14.923765,-14.935837,-22.604917
556,-14.923434,-14.934501,-22.616278
557,-14.925516,-14.937993,-22.598563
558,-14.924756,-14.939592,-22.600596
559,-14.924107,-14.941155,-22.608465
560,-14.926529,-14.945816,-22.623884
561,-14.930006,-14.949756,-22.625338
562,-14.931746,-14.951560,-22.615885
563,-14.927941,-14.954804,-22.611939
564,-14.932246,-14.949319,-22.612311
565,-14.938955,-14.957360,-22.601917
566,-14.941099,-14.955433,-22.612897
567,-14.941080,-14.955288,-22.579377
568,-14.935681,-14.954336,-22.595051
569,-14.935566,-14.953622,-22.580246
570,-14.935714,-14.954206,-22.566397
571,-14.937993,-14.951726,-22.574758
572,-14.938697,-14.952129,-22.590778
573,-14.938739,-14.951097,-22.569576
574,-14.939562,-14.953399,-22.573595
575,-14.940198,-14.956775,-22.549289
576,-14.937403,-14.957342,-22.551226
577,-14.940815,-14.960382,-22.555943
578,-14.942969,-14.956408,-22.568772
579,-14.943966,-14.960475,-22.555697
580,-14.947185,-14.962243,-22.537983
581,-14.946673,-14.960698,-22.544893
582,-14.947462,-14.959159,-22.536837
583,-14.950015,-14.962895,-22.530087
584,-14.949696,-14.965296,-22.513333
585,-14.948572,-14.966906,-22.525431
586,-14.948326,-14.973248,-22.510565
587,-14.945774,-14.974504,-22.509364
588,-14.949730,-14.975907,-22.529167
589,-14.948725,-14.974512,-22.534856
590,-14.948064,-14.974995,-22.518172
591,-14.947106,-14.972747,-22.523362
592,-14.952404,-14.977942,-22.519469
593,-14.950675,-14.976766,-22.494744
594,-14.952147,-14.975188,-22.489294
595,-14.954600,-14.977680,-22.490015
596,-14.952130,-14.980473,-22.477090
597,-14.951834,-14.979149,-22.486430
598,-14.954914,-14.979082,-22.493602
599,-14.954157,-14.978858,-22.490336
600,-14.955137,-14.979582,-22.514535
601,-14.958217,-14.978736,-22.490303
602,-14.960163,-14.981111,-22.496327
603,-14.960311,-14.981789,-22.501445
604,-14.959591,-14.980491,-22.499194
605,-14.959841,-14.981706,-22.486526
606,-14.959407,-14.982579,-22.489084
607,-14.960191,-14.981399,-22.488245
608,-14.961207,-14.983674,-22.478001
609,-14.956060,-14.982018,-22.468820
610,-14.961192,-14.981019,-22.478544
611,-14.962425,-14.985059,-22.475170
612,-14.961561,-14.988178,-22.459059
613,-14.962983,-14.988664,-22.472621
614,-14.962628,-14.988580,-22.464623
615,-14.962497,-14.989818,-22.461174
616,-14.959978,-14.995851,-22.445448
617,-14.961235,-14.991252,-22.455183
618,-14.956959,-14.993208,-22.455642
619,-14.956946,-14.991109,-22.464981
620,-14.959373,-14.991413,-22.472401
621,-14.960144,-14.991459,-22.451872
622,-14.962798,-14.996304,-22.469487
623,-14.967451,-14.995959,-22.461266
624,-14.967123,-14.995445,-22.446885
625,-14.970821,-14.992952,-22.444689
626,-14.974461,-14.996463,-22.453661
627,-14.974627,-14.998702,-22.471793
628,-14.972123,-14.995582,-22.467852
629,-14.972169,-14.992824,-22.464733
630,-14.971576,-14.996277,-22.473684
631,-14.973959,-14.994314,-22.443952
632,-14.978384,-14.994088,-22.442294
633,-14.980186,-14.998586,-22.439793
634,-14.986266,-14.994654,-22.437020
635,-14.985873,-14.997940,-22.460189
636,-14.985452,-14.998181,-22.441694
637,-14.985736,-15.002042,-22.454079
638,-14.984196,-15.001587,-22.447263
639,-14.983542,-15.002069,-22.457241
640,-14.987862,-15.001443,-22.446145
641,-14.989571,-15.002746,-22.443428
642,-14.992914,-14.997859,-22.433173
643,-14.990638,-15.000798,-22.446788
644,-14.990516,-14.999448,-22.432422
645,-14.992296,-15.003276,-22.436092
646,-14.991885,-15.001543,-22.413968
647,-14.991711,-15.002537,-22.399815
648,-14.992938,-15.009659,-22.417904
649,-14.994584,-15.007447,-22.418999
650,-14.996404,-15.012144,-22.398202
651,-14.994629,-15.007350,-22.413224
652,-14.994967,-15.008443,-22.390833
653,-14.994904,-15.007681,-22.391281
654,-14.993367,-15.008201,-22.382494
655,-14.993239,-15.008136,-22.377546
656,-14.991793,-15.011237,-22.370518
657,-14.993947,-15.015471,-22.406081
658,-14.991487,-15.014236,-22.400208
659,-14.990145,-15.019315,-22.410107
660,-14.994238,-15.015802,-22.411193
661,-14.998321,-15.018193,-22.395027
662,-14.999474,-15.019275,-22.401950
663,-15.000889,-15.019760,-22.384741
664,-15.006818,-15.017413,-22.375003
665,-15.004584,-15.019783,-22.362917
666,-15.006991,-15.022009,-22.373897
667,-15.003523,-15.027736,-22.365485
668,-15.006269,-15.026818,-22.373448
669,-15.008003,-15.020306,-22.349009
670,-15.014603,-15.020819,-22.325937
671,-15.013711,-15.021565,-22.312119
672,-15.018063,-15.023827,-22.328668
673,-15.014223,-15.023077,-22.317926
674,-15.014141,-15.025510,-22.335654
675,-15.014052,-15.021805,-22.344174
676,-15.016255,-15.023533,-22.321283
677,-15.014710,-15.028062,-22.332634
678,-15.016181,-15.037032,-22.313282
679,-15.014347,-15.038336,-22.313375
680,-15.013617,-15.040411,-22.339548
681,-15.015887,-15.043764,-22.347764
682,-15.016886,-15.049209,-22.339177
683,-15.017688,-15.047601,-22.354670
684,-15.016815,-15.044524,-22.334563
685,-15.020892,-15.044710,-22.323953
686,-15.021974,-15.039677,-22.345775
687,-15.025133,-15.046941,-22.325278
688,-15.023101,-15.044083,-22.333354
689,-15.022825,-15.044720,-22.314944
690,-15.024756,-15.045606,-22.316935
691,-15.023211,-15.047319,-22.326329
692,-15.024792,-15.046552,-22.333121
693,-15.024509,-15.045400,-22.323087
694,-15.022260,-15.046550,-22.332838
695,-15.023060,-15.043750,-22.337012
696,-15.025989,-15.044858,-22.308390
697,-15.029029,-15.045319,-22.297367
698,-15.031751,-15.045858,-22.298362
699,-15.036063,-15.047787,-22.312881
700,-15.033315,-15.044104,-22.297119
701,-15.040121,-15.043582,-22.301561
702,-15.036314,-15.041456,-22.318891
703,-15.038441,-15.041188,-22.326505
704,-15.039283,-15.053451,-22.314731
705,-15.042728,-15.052643,-22.305084
706,-15.041355,-15.049855,-22.319669
707,-15.038810,-15.057295,-22.326283
708,-15.039273,-15.049359,-22.319554
709,-15.046524,-15.048816,-22.309597
710,-15.044598,-15.054641,-22.315148
711,-15.046763,-15.055323,-22.307195
712,-15.043976,-15.059650,-22.309621
713,-15.043476,-15.057315,-22.325121
714,-15.040221,-15.058558,-22.304616
715,-15.042783,-15.062066,-22.303687
716,-15.045910,-15.065248,-22.286961
717,-15.048527,-15.065475,-22.314434
718,-15.050814,-15.070395,-22.313827
719,-15.055734,-15.068718,-22.293183
720,-15.050975,-15.066186,-22.283000
721,-15.052729,-15.069625,-22.272663
722,-15.056542,-15.067314,-22.268138
723,-15.060907,-15.069716,-22.284372
724,-15.059667,-15.068844,-22.280788
725,-15.058400,-15.065351,-22.278589
726,-15.060107,-15.073444,-22.270909
727,-15.061657,-15.073788,-22.301395
728,-15.067804,-15.073152,-22.283822
729,-15.068110,-15.077413,-22.276078
730,-15.070199,-15.083161,-22.267389
731,-15.069558,-15.078986,-22.273152
732,-15.072827,-15.075392,-22.265485
733,-15.075595,-15.079060,-22.291066
734,-15.068527,-15.078773,-22.289565
735,-15.075456,-15.081704,-22.270130
736,-15.069200,-15.082224,-22.288809
737,-15.066261,-15.083140,-22.276406
738,-15.066070,-15.083751,-22.281725
739,-15.072989,-15.081852,-22.283421
740,-15.073949,-15.081283,-22.273588
741,-15.075343,-15.078587,-22.267130
742,-15.075026,-15.087035,-22.255460
743,-15.076272,-15.089870,-22.240783
744,-15.077966,-15.085193,-22.254151
745,-15.072806,-15.085299,-22.232533
746,-15.078071,-15.089717,-22.225763
747,-15.081240,-15.089357,-22.228104
748,-15.081099,-15.089615,-22.210414
749,-15.074745,-15.091922,-22.230120
750,-15.074492,-15.090038,-22.229589
751,-15.076372,-15.097418,-22.212029
752,-15.077852,-15.096849,-22.221384
753,-15.076440,-15.095236,-22.234025
754,-15.073545,-15.093665,-22.225099
755,-15.072654,-15.091956,-22.209263
756,-15.083175,-15.094291,-22.225099
757,-15.082142,-15.097571,-22.245457
758,-15.079162,-15.098741,-22.229118
759,-15.082026,-15.104321,-22.233544
760,-15.080416,-15.109610,-22.210813
761,-15.084016,-15.109829,-22.203102
762,-15.087927,-15.105405,-22.205713
763,-15.084892,-15.110269,-22.221708
764,-15.088295,-15.106616,-22.201388
765,-15.090236,-15.105942,-22.223968
766,-15.084047,-15.113490,-22.218542
767,-15.084714,-15.117388,-22.205964
768,-15.084195,-15.109050,-22.202582
769,-15.082040,-15.112865,-22.200881
770,-15.084228,-15.109508,-22.207287
771,-15.087363,-15.107823,-22.184808
772,-15.078924,-15.105212,-22.190376
773,-15.085888,-15.106486,-22.192746
774,-15.094701,-15.107758,-22.187375
775,-15.093739,-15.101540,-22.213377
776,-15.089205,-15.102328,-22.203123
777,-15.091178,-15.113074,-22.203021
778,-15.089584,-15.116230,-22.198087
779,-15.087999,-15.120257,-22.194739
780,-15.092989,-15.115855,-22.188976
781,-15.094812,-15.114143,-22.181983
782,-15.098378,-15.113209,-22.189069
783,-15.098984,-15.115678,-22.191155
784,-15.102027,-15.113428,-22.197970
785,-15.103732,-15.112769,-22.195771
786,-15.101593,-15.115794,-22.197439
787,-15.102335,-15.115612,-22.202795
788,-15.102109,-15.114794,-22.205492
789,-15.106197,-15.120282,-22.197263
790,-15.102250,-15.118016,-22.199160
791,-15.100888,-15.119398,-22.181267
792,-15.102894,-15.118241,-22.210699
793,-15.104702,-15.120800,-22.208275
794,-15.106523,-15.124968,-22.197074
795,-15.107055,-15.118996,-22.191963
796,-15.111559,-15.120928,-22.172985
797,-15.109776,-15.119711,-22.177436
798,-15.111491,-15.124258,-22.178595
799,-15.112271,-15.114911,-22.191150
800,-15.114904,-15.118880,-22.184302
801,-15.118912,-15.124338,-22.183122
802,-15.116495,-15.127431,-22.183183
803,-15.118544,-15.123207,-22.159266
804,-15.112670,-15.127795,-22.184889
805,-15.107134,-15.126813,-22.178287
806,-15.113991,-15.130163,-22.182261
807,-15.116911,-15.127967,-22.172577
808,-15.118628,-15.124989,-22.167726
809,-15.117163,-15.123522,-22.165749
810,-15.117648,-15.121666,-22.164287
811,-15.118386,-15.124946,-22.147379
812,-15.111144,-15.126154,-22.152383
813,-15.118272,-15.130037,-22.163981
814,-15.117654,-15.129094,-22.177638
815,-15.120386,-15.127203,-22.179911
816,-15.122470,-15.128029,-22.158801
817,-15.126535,-15.128237,-22.157151
818,-15.124781,-15.131946,-22.140837
819,-15.132467,-15.123536,-22.142558
820,-15.133739,-15.126083,-22.148757
821,-15.135567,-15.134748,-22.140332
822,-15.131243,-15.135262,-22.145908
823,-15.132050,-15.135261,-22.144064
824,-15.124943,-15.134984,-22.137713
825,-15.123485,-15.137805,-22.104465
826,-15.127105,-15.136671,-22.108257
827,-15.122331,-15.144938,-22.112695
828,-15.123357,-15.143900,-22.112345
829,-15.125044,-15.141254,-22.132398
830,-15.123143,-15.146919,-22.133641
831,-15.120975,-15.148297,-22.116414
832,-15.128903,-15.156728,-22.113372
833,-15.127451,-15.152181,-22.139272
834,-15.130495,-15.151529,-22.129627
835,-15.131610,-15.149972,-22.127872
836,-15.128875,-15.155301,-22.127712
837,-15.134814,-15.156622,-22.113594
838,-15.133261,-15.157303,-22.114257
839,-15.132183,-15.157304,-22.117007
840,-15.128935,-15.163828,-22.108912
841,-15.130001,-15.153574,-22.118737
842,-15.128713,-15.155327,-22.104176
843,-15.125271,-15.151397,-22.112609
844,-15.133046,-15.150324,-22.107309
845,-15.129798,-15.159583,-22.138110
846,-15.128022,-15.158148,-22.132372
847,-15.129470,-15.158828,-22.109004
848,-15.141167,-15.166673,-22.108135
849,-15.142518,-15.167993,-22.110224
850,-15.149068,-15.159778,-22.108249
851,-15.146869,-15.158240,-22.111466
852,-15.144838,-15.158930,-22.123483
853,-15.151620,-15.156403,-22.106700
854,-15.158309,-15.163845,-22.117962
855,-15.161718,-15.162588,-22.108298
856,-15.163913,-15.162638,-22.092325
857,-15.162322,-15.163503,-22.086883
858,-15.165400,-15.163265,-22.099033
859,-15.160276,-15.165271,-22.093696
860,-15.170738,-15.165504,-22.094283
861,-15.169392,-15.167298,-22.091616
862,-15.169549,-15.160683,-22.073814
863,-15.171896,-15.161055,-22.063354
864,-15.173330,-15.165697,-22.062136
865,-15.173551,-15.165013,-22.039319
866,-15.173776,-15.167470,-22.047938
867,-15.173354,-15.162372,-22.061043
868,-15.172332,-15.163253,-22.051578
869,-15.166940,-15.167776,-22.024429
870,-15.166840,-15.168422,-22.046119
871,-15.168358,-15.172814,-22.055517
872,-15.167655,-15.169360,-22.037044
873,-15.170676,-15.165920,-22.048276
874,-15.169600,-15.166455,-22.056451
875,-15.171526,-15.163521,-22.057799
876,-15.169330,-15.162794,-22.072708
877,-15.169075,-15.167544,-22.048003
878,-15.170363,-15.166944,-22.063095
879,-15.169906,-15.174225,-22.070372
880,-15.172264,-15.178642,-22.062042
881,-15.173320,-15.175149,-22.039617
882,-15.171854,-15.172908,-22.042283
883,-15.177153,-15.168080,-22.051454
884,-15.176525,-15.168214,-22.018266
885,-15.176907,-15.171603,-22.017905
886,-15.184702,-15.170531,-22.017855
887,-15.181412,-15.173708,-22.033246
888,-15.174077,-15.167776,-22.052277
889,-15.177429,-15.172081,-22.026118
890,-15.177526,-15.176340,-22.015164
891,-15.173898,-15.175950,-22.012960
892,-15.170896,-15.173713,-22.002157
893,-15.172942,-15.172595,-22.014591
894,-15.171628,-15.175560,-22.014306
895,-15.173908,-15.171892,-21.998093
896,-15.175107,-15.175645,-22.002010
897,-15.175684,-15.173076,-22.000243
898,-15.172312,-15.172824,-21.998526
899,-15.175476,-15.175958,-22.003443
900,-15.175913,-15.180174,-21.998867
901,-15.170828,-15.177590,-21.990235
902,-15.174553,-15.174320,-22.005658
903,-15.173217,-15.170227,-22.013698
904,-15.172327,-15.172370,-22.015567
905,-15.172548,-15.176416,-21.995833
906,-15.167338,-15.171963,-21.995512
907,-15.165528,-15.172189,-21.999408
908,-15.166688,-15.177385,-22.006421
909,-15.171692,-15.171528,-22.004231
910,-15.170843,-15.173009,-22.018028
911,-15.170635,-15.173838,-22.019046
912,-15.177756,-15.169150,-22.005441
913,-15.179917,-15.176671,-21.983217
914,-15.177957,-15.177756,-21.989704
915,-15.180993,-15.181916,-21.989640
916,-15.184587,-15.186066,-21.983093
917,-15.182608,-15.183837,-21.989235
918,-15.182572,-15.180082,-21.988126
919,-15.182925,-15.181595,-21.997966
920,-15.180618,-15.181378,-21.992306
921,-15.178553,-15.180189,-21.964022
922,-15.178803,-15.187239,-21.960933
923,-15.173962,-15.182840,-21.969516
924,-15.177534,-15.192028,-21.970933
925,-15.183733,-15.200187,-21.990616
926,-15.184470,-15.200078,-21.983041
927,-15.185189,-15.197985,-21.965533
928,-15.186532,-15.195437,-21.961721
929,-15.190565,-15.201699,-21.967845
930,-15.195502,-15.198987,-21.965923
931,-15.199877,-15.197778,-21.986124
932,-15.204435,-15.199856,-21.956674
933,-15.207035,-15.201713,-21.985134
934,-15.208949,-15.199465,-21.966882
935,-15.207420,-15.204027,-21.969473
936,-15.205678,-15.211404,-21.956873
937,-15.204000,-15.202697,-21.962140
938,-15.209204,-15.201832,-21.960199
939,-15.210705,-15.202393,-21.965094
940,-15.214646,-15.203435,-21.967036
941,-15.217096,-15.206646,-21.955984
942,-15.214024,-15.211010,-21.955006
943,-15.213410,-15.209280,-21.949379
944,-15.214146,-15.217160,-21.966730
945,-15.210811,-15.216684,-21.959703
946,-15.215000,-15.221434,-21.951931
947,-15.209427,-15.217422,-21.957794
948,-15.208211,-15.218962,-21.956873
949,-15.213066,-15.217122,-21.949350
950,-15.210962,-15.213544,-21.940808
951,-15.213646,-15.221456,-21.954762
952,-15.217009,-15.220070,-21.973675
953,-15.216872,-15.214450,-21.976446
954,-15.212612,-15.221059,-21.951985
955,-15.211445,-15.224999,-21.951222
956,-15.206106,-15.224497,-21.972286
957,-15.210083,-15.223047,-21.953934
958,-15.212615,-15.225090,-21.961766
959,-15.206782,-15.218969,-21.948008
960,-15.201275,-15.224495,-21.963936
961,-15.203632,-15.222847,-21.965515
962,-15.208105,-15.227879,-21.937668
963,-15.211917,-15.227035,-21.917363
964,-15.212960,-15.235840,-21.941622
965,-15.214212,-15.239866,-21.949714
966,-15.211205,-15.241056,-21.917851
967,-15.216760,-15.238772,-21.908809
968,-15.216385,-15.234418,-21.903013
969,-15.213210,-15.236894,-21.911538
970,-15.210750,-15.237533,-21.898843
971,-15.213716,-15.238850,-21.911517
972,-15.215125,-15.241309,-21.912418
973,-15.216763,-15.238324,-21.928025
974,-15.214420,-15.236324,-21.925842
975,-15.219975,-15.239498,-21.919767
976,-15.222703,-15.242032,-21.914211
977,-15.218209,-15.248491,-21.912708
978,-15.223331,-15.245107,-21.896329
979,-15.224292,-15.245398,-21.893336
980,-15.227740,-15.242922,-21.897500
981,-15.216916,-15.242917,-21.885899
982,-15.219498,-15.244264,-21.900883
983,-15.221011,-15.241611,-21.904590
984,-15.223003,-15.240388,-21.898482
985,-15.229451,-15.239620,-21.900057
986,-15.227421,-15.240526,-21.897821
987,-15.229523,-15.238818,-21.893156
988,-15.229154,-15.241245,-21.882642
989,-15.224657,-15.233171,-21.897719
990,-15.230517,-15.239746,-21.881934
991,-15.231855,-15.242569,-21.877740
992,-15.229920,-15.251774,-21.883077
993,-15.224362,-15.246961,-21.881295
994,-15.221834,-15.243005,-21.879038
995,-15.225602,-15.239277,-21.893663
996,-15.227073,-15.243056,-21.892174
997,-15.231369,-15.232935,-21.886831
998,-15.232595,-15.236841,-21.866721
999,-15.231892,-15.235141,-21.867412
1000,-15.235772,-15.242756,-21.878181
