Epoch,chi_Mean_0.2775,chi_Mean_1.11,chi_Mean_4.44
1,-41.837215,-37.951776,-65.035416
2,-27.766285,-26.734983,-51.016338
3,-23.679305,-23.411459,-43.087178
4,-22.460773,-22.393933,-38.360682
5,-22.049293,-22.011454,-35.562820
6,-21.849870,-21.810609,-33.838105
7,-21.708573,-21.658429,-32.702371
8,-21.581031,-21.519907,-31.901696
9,-21.460280,-21.385314,-31.317377
10,-21.337804,-21.259645,-30.814260
11,-21.220335,-21.133349,-30.365175
12,-21.104079,-21.011627,-29.976561
13,-20.990060,-20.892648,-29.636135
14,-20.883935,-20.778375,-29.298009
15,-20.779796,-20.667953,-28.996336
16,-20.681231,-20.566510,-28.742358
17,-20.589278,-20.469211,-28.467260
18,-20.501028,-20.371093,-28.178619
19,-20.413137,-20.278072,-27.942709
20,-20.330229,-20.193713,-27.692448
21,-20.251454,-20.110212,-27.511140
22,-20.180054,-20.035630,-27.270341
23,-20.113431,-19.964731,-27.085352
24,-20.049496,-19.895486,-26.929160
25,-19.984502,-19.828366,-26.774124
26,-19.925137,-19.768880,-26.592297
27,-19.869460,-19.712436,-26.445283
28,-19.814268,-19.654182,-26.328732
29,-19.758986,-19.596915,-26.181141
30,-19.707303,-19.547256,-26.033778
31,-19.662570,-19.499051,-25.868646
32,-19.617940,-19.450401,-25.736717
33,-19.574822,-19.403716,-25.600125
34,-19.533092,-19.362264,-25.506641
35,-19.493176,-19.321968,-25.411862
36,-19.455853,-19.280816,-25.276927
37,-19.422679,-19.239826,-25.167392
38,-19.388614,-19.201076,-25.059312
39,-19.354145,-19.164765,-24.936789
40,-19.326239,-19.134183,-24.817924
41,-19.297272,-19.099580,-24.719014
42,-19.268119,-19.066665,-24.607178
43,-19.239382,-19.038697,-24.487353
44,-19.211473,-19.012015,-24.385572
45,-19.186198,-18.983439,-24.311628
46,-19.162091,-18.955915,-24.195675
47,-19.143542,-18.930409,-24.093137
48,-19.121007,-18.907287,-24.004610
49,-19.098989,-18.884066,-23.867312
50,-19.077412,-18.864218,-23.791471
51,-19.054914,-18.844506,-23.703630
52,-19.036061,-18.825182,-23.600546
53,-19.019228,-18.803742,-23.492689
54,-18.998526,-18.781180,-23.413976
55,-18.979885,-18.759554,-23.322954
56,-18.964136,-18.733420,-23.243664
57,-18.948210,-18.720028,-23.166801
58,-18.929539,-18.701615,-23.056072
59,-18.915985,-18.683891,-22.964612
60,-18.898805,-18.666300,-22.909229
61,-18.885154,-18.649303,-22.835251
62,-18.869739,-18.628902,-22.764325
63,-18.855555,-18.610874,-22.691182
64,-18.838978,-18.595732,-22.615651
65,-18.826774,-18.579367,-22.535851
66,-18.809478,-18.565364,-22.478464
67,-18.800127,-18.549814,-22.382431
68,-18.783973,-18.536129,-22.308173
69,-18.773563,-18.514587,-22.260865
70,-18.759797,-18.501656,-22.189983
71,-18.750874,-18.491526,-22.118941
72,-18.737840,-18.479225,-22.093596
73,-18.726335,-18.464854,-22.045690
74,-18.715210,-18.452673,-21.991689
75,-18.704065,-18.440893,-21.938665
76,-18.691444,-18.432391,-21.875534
77,-18.684734,-18.422585,-21.831431
78,-18.676714,-18.408515,-21.783948
79,-18.667762,-18.394520,-21.728595
80,-18.656704,-18.382295,-21.667706
81,-18.644190,-18.370243,-21.605837
82,-18.637918,-18.366054,-21.546101
83,-18.629470,-18.354007,-21.514945
84,-18.617519,-18.342209,-21.484520
85,-18.608704,-18.327345,-21.432500
86,-18.597198,-18.319649,-21.415883
87,-18.587351,-18.309225,-21.370992
88,-18.582653,-18.295471,-21.339671
89,-18.575204,-18.284885,-21.291933
90,-18.566527,-18.277313,-21.241571
91,-18.556730,-18.266823,-21.224164
92,-18.552007,-18.258445,-21.186780
93,-18.544590,-18.248383,-21.140197
94,-18.534157,-18.240762,-21.089964
95,-18.529716,-18.232948,-21.054255
96,-18.520509,-18.221996,-21.020870
97,-18.510962,-18.212592,-20.971248
98,-18.507928,-18.203392,-20.927880
99,-18.505425,-18.196264,-20.882016
100,-18.492364,-18.189573,-20.860329
101,-18.488181,-18.176802,-20.830820
102,-18.486523,-18.166828,-20.797248
103,-18.478850,-18.158767,-20.751273
104,-18.470841,-18.154584,-20.727121
105,-18.462988,-18.144951,-20.704488
106,-18.458431,-18.135385,-20.644702
107,-18.450861,-18.127242,-20.614226
108,-18.446344,-18.119876,-20.576728
109,-18.440294,-18.111477,-20.532444
110,-18.432619,-18.104591,-20.480226
111,-18.426753,-18.097439,-20.445781
112,-18.419479,-18.089848,-20.411580
113,-18.415379,-18.081072,-20.379948
114,-18.408943,-18.071773,-20.329019
115,-18.402149,-18.066660,-20.319989
116,-18.398433,-18.059775,-20.280609
117,-18.397579,-18.053525,-20.236255
118,-18.394468,-18.046187,-20.194023
119,-18.383624,-18.043708,-20.161797
120,-18.375114,-18.034044,-20.132860
121,-18.374899,-18.027682,-20.110463
122,-18.367374,-18.023882,-20.085379
123,-18.361781,-18.018144,-20.050050
124,-18.355620,-18.008369,-20.007876
125,-18.351042,-18.001171,-19.974361
126,-18.346397,-17.997358,-19.929740
127,-18.341129,-17.988044,-19.891654
128,-18.335903,-17.982640,-19.865886
129,-18.332320,-17.977452,-19.828595
130,-18.328118,-17.971790,-19.803569
131,-18.324020,-17.973207,-19.774084
132,-18.320537,-17.965537,-19.731535
133,-18.314638,-17.959722,-19.717643
134,-18.312448,-17.953350,-19.672477
135,-18.307128,-17.948091,-19.637653
136,-18.302689,-17.943771,-19.612182
137,-18.297348,-17.941195,-19.587030
138,-18.295045,-17.936804,-19.559209
139,-18.290991,-17.929016,-19.516763
140,-18.287874,-17.924640,-19.489588
141,-18.281336,-17.919007,-19.483818
142,-18.280434,-17.912723,-19.459506
143,-18.278005,-17.910667,-19.450709
144,-18.272421,-17.899131,-19.422438
145,-18.274689,-17.897081,-19.385022
146,-18.274049,-17.891819,-19.372104
147,-18.265880,-17.884903,-19.356784
148,-18.265274,-17.880915,-19.311326
149,-18.259623,-17.875261,-19.302390
150,-18.257495,-17.870428,-19.292492
151,-18.254172,-17.861176,-19.267717
152,-18.248729,-17.855702,-19.236968
153,-18.242402,-17.854584,-19.224198
154,-18.240713,-17.847558,-19.205636
155,-18.240539,-17.843229,-19.174298
156,-18.236343,-17.834810,-19.153004
157,-18.234617,-17.830213,-19.147855
158,-18.232382,-17.824446,-19.115714
159,-18.229033,-17.820756,-19.099955
160,-18.229624,-17.815165,-19.067525
161,-18.227433,-17.812780,-19.046166
162,-18.226498,-17.805112,-19.043092
163,-18.221044,-17.802417,-19.023824
164,-18.218631,-17.798842,-19.006935
165,-18.210907,-17.793490,-18.987652
166,-18.211283,-17.789165,-18.964035
167,-18.210702,-17.783968,-18.932568
168,-18.206428,-17.780345,-18.922714
169,-18.202146,-17.774060,-18.892856
170,-18.196396,-17.768612,-18.889028
171,-18.193892,-17.766721,-18.883561
172,-18.192442,-17.763429,-18.850892
173,-18.187588,-17.755145,-18.822668
174,-18.187342,-17.751353,-18.800266
175,-18.183234,-17.744104,-18.800603
176,-18.180602,-17.738592,-18.787855
177,-18.180081,-17.737206,-18.750381
178,-18.180042,-17.732792,-18.735611
179,-18.180927,-17.727054,-18.721134
180,-18.178871,-17.722269,-18.691229
181,-18.175495,-17.714807,-18.696335
182,-18.173940,-17.711184,-18.688938
183,-18.175504,-17.704346,-18.666184
184,-18.171099,-17.706616,-18.657242
185,-18.169216,-17.708812,-18.617952
186,-18.167917,-17.707611,-18.601609
187,-18.168238,-17.700531,-18.605365
188,-18.164918,-17.692904,-18.588578
189,-18.167272,-17.694627,-18.572277
190,-18.163492,-17.689831,-18.541509
191,-18.160415,-17.691189,-18.539401
192,-18.157487,-17.686607,-18.505377
193,-18.156055,-17.685599,-18.495522
194,-18.153229,-17.681815,-18.497003
195,-18.155776,-17.683251,-18.466085
196,-18.151784,-17.681129,-18.450811
197,-18.148573,-17.674145,-18.437875
198,-18.147476,-17.673530,-18.433533
199,-18.148436,-17.669264,-18.411442
200,-18.146873,-17.667847,-18.414031
201,-18.143169,-17.665791,-18.395813
202,-18.145528,-17.658726,-18.382263
203,-18.139405,-17.658381,-18.365894
204,-18.141344,-17.653610,-18.358472
205,-18.139817,-17.649380,-18.368495
206,-18.137059,-17.648970,-18.343721
207,-18.136662,-17.643011,-18.332779
208,-18.136050,-17.645529,-18.316844
209,-18.134129,-17.641999,-18.324475
210,-18.134012,-17.638539,-18.327197
211,-18.125280,-17.634714,-18.325406
212,-18.130693,-17.630537,-18.316448
213,-18.126540,-17.631468,-18.304412
214,-18.130048,-17.627563,-18.289594
215,-18.122734,-17.626193,-18.273306
216,-18.123241,-17.625230,-18.259173
217,-18.123521,-17.623543,-18.256295
218,-18.121307,-17.624407,-18.250726
219,-18.116178,-17.619522,-18.251552
220,-18.116988,-17.619080,-18.245880
221,-18.113320,-17.620064,-18.251666
222,-18.118297,-17.620428,-18.242674
223,-18.116027,-17.618178,-18.235607
224,-18.115098,-17.614262,-18.233251
225,-18.112582,-17.610561,-18.241425
226,-18.112520,-17.606755,-18.219882
227,-18.109126,-17.606635,-18.221154
228,-18.105748,-17.609166,-18.223314
229,-18.106075,-17.601276,-18.223400
230,-18.107421,-17.602258,-18.224626
231,-18.108127,-17.599820,-18.217514
232,-18.107362,-17.593591,-18.220001
233,-18.104652,-17.593311,-18.226018
234,-18.106878,-17.591136,-18.234377
235,-18.102447,-17.584339,-18.234155
236,-18.103094,-17.586738,-18.209797
237,-18.101534,-17.584354,-18.205995
238,-18.103581,-17.582007,-18.211062
239,-18.102769,-17.578357,-18.229127
240,-18.107697,-17.577887,-18.229705
241,-18.104068,-17.574722,-18.219921
242,-18.097311,-17.571607,-18.237755
243,-18.097931,-17.570210,-18.237954
244,-18.093680,-17.570542,-18.237496
245,-18.089892,-17.569032,-18.248983
246,-18.092034,-17.570442,-18.235988
247,-18.093542,-17.566379,-18.234666
248,-18.096518,-17.565807,-18.239919
249,-18.092726,-17.562762,-18.238068
250,-18.094298,-17.560738,-18.232413
251,-18.095335,-17.564183,-18.222812
252,-18.095078,-17.563325,-18.228843
253,-18.089198,-17.556826,-18.222629
254,-18.087697,-17.560397,-18.229562
255,-18.087456,-17.560011,-18.231930
256,-18.087522,-17.555340,-18.228631
257,-18.086571,-17.552609,-18.227167
258,-18.089045,-17.547325,-18.222566
259,-18.088804,-17.550489,-18.231596
260,-18.089781,-17.547050,-18.223741
261,-18.088015,-17.547527,-18.228392
262,-18.085316,-17.547683,-18.223110
263,-18.080473,-17.551854,-18.222454
264,-18.082016,-17.550091,-18.232563
265,-18.080641,-17.546086,-18.233791
266,-18.078920,-17.543626,-18.224803
267,-18.081218,-17.541116,-18.209757
268,-18.083895,-17.538987,-18.219925
269,-18.084938,-17.536056,-18.202367
270,-18.086119,-17.540292,-18.191715
271,-18.084139,-17.534900,-18.186114
272,-18.082886,-17.533597,-18.187147
273,-18.080981,-17.532082,-18.169564
274,-18.078026,-17.529465,-18.163012
275,-18.082374,-17.530445,-18.167892
276,-18.082228,-17.528349,-18.161590
277,-18.082288,-17.529483,-18.175056
278,-18.080095,-17.528423,-18.163132
279,-18.081596,-17.529050,-18.153093
280,-18.080582,-17.526576,-18.148069
281,-18.078992,-17.529227,-18.143089
282,-18.076119,-17.524587,-18.132841
283,-18.073394,-17.519446,-18.144261
284,-18.073271,-17.518295,-18.154572
285,-18.077155,-17.517557,-18.144437
286,-18.077124,-17.518776,-18.138970
287,-18.076839,-17.517304,-18.123374
288,-18.075928,-17.517250,-18.119121
289,-18.077160,-17.515871,-18.120239
290,-18.071421,-17.511258,-18.121895
291,-18.069336,-17.513189,-18.127717
292,-18.069302,-17.515498,-18.130122
293,-18.066628,-17.515820,-18.126749
294,-18.067430,-17.512814,-18.115113
295,-18.063647,-17.511998,-18.100511
296,-18.064186,-17.512329,-18.093358
297,-18.064443,-17.513552,-18.093467
298,-18.066116,-17.511192,-18.088501
299,-18.064133,-17.509447,-18.097831
300,-18.064402,-17.510318,-18.077023
301,-18.065000,-17.509211,-18.072002
302,-18.065532,-17.508343,-18.070203
303,-18.066361,-17.508861,-18.066033
304,-18.068148,-17.503585,-18.073110
305,-18.067413,-17.503342,-18.083799
306,-18.065622,-17.509036,-18.065043
307,-18.060303,-17.507604,-18.058498
308,-18.064034,-17.504732,-18.040305
309,-18.063295,-17.504964,-18.048102
310,-18.060952,-17.506605,-18.051039
311,-18.062473,-17.504353,-18.022439
312,-18.061378,-17.502072,-18.025022
313,-18.062956,-17.501168,-18.023648
314,-18.062110,-17.501481,-18.020234
315,-18.062558,-17.500662,-18.019781
316,-18.058886,-17.497240,-18.020885
317,-18.062190,-17.499558,-18.019283
318,-18.061529,-17.499750,-18.016921
319,-18.063703,-17.495364,-18.006966
320,-18.061386,-17.497915,-18.007152
321,-18.058371,-17.499616,-18.000542
322,-18.061711,-17.496003,-17.989225
323,-18.063401,-17.498338,-17.983880
324,-18.060306,-17.494374,-17.990228
325,-18.058645,-17.493285,-17.996700
326,-18.057783,-17.492117,-17.976429
327,-18.057205,-17.495293,-17.973284
328,-18.056823,-17.493547,-17.959114
329,-18.056456,-17.493651,-17.952868
330,-18.053208,-17.492227,-17.962088
331,-18.054762,-17.491099,-17.963346
332,-18.054465,-17.489582,-17.972610
333,-18.053534,-17.491649,-17.971568
334,-18.054811,-17.488262,-17.965360
335,-18.054048,-17.485544,-17.960069
336,-18.058853,-17.486931,-17.955166
337,-18.057458,-17.489842,-17.953294
338,-18.054432,-17.486857,-17.945565
339,-18.053573,-17.488081,-17.942294
340,-18.054966,-17.489141,-17.934707
341,-18.057285,-17.489289,-17.915983
342,-18.058553,-17.481169,-17.928090
343,-18.058078,-17.481287,-17.931459
344,-18.055444,-17.485428,-17.922339
345,-18.057292,-17.483916,-17.918679
346,-18.056140,-17.479298,-17.897923
347,-18.055732,-17.478592,-17.902947
348,-18.051063,-17.479585,-17.890371
349,-18.051098,-17.478247,-17.880662
350,-18.054902,-17.477961,-17.893388
351,-18.054481,-17.481020,-17.882925
352,-18.051775,-17.485915,-17.889178
353,-18.055965,-17.482192,-17.889254
354,-18.051221,-17.483050,-17.877740
355,-18.052911,-17.481304,-17.876238
356,-18.052070,-17.479433,-17.871586
357,-18.044720,-17.476599,-17.870560
358,-18.045169,-17.475930,-17.855266
359,-18.045357,-17.477278,-17.851371
360,-18.047380,-17.477628,-17.850387
361,-18.049416,-17.476649,-17.853602
362,-18.044568,-17.473661,-17.843548
363,-18.046665,-17.473979,-17.847656
364,-18.043889,-17.474757,-17.848154
365,-18.040970,-17.474902,-17.861114
366,-18.041112,-17.478172,-17.848183
367,-18.043851,-17.478575,-17.851054
368,-18.044755,-17.480221,-17.839085
369,-18.044414,-17.476422,-17.842176
370,-18.044374,-17.475521,-17.836067
371,-18.043040,-17.475804,-17.847779
372,-18.043231,-17.477304,-17.836296
373,-18.040356,-17.475477,-17.829926
374,-18.041143,-17.479868,-17.831423
375,-18.039764,-17.480510,-17.833094
376,-18.038715,-17.482704,-17.831952
377,-18.038584,-17.478201,-17.822083
378,-18.038520,-17.481375,-17.817635
379,-18.038710,-17.486539,-17.811237
380,-18.038138,-17.482620,-17.802664
381,-18.037549,-17.480400,-17.805999
382,-18.038661,-17.478128,-17.813602
383,-18.035848,-17.473256,-17.802721
384,-18.035674,-17.472658,-17.794235
385,-18.036280,-17.473891,-17.789838
386,-18.036042,-17.474758,-17.809855
387,-18.032517,-17.475850,-17.801320
388,-18.031205,-17.473965,-17.798002
389,-18.033202,-17.472320,-17.791090
390,-18.036321,-17.473407,-17.781259
391,-18.034942,-17.469411,-17.780453
392,-18.034232,-17.471877,-17.774261
393,-18.035842,-17.468250,-17.764871
394,-18.038280,-17.469590,-17.752850
395,-18.036887,-17.468202,-17.748367
396,-18.037453,-17.466873,-17.753925
397,-18.038680,-17.465304,-17.755482
398,-18.035033,-17.465573,-17.767976
399,-18.029716,-17.463869,-17.767486
400,-18.026202,-17.465302,-17.756099
401,-18.029711,-17.463361,-17.753807
402,-18.029540,-17.462560,-17.745976
403,-18.030420,-17.460695,-17.740407
404,-18.028966,-17.464514,-17.744345
405,-18.028485,-17.467913,-17.743546
406,-18.026942,-17.464381,-17.729001
407,-18.025189,-17.462415,-17.725856
408,-18.025169,-17.462471,-17.729372
409,-18.025038,-17.461351,-17.725720
410,-18.024040,-17.463731,-17.737144
411,-18.021362,-17.462909,-17.738518
412,-18.020252,-17.465614,-17.741329
413,-18.020231,-17.465343,-17.734045
414,-18.023357,-17.463392,-17.733501
415,-18.019709,-17.461252,-17.722618
416,-18.019344,-17.460092,-17.716323
417,-18.020306,-17.464328,-17.696289
418,-18.015876,-17.464261,-17.695080
419,-18.015690,-17.467354,-17.701225
420,-18.012658,-17.468847,-17.699835
421,-18.013897,-17.470789,-17.681838
422,-18.016030,-17.468760,-17.688466
423,-18.011349,-17.470053,-17.684263
424,-18.009187,-17.470917,-17.686554
425,-18.008883,-17.468770,-17.685771
426,-18.007022,-17.462584,-17.688337
427,-18.003599,-17.462904,-17.679389
428,-18.001225,-17.460653,-17.677394
429,-18.002342,-17.456795,-17.679656
430,-17.999775,-17.458816,-17.668642
431,-17.997864,-17.461726,-17.660850
432,-17.999978,-17.456654,-17.673354
433,-18.002598,-17.458773,-17.674095
434,-18.000472,-17.458783,-17.675738
435,-17.998565,-17.458641,-17.667892
436,-17.999657,-17.460071,-17.641839
437,-18.000512,-17.458112,-17.644193
438,-17.995524,-17.456966,-17.651904
439,-17.994490,-17.458239,-17.652214
440,-17.992897,-17.458742,-17.641825
441,-17.990321,-17.458708,-17.643727
442,-17.996632,-17.458000,-17.644551
443,-17.994596,-17.460147,-17.648174
444,-17.989063,-17.458801,-17.641915
445,-17.992219,-17.459626,-17.644236
446,-17.989396,-17.460237,-17.638498
447,-17.988840,-17.452919,-17.634035
448,-17.987705,-17.452913,-17.639799
449,-17.989127,-17.454035,-17.646299
450,-17.985699,-17.452953,-17.648761
451,-17.984975,-17.452570,-17.643650
452,-17.985082,-17.447908,-17.640306
453,-17.982210,-17.452036,-17.638314
454,-17.984909,-17.452611,-17.641084
455,-17.984160,-17.449227,-17.643640
456,-17.987494,-17.452328,-17.642854
457,-17.986332,-17.454681,-17.633035
458,-17.985657,-17.453846,-17.632823
459,-17.986595,-17.451890,-17.630213
460,-17.983776,-17.448008,-17.639972
461,-17.983773,-17.451628,-17.630641
462,-17.985339,-17.449944,-17.611408
463,-17.987271,-17.448453,-17.620831
464,-17.984190,-17.449709,-17.623971
465,-17.983124,-17.448871,-17.611395
466,-17.981966,-17.448083,-17.610882
467,-17.982747,-17.454541,-17.621628
468,-17.978037,-17.450732,-17.613590
469,-17.978480,-17.449546,-17.604794
470,-17.978003,-17.449561,-17.598247
471,-17.977190,-17.449984,-17.602428
472,-17.976732,-17.449936,-17.604772
473,-17.977400,-17.451346,-17.601002
474,-17.976889,-17.448245,-17.611764
475,-17.979360,-17.448937,-17.613295
476,-17.975011,-17.448701,-17.594358
477,-17.974454,-17.445574,-17.600703
478,-17.974784,-17.446110,-17.591329
479,-17.977185,-17.445860,-17.600730
480,-17.976791,-17.446156,-17.597310
481,-17.973170,-17.448804,-17.590783
482,-17.971266,-17.450349,-17.585494
483,-17.972292,-17.450838,-17.584732
484,-17.969763,-17.446299,-17.583313
485,-17.969888,-17.447360,-17.585703
486,-17.970112,-17.444722,-17.584996
487,-17.969470,-17.443769,-17.592751
488,-17.969886,-17.445376,-17.587799
489,-17.971181,-17.441076,-17.575503
490,-17.975075,-17.442321,-17.578288
491,-17.974823,-17.442701,-17.563222
492,-17.975935,-17.439965,-17.570490
493,-17.975649,-17.441678,-17.571729
494,-17.974080,-17.443469,-17.563962
495,-17.975716,-17.442823,-17.572274
496,-17.976283,-17.443788,-17.562242
497,-17.973611,-17.442951,-17.553833
498,-17.975012,-17.442059,-17.558115
499,-17.976206,-17.441841,-17.553136
500,-17.973502,-17.442029,-17.551713
501,-17.975601,-17.439573,-17.546342
502,-17.973894,-17.440973,-17.542822
503,-17.972035,-17.440696,-17.548029
504,-17.971406,-17.443068,-17.555730
505,-17.971465,-17.443078,-17.554226
506,-17.971254,-17.442394,-17.562197
507,-17.971956,-17.439833,-17.546948
508,-17.970052,-17.443037,-17.552872
509,-17.968769,-17.443057,-17.537262
510,-17.967480,-17.439216,-17.528827
511,-17.966344,-17.437197,-17.542356
512,-17.966193,-17.435410,-17.534053
513,-17.972595,-17.437391,-17.530417
514,-17.968316,-17.439553,-17.541392
515,-17.971011,-17.438299,-17.539127
516,-17.969833,-17.433698,-17.544938
517,-17.966206,-17.434291,-17.535416
518,-17.967161,-17.433360,-17.539771
519,-17.969506,-17.431432,-17.539615
520,-17.968723,-17.431486,-17.541042
521,-17.968724,-17.430762,-17.535691
522,-17.968902,-17.433126,-17.538517
523,-17.973886,-17.432288,-17.517328
524,-17.973883,-17.431819,-17.524096
525,-17.973028,-17.428924,-17.520777
526,-17.972177,-17.430043,-17.527448
527,-17.972899,-17.432100,-17.526843
528,-17.967338,-17.432372,-17.516190
529,-17.969488,-17.431376,-17.527261
530,-17.970714,-17.424917,-17.526985
531,-17.973514,-17.427981,-17.530434
532,-17.970956,-17.425119,-17.537748
533,-17.969450,-17.428372,-17.525982
534,-17.968244,-17.429371,-17.535936
535,-17.966603,-17.426800,-17.532364
536,-17.969243,-17.425271,-17.517708
537,-17.968575,-17.422334,-17.516303
538,-17.969489,-17.417869,-17.515369
539,-17.965293,-17.416765,-17.516147
540,-17.967566,-17.418216,-17.517027
541,-17.972446,-17.421851,-17.519535
542,-17.970399,-17.424113,-17.507233
543,-17.965096,-17.422360,-17.503722
544,-17.964726,-17.417107,-17.504346
545,-17.970138,-17.421198,-17.508645
546,-17.964666,-17.419321,-17.509951
547,-17.960724,-17.416507,-17.514629
548,-17.961952,-17.417617,-17.511755
549,-17.961418,-17.421323,-17.505525
550,-17.962341,-17.419320,-17.515434
551,-17.962485,-17.420378,-17.510362
552,-17.961194,-17.420526,-17.498371
553,-17.960849,-17.416388,-17.486258
554,-17.960509,-17.418610,-17.492457
555,-17.961501,-17.417884,-17.506652
556,-17.961284,-17.414767,-17.504795
557,-17.960048,-17.415198,-17.503753
558,-17.963132,-17.411910,-17.490428
559,-17.963273,-17.414615,-17.497522
560,-17.963388,-17.409519,-17.493362
561,-17.961492,-17.412868,-17.489448
562,-17.960765,-17.416853,-17.481975
563,-17.961993,-17.412025,-17.486982
564,-17.964628,-17.412235,-17.477360
565,-17.965937,-17.410518,-17.489471
566,-17.964191,-17.409867,-17.477118
567,-17.962952,-17.409439,-17.485890
568,-17.964932,-17.413191,-17.482976
569,-17.962073,-17.413589,-17.474264
570,-17.965387,-17.406506,-17.481447
571,-17.964682,-17.405454,-17.474344
572,-17.963004,-17.408720,-17.471181
573,-17.960644,-17.408067,-17.472107
574,-17.962930,-17.407817,-17.467339
575,-17.964845,-17.404655,-17.469398
576,-17.963092,-17.404620,-17.480217
577,-17.958206,-17.404243,-17.469908
578,-17.957852,-17.406700,-17.466703
579,-17.959449,-17.404503,-17.463496
580,-17.964668,-17.402694,-17.460310
581,-17.963987,-17.400177,-17.475941
582,-17.962370,-17.397970,-17.476676
583,-17.962365,-17.399779,-17.470960
584,-17.963950,-17.401663,-17.458271
585,-17.967685,-17.401649,-17.453031
586,-17.962771,-17.405273,-17.445644
587,-17.961315,-17.403372,-17.445294
588,-17.960691,-17.399403,-17.444167
589,-17.959411,-17.398978,-17.439722
590,-17.956428,-17.403886,-17.434784
591,-17.956301,-17.403282,-17.445963
592,-17.953323,-17.403496,-17.437333
593,-17.956979,-17.405665,-17.452773
594,-17.955272,-17.400670,-17.436711
595,-17.956707,-17.401740,-17.431336
596,-17.957609,-17.401893,-17.439068
597,-17.952061,-17.404128,-17.443684
598,-17.956445,-17.402710,-17.448467
599,-17.954687,-17.397839,-17.447174
600,-17.957330,-17.399306,-17.445928
601,-17.956493,-17.398788,-17.458397
602,-17.959530,-17.400212,-17.451578
603,-17.955878,-17.397835,-17.448669
604,-17.956851,-17.399112,-17.437473
605,-17.955222,-17.399895,-17.446984
606,-17.950252,-17.398095,-17.437966
607,-17.953103,-17.400617,-17.434948
608,-17.950688,-17.398883,-17.435681
609,-17.950435,-17.401652,-17.423818
610,-17.951948,-17.399119,-17.431322
611,-17.952916,-17.395077,-17.431393
612,-17.954165,-17.396059,-17.431270
613,-17.956588,-17.396302,-17.437677
614,-17.956429,-17.395934,-17.436559
615,-17.954662,-17.393821,-17.431487
616,-17.954640,-17.398135,-17.437726
617,-17.954397,-17.394367,-17.418186
618,-17.953295,-17.395612,-17.417710
619,-17.953814,-17.393620,-17.421394
620,-17.955502,-17.394079,-17.436538
621,-17.953462,-17.396952,-17.430656
622,-17.955073,-17.393860,-17.426602
623,-17.960225,-17.394606,-17.416038
624,-17.958607,-17.397131,-17.419742
625,-17.959955,-17.396438,-17.418585
626,-17.953738,-17.399296,-17.403540
627,-17.956026,-17.399430,-17.406252
628,-17.953991,-17.400643,-17.405310
629,-17.956758,-17.402275,-17.406439
630,-17.959629,-17.401492,-17.408271
631,-17.956654,-17.401850,-17.399377
632,-17.955546,-17.394395,-17.397234
633,-17.958044,-17.391169,-17.398771
634,-17.957499,-17.394049,-17.402147
635,-17.957446,-17.392498,-17.396985
636,-17.956147,-17.393209,-17.407590
637,-17.955532,-17.394891,-17.405108
638,-17.955726,-17.396856,-17.415772
639,-17.954695,-17.395637,-17.417117
640,-17.955726,-17.393646,-17.408026
641,-17.952987,-17.395076,-17.407791
642,-17.953800,-17.393775,-17.410529
643,-17.954807,-17.393273,-17.400498
644,-17.956753,-17.390885,-17.400809
645,-17.953458,-17.393284,-17.394678
646,-17.954871,-17.390363,-17.382473
647,-17.959701,-17.391695,-17.391522
648,-17.958822,-17.394759,-17.405440
649,-17.958169,-17.397242,-17.405937
650,-17.954925,-17.398714,-17.396475
651,-17.958131,-17.397561,-17.390057
652,-17.957663,-17.395522,-17.385072
653,-17.955877,-17.394546,-17.384652
654,-17.954473,-17.389607,-17.383632
655,-17.954901,-17.392058,-17.379035
656,-17.956122,-17.393086,-17.374107
657,-17.954884,-17.392193,-17.370198
658,-17.954675,-17.389874,-17.375050
659,-17.951847,-17.393155,-17.362334
660,-17.949717,-17.396984,-17.360383
661,-17.951892,-17.398932,-17.365752
662,-17.953028,-17.394779,-17.357893
663,-17.954916,-17.393912,-17.358232
664,-17.956495,-17.395697,-17.354254
665,-17.954962,-17.395295,-17.357030
666,-17.954595,-17.397420,-17.350754
667,-17.952655,-17.391867,-17.349894
668,-17.957766,-17.393102,-17.356511
669,-17.954294,-17.391985,-17.358302
670,-17.954741,-17.391250,-17.367496
671,-17.952284,-17.389040,-17.379176
672,-17.952792,-17.387592,-17.374460
673,-17.952168,-17.386203,-17.356499
674,-17.951034,-17.386932,-17.345340
675,-17.954901,-17.386099,-17.345883
676,-17.953275,-17.390081,-17.339419
677,-17.952367,-17.388808,-17.348160
678,-17.952912,-17.389801,-17.347197
679,-17.956912,-17.389788,-17.365350
680,-17.958918,-17.385927,-17.366491
681,-17.955246,-17.388142,-17.360808
682,-17.957805,-17.385070,-17.366102
683,-17.956366,-17.384728,-17.370693
684,-17.954777,-17.383419,-17.360181
685,-17.957107,-17.386835,-17.356355
686,-17.957814,-17.389813,-17.345111
687,-17.958604,-17.388967,-17.358009
688,-17.957776,-17.394264,-17.357029
689,-17.954115,-17.394640,-17.353942
690,-17.953972,-17.394102,-17.346559
691,-17.952059,-17.389983,-17.345564
692,-17.953634,-17.391673,-17.349127
693,-17.952540,-17.393568,-17.351865
694,-17.950268,-17.392405,-17.352820
695,-17.952466,-17.390443,-17.354384
696,-17.956835,-17.389787,-17.346754
697,-17.954681,-17.387663,-17.345770
698,-17.953207,-17.388154,-17.344558
699,-17.951950,-17.386651,-17.329060
700,-17.950071,-17.388645,-17.330579
701,-17.953750,-17.386000,-17.315687
702,-17.954712,-17.383261,-17.321591
703,-17.953344,-17.386453,-17.331087
704,-17.952897,-17.387209,-17.337165
705,-17.953970,-17.388119,-17.331494
706,-17.954495,-17.390475,-17.338139
707,-17.954733,-17.389720,-17.331907
708,-17.958608,-17.388938,-17.330789
709,-17.958609,-17.386105,-17.329838
710,-17.958622,-17.389737,-17.338742
711,-17.953577,-17.395689,-17.330059
712,-17.953992,-17.393229,-17.319885
713,-17.957871,-17.388760,-17.316471
714,-17.953580,-17.391015,-17.319130
715,-17.953887,-17.387238,-17.319047
716,-17.954571,-17.386461,-17.322338
717,-17.950798,-17.386437,-17.323533
718,-17.952723,-17.388470,-17.320128
719,-17.953405,-17.388561,-17.324342
720,-17.952146,-17.384437,-17.322906
721,-17.949383,-17.387202,-17.327812
722,-17.951227,-17.390156,-17.325655
723,-17.947374,-17.386906,-17.323364
724,-17.943506,-17.387093,-17.318654
725,-17.946287,-17.386148,-17.308996
726,-17.948092,-17.388259,-17.302011
727,-17.950276,-17.382438,-17.317092
728,-17.946731,-17.381479,-17.310951
729,-17.950022,-17.381357,-17.299746
730,-17.945436,-17.383413,-17.296831
731,-17.947559,-17.381062,-17.298387
732,-17.946925,-17.382238,-17.308325
733,-17.949216,-17.377093,-17.303681
734,-17.947003,-17.377571,-17.309598
735,-17.948496,-17.375926,-17.297367
736,-17.950581,-17.376358,-17.292123
737,-17.952139,-17.374428,-17.294540
738,-17.950298,-17.377772,-17.291008
739,-17.947211,-17.377168,-17.302427
740,-17.951347,-17.378717,-17.297971
741,-17.952050,-17.376895,-17.308095
742,-17.949265,-17.378016,-17.299668
743,-17.951909,-17.384975,-17.302512
744,-17.950923,-17.382207,-17.309661
745,-17.952653,-17.382132,-17.303202
746,-17.952790,-17.386768,-17.296624
747,-17.950694,-17.384724,-17.297852
748,-17.953518,-17.385095,-17.305727
749,-17.949961,-17.384476,-17.303247
750,-17.951438,-17.383021,-17.306830
751,-17.951331,-17.381362,-17.288570
752,-17.952042,-17.384735,-17.285701
753,-17.952346,-17.384556,-17.283834
754,-17.948803,-17.383486,-17.287413
755,-17.947371,-17.384642,-17.288088
756,-17.952923,-17.390277,-17.289852
757,-17.953220,-17.388939,-17.279282
758,-17.954004,-17.386530,-17.286135
759,-17.953708,-17.382905,-17.289693
760,-17.952655,-17.385918,-17.279011
761,-17.952098,-17.388770,-17.293658
762,-17.954410,-17.387333,-17.287916
763,-17.951405,-17.382201,-17.287008
764,-17.951189,-17.383792,-17.287240
765,-17.952880,-17.384313,-17.293359
766,-17.950124,-17.384107,-17.293581
767,-17.949733,-17.383413,-17.289238
768,-17.954694,-17.382118,-17.280731
769,-17.951956,-17.380340,-17.279698
770,-17.951689,-17.380820,-17.288508
771,-17.953636,-17.385731,-17.272753
772,-17.948482,-17.384458,-17.279013
773,-17.953180,-17.388697,-17.283125
774,-17.952896,-17.388119,-17.280016
775,-17.951744,-17.388275,-17.282452
776,-17.952095,-17.387769,-17.286795
777,-17.951921,-17.385433,-17.285925
778,-17.950680,-17.383667,-17.275041
779,-17.946986,-17.383693,-17.269113
780,-17.951076,-17.381574,-17.267956
781,-17.951139,-17.385251,-17.282597
782,-17.949160,-17.387616,-17.274821
783,-17.946543,-17.389035,-17.276351
784,-17.950493,-17.387555,-17.270094
785,-17.946150,-17.389576,-17.276175
786,-17.945307,-17.385207,-17.271324
787,-17.945124,-17.385105,-17.270209
788,-17.945161,-17.385398,-17.273044
789,-17.948449,-17.387269,-17.273500
790,-17.948966,-17.388445,-17.270476
791,-17.944031,-17.387735,-17.278559
792,-17.943150,-17.384712,-17.269766
793,-17.948505,-17.386459,-17.261558
794,-17.944597,-17.383925,-17.265219
795,-17.947535,-17.383050,-17.269728
796,-17.951060,-17.382882,-17.279239
797,-17.946729,-17.388182,-17.280031
798,-17.948681,-17.385639,-17.263713
799,-17.947110,-17.384357,-17.267894
800,-17.945038,-17.385784,-17.260464
801,-17.949233,-17.387596,-17.257682
802,-17.949456,-17.386653,-17.254888
803,-17.949032,-17.387004,-17.249531
804,-17.951732,-17.387675,-17.249873
805,-17.950670,-17.387649,-17.249599
806,-17.951100,-17.383075,-17.262334
807,-17.948404,-17.385277,-17.246391
808,-17.949207,-17.384919,-17.247337
809,-17.945201,-17.386416,-17.242707
810,-17.948277,-17.383194,-17.249763
811,-17.944752,-17.383718,-17.255032
812,-17.945215,-17.384492,-17.248203
813,-17.944581,-17.384009,-17.249143
814,-17.949062,-17.385044,-17.253518
815,-17.947567,-17.383477,-17.247399
816,-17.948572,-17.382489,-17.248913
817,-17.950013,-17.387129,-17.249411
818,-17.946912,-17.384057,-17.251090
819,-17.945480,-17.386308,-17.239771
820,-17.947066,-17.388539,-17.253356
821,-17.947247,-17.384733,-17.251051
822,-17.948352,-17.384802,-17.242724
823,-17.948779,-17.384425,-17.243585
824,-17.948358,-17.390059,-17.246788
825,-17.948798,-17.387195,-17.243955
826,-17.951163,-17.390180,-17.243945
827,-17.950039,-17.385377,-17.243354
828,-17.952651,-17.388224,-17.252711
829,-17.951345,-17.385700,-17.250856
830,-17.950890,-17.388827,-17.241897
831,-17.953502,-17.390319,-17.236964
832,-17.951411,-17.391591,-17.238226
833,-17.948769,-17.387962,-17.239579
834,-17.945336,-17.385818,-17.244811
835,-17.944333,-17.385848,-17.231568
836,-17.949553,-17.388035,-17.236522
837,-17.949742,-17.383207,-17.246646
838,-17.952493,-17.389328,-17.241818
839,-17.951364,-17.388058,-17.241412
840,-17.948973,-17.387160,-17.234082
841,-17.948864,-17.388859,-17.235702
842,-17.945942,-17.389798,-17.227382
843,-17.946413,-17.383691,-17.223842
844,-17.942761,-17.386236,-17.223367
845,-17.946528,-17.385828,-17.223273
846,-17.947034,-17.384696,-17.210864
847,-17.945471,-17.387185,-17.219571
848,-17.944940,-17.384373,-17.214481
849,-17.943784,-17.389672,-17.220476
850,-17.946212,-17.390951,-17.216199
851,-17.945230,-17.392123,-17.210493
852,-17.946148,-17.388643,-17.213574
853,-17.946713,-17.386964,-17.211529
854,-17.944309,-17.386269,-17.210095
855,-17.947128,-17.390402,-17.223999
856,-17.946458,-17.390026,-17.210784
857,-17.945909,-17.388246,-17.216320
858,-17.945407,-17.389788,-17.217506
859,-17.948673,-17.391108,-17.216876
860,-17.943640,-17.388627,-17.213582
861,-17.946323,-17.389043,-17.207324
862,-17.947695,-17.387485,-17.206973
863,-17.948055,-17.386082,-17.216080
864,-17.947782,-17.387251,-17.214718
865,-17.950093,-17.387743,-17.209932
866,-17.950501,-17.389342,-17.208137
867,-17.951463,-17.386286,-17.207694
868,-17.947243,-17.388228,-17.201926
869,-17.945780,-17.388876,-17.208076
870,-17.945722,-17.386915,-17.205700
871,-17.945722,-17.390427,-17.202876
872,-17.944097,-17.384693,-17.203911
873,-17.944848,-17.382788,-17.205868
874,-17.946929,-17.381591,-17.205341
875,-17.949028,-17.382474,-17.203578
876,-17.952779,-17.383393,-17.213047
877,-17.949995,-17.385673,-17.218524
878,-17.947861,-17.384227,-17.207404
879,-17.948036,-17.386490,-17.208664
880,-17.948657,-17.388326,-17.220745
881,-17.946191,-17.386575,-17.215961
882,-17.947981,-17.385560,-17.209591
883,-17.948070,-17.383867,-17.214348
884,-17.946726,-17.384870,-17.209439
885,-17.947660,-17.384332,-17.209422
886,-17.949438,-17.383250,-17.209560
887,-17.951847,-17.386348,-17.204871
888,-17.950253,-17.386201,-17.206978
889,-17.947244,-17.386524,-17.208655
890,-17.949042,-17.388359,-17.209759
891,-17.949642,-17.391733,-17.195966
892,-17.949422,-17.391826,-17.196557
893,-17.954135,-17.389803,-17.208440
894,-17.949994,-17.388216,-17.204020
895,-17.948138,-17.385444,-17.196086
896,-17.949956,-17.386890,-17.199302
897,-17.952367,-17.388680,-17.198397
898,-17.954167,-17.386017,-17.195237
899,-17.952309,-17.389566,-17.184413
900,-17.954998,-17.385320,-17.184636
901,-17.955733,-17.387260,-17.180783
902,-17.951914,-17.386716,-17.181468
903,-17.953678,-17.388277,-17.181387
904,-17.952941,-17.388128,-17.191065
905,-17.950095,-17.388271,-17.188051
906,-17.950035,-17.388758,-17.191030
907,-17.949884,-17.386040,-17.181341
908,-17.951995,-17.385937,-17.169715
909,-17.948070,-17.388919,-17.177738
910,-17.950384,-17.389593,-17.174509
911,-17.953444,-17.388129,-17.186384
912,-17.951679,-17.387505,-17.179948
913,-17.948055,-17.385886,-17.181843
914,-17.949699,-17.383458,-17.179438
915,-17.951486,-17.383936,-17.180355
916,-17.953510,-17.380870,-17.178305
917,-17.949792,-17.381268,-17.182862
918,-17.950032,-17.383674,-17.181654
919,-17.949596,-17.385923,-17.187150
920,-17.948243,-17.383598,-17.177922
921,-17.949022,-17.383350,-17.174921
922,-17.949288,-17.378843,-17.171965
923,-17.946260,-17.377452,-17.180577
924,-17.945881,-17.373339,-17.171607
925,-17.944294,-17.376544,-17.170417
926,-17.945342,-17.379352,-17.168066
927,-17.945635,-17.383995,-17.175677
928,-17.945197,-17.383830,-17.179761
929,-17.945043,-17.384480,-17.180903
930,-17.949811,-17.381777,-17.177254
931,-17.948595,-17.378246,-17.184664
932,-17.950828,-17.378744,-17.175056
933,-17.946687,-17.377256,-17.179730
934,-17.948637,-17.377917,-17.176028
935,-17.945912,-17.375176,-17.170336
936,-17.941186,-17.375059,-17.181222
937,-17.939365,-17.373911,-17.185534
938,-17.937446,-17.381654,-17.179349
939,-17.940050,-17.381164,-17.184273
940,-17.938922,-17.380257,-17.178102
941,-17.943420,-17.382241,-17.173981
942,-17.946850,-17.382382,-17.166656
943,-17.947718,-17.378638,-17.168166
944,-17.945816,-17.376133,-17.172734
945,-17.945064,-17.379664,-17.165146
946,-17.945296,-17.380880,-17.167615
947,-17.943478,-17.382213,-17.167640
948,-17.946136,-17.385022,-17.166317
949,-17.944499,-17.381888,-17.170386
950,-17.943674,-17.380810,-17.166589
951,-17.941588,-17.380462,-17.176753
952,-17.943595,-17.380979,-17.179520
953,-17.942604,-17.379326,-17.179731
954,-17.942525,-17.378943,-17.176472
955,-17.942428,-17.381424,-17.169531
956,-17.938282,-17.378527,-17.159688
957,-17.940216,-17.377286,-17.168247
958,-17.940399,-17.379196,-17.161471
959,-17.941005,-17.379039,-17.155744
960,-17.940721,-17.379628,-17.160003
961,-17.936341,-17.381433,-17.156320
962,-17.936761,-17.377649,-17.149802
963,-17.932351,-17.381328,-17.152893
964,-17.932113,-17.381778,-17.160854
965,-17.939965,-17.379467,-17.154011
966,-17.940622,-17.379423,-17.151349
967,-17.937884,-17.383326,-17.153368
968,-17.937489,-17.379080,-17.159280
969,-17.937470,-17.384216,-17.165282
970,-17.940888,-17.382378,-17.160487
971,-17.941339,-17.379715,-17.155196
972,-17.944490,-17.379731,-17.142812
973,-17.944477,-17.376727,-17.144642
974,-17.942921,-17.376371,-17.142476
975,-17.943748,-17.373790,-17.140938
976,-17.945205,-17.374948,-17.138496
977,-17.942329,-17.374835,-17.143166
978,-17.946201,-17.375674,-17.146766
979,-17.947382,-17.379428,-17.148648
980,-17.945105,-17.379414,-17.153729
981,-17.945466,-17.379914,-17.153554
982,-17.945782,-17.376577,-17.153727
983,-17.946001,-17.375622,-17.152612
984,-17.941094,-17.376855,-17.144126
985,-17.945420,-17.373791,-17.148285
986,-17.944074,-17.379335,-17.156530
987,-17.946287,-17.373982,-17.156030
988,-17.938734,-17.374885,-17.149363
989,-17.940085,-17.372663,-17.147228
990,-17.944338,-17.377981,-17.134207
991,-17.944396,-17.372818,-17.132530
992,-17.945620,-17.374603,-17.130883
993,-17.943034,-17.372847,-17.131064
994,-17.944011,-17.372030,-17.130981
995,-17.942183,-17.373096,-17.132405
996,-17.944636,-17.367665,-17.128402
997,-17.946040,-17.368550,-17.145199
998,-17.946236,-17.365362,-17.147896
999,-17.944754,-17.365708,-17.142952
1000,-17.942593,-17.365141,-17.138506
