Epoch,chi_Mean_0.235,chi_Mean_0.94
1,-44.837608,-39.520100
2,-35.259252,-28.392786
3,-30.773936,-23.960560
4,-27.591426,-21.707235
5,-25.221358,-20.588669
6,-23.422253,-20.068031
7,-22.107889,-19.649850
8,-21.109310,-19.372988
9,-20.409591,-19.109116
10,-19.955444,-19.031559
11,-19.618361,-18.856645
12,-19.370007,-18.790055
13,-19.227193,-18.554316
14,-19.014502,-18.513441
15,-18.886479,-18.474917
16,-18.821139,-18.367531
17,-18.763495,-18.309719
18,-18.716520,-18.313764
19,-18.609474,-18.355896
20,-18.602152,-18.279786
21,-18.519245,-18.274067
22,-18.494311,-18.239765
23,-18.438063,-18.174345
24,-18.463293,-18.145246
25,-18.425408,-18.066456
26,-18.294764,-18.046872
27,-18.287751,-17.995839
28,-18.301241,-17.983882
29,-18.287430,-18.010159
30,-18.308761,-17.853314
31,-18.234582,-17.847066
32,-18.161961,-17.851639
33,-18.139773,-17.702947
34,-18.101285,-17.685836
35,-18.043262,-17.692071
36,-18.021383,-17.589701
37,-17.934149,-17.615050
38,-17.918909,-17.623909
39,-17.838527,-17.567800
40,-17.741499,-17.445312
41,-17.762494,-17.487020
42,-17.736979,-17.522473
43,-17.785540,-17.444711
44,-17.781347,-17.333325
45,-17.773496,-17.421004
46,-17.706902,-17.410385
47,-17.760003,-17.447901
48,-17.701558,-17.450451
49,-17.801377,-17.423688
50,-17.716220,-17.356520
51,-17.667460,-17.393457
52,-17.712645,-17.319733
53,-17.719734,-17.333806
54,-17.727207,-17.356387
55,-17.670244,-17.281975
56,-17.730053,-17.335671
57,-17.748767,-17.264998
58,-17.651628,-17.258651
59,-17.697289,-17.251158
60,-17.602699,-17.248208
61,-17.599752,-17.218271
62,-17.604665,-17.206517
63,-17.537452,-17.248284
64,-17.656601,-17.264007
65,-17.574018,-17.226687
66,-17.567729,-17.163648
67,-17.639575,-17.138860
68,-17.585042,-17.115637
69,-17.575471,-17.162219
70,-17.541471,-17.104476
71,-17.601515,-17.191110
72,-17.515517,-17.080796
73,-17.473932,-17.079090
74,-17.446980,-17.093113
75,-17.534908,-17.082477
76,-17.467499,-17.018066
77,-17.465858,-17.108602
78,-17.393305,-17.104083
79,-17.424235,-17.058766
80,-17.421416,-17.086193
81,-17.397365,-17.099246
82,-17.374960,-17.080978
83,-17.406760,-17.043114
84,-17.395556,-17.026740
85,-17.341204,-17.083499
86,-17.391779,-17.015415
87,-17.326302,-16.999819
88,-17.420957,-17.036722
89,-17.407096,-17.007837
90,-17.363910,-16.989482
91,-17.401139,-16.994895
92,-17.370883,-16.945823
93,-17.281311,-16.967366
94,-17.364371,-16.932410
95,-17.401261,-16.910501
96,-17.323604,-16.894172
97,-17.388724,-16.947765
98,-17.329362,-16.897047
99,-17.277901,-16.850669
100,-17.318558,-16.868116
101,-17.265444,-16.875156
102,-17.288622,-16.859886
103,-17.288199,-16.897760
104,-17.205126,-16.860541
105,-17.262730,-16.884259
106,-17.331282,-16.864600
107,-17.273434,-16.884907
108,-17.184560,-16.920618
109,-17.193022,-16.918156
110,-17.261940,-16.818315
111,-17.168617,-16.842901
112,-17.233537,-16.778250
113,-17.147482,-16.789260
114,-17.240320,-16.767883
115,-17.225169,-16.769825
116,-17.171367,-16.756114
117,-17.172036,-16.819533
118,-17.170216,-16.746767
119,-17.215839,-16.793962
120,-17.194649,-16.848927
121,-17.158587,-16.690983
122,-17.135145,-16.750988
123,-17.128471,-16.761043
124,-17.160806,-16.718878
125,-17.117862,-16.722401
126,-17.156257,-16.692140
127,-17.174159,-16.767032
128,-17.147887,-16.691824
129,-17.128270,-16.676499
130,-17.171556,-16.665811
131,-17.175247,-16.716779
132,-17.190398,-16.709599
133,-17.159955,-16.726597
134,-17.145231,-16.732541
135,-17.168041,-16.718288
136,-17.164531,-16.727133
137,-17.054059,-16.671438
138,-17.108961,-16.670496
139,-17.116227,-16.661478
140,-17.097869,-16.642957
141,-17.077641,-16.727960
142,-17.132777,-16.679600
143,-17.054950,-16.633145
144,-17.091251,-16.679619
145,-17.152532,-16.669641
146,-17.057668,-16.622479
147,-17.081304,-16.639913
148,-17.149831,-16.615314
149,-17.110266,-16.651884
150,-17.111094,-16.661795
151,-17.132748,-16.636520
152,-17.106916,-16.608273
153,-17.117600,-16.696002
154,-17.091393,-16.653835
155,-17.076115,-16.620837
156,-17.076663,-16.644622
157,-17.104234,-16.645754
158,-17.153979,-16.589965
159,-17.101668,-16.660989
160,-17.158326,-16.720828
161,-17.110736,-16.613180
162,-17.146526,-16.625385
163,-17.128573,-16.587120
164,-17.094786,-16.575844
165,-17.054730,-16.637485
166,-17.119934,-16.581812
167,-17.136855,-16.555140
168,-17.150782,-16.511166
169,-17.122407,-16.591266
170,-17.118127,-16.577629
171,-17.070348,-16.518354
172,-17.161391,-16.524879
173,-17.110534,-16.535674
174,-17.115298,-16.536220
175,-17.103158,-16.578291
176,-17.135378,-16.539902
177,-17.153525,-16.517173
178,-17.200776,-16.572310
179,-17.132840,-16.545323
180,-17.147951,-16.543257
181,-17.067374,-16.534795
182,-17.082586,-16.584199
183,-17.106541,-16.582558
184,-17.173956,-16.577359
185,-17.123024,-16.543427
186,-17.148510,-16.512632
187,-17.137309,-16.531303
188,-17.112409,-16.564044
189,-17.141747,-16.505086
190,-17.141401,-16.455039
191,-17.152548,-16.572412
192,-17.080567,-16.463307
193,-17.129502,-16.488001
194,-17.157877,-16.509310
195,-17.163385,-16.576266
196,-17.146647,-16.536961
197,-17.166295,-16.532466
198,-17.133634,-16.640916
199,-17.184861,-16.569828
200,-17.151559,-16.562925
201,-17.192772,-16.462919
202,-17.248146,-16.549010
203,-17.182644,-16.633949
204,-17.206123,-16.583416
205,-17.248804,-16.513473
206,-17.245420,-16.511279
207,-17.286067,-16.528312
208,-17.225897,-16.534697
209,-17.225601,-16.544838
210,-17.195938,-16.580372
211,-17.186490,-16.537848
212,-17.240929,-16.544544
213,-17.233964,-16.501735
214,-17.202602,-16.595129
215,-17.230201,-16.513814
216,-17.268202,-16.455449
217,-17.198802,-16.433809
218,-17.240383,-16.471377
219,-17.231172,-16.497225
220,-17.215081,-16.459160
221,-17.252671,-16.503445
222,-17.317195,-16.529249
223,-17.266994,-16.450052
224,-17.306964,-16.509826
225,-17.270059,-16.487765
226,-17.271975,-16.485913
227,-17.278937,-16.442187
228,-17.282773,-16.499479
229,-17.286821,-16.466509
230,-17.329575,-16.465169
231,-17.263711,-16.511526
232,-17.252743,-16.503398
233,-17.230654,-16.521323
234,-17.248942,-16.488876
235,-17.269069,-16.539921
236,-17.273748,-16.555489
237,-17.217654,-16.551833
238,-17.282040,-16.527954
239,-17.254077,-16.485280
240,-17.284894,-16.502350
241,-17.289045,-16.505630
242,-17.283072,-16.534116
243,-17.304464,-16.487828
244,-17.251374,-16.532487
245,-17.262353,-16.524590
246,-17.337083,-16.483951
247,-17.343629,-16.446319
248,-17.262364,-16.504146
249,-17.274675,-16.506620
250,-17.337913,-16.587765
251,-17.304088,-16.499128
252,-17.311974,-16.483255
253,-17.333684,-16.562006
254,-17.285051,-16.524385
255,-17.368213,-16.457913
256,-17.301767,-16.460589
257,-17.273972,-16.507124
258,-17.306714,-16.480932
259,-17.334651,-16.485051
260,-17.252846,-16.472161
261,-17.294570,-16.511263
262,-17.370034,-16.562657
263,-17.290375,-16.550696
264,-17.329183,-16.489194
265,-17.287161,-16.500730
266,-17.289445,-16.502917
267,-17.338979,-16.497415
268,-17.349791,-16.506757
269,-17.276347,-16.465302
270,-17.296980,-16.474355
271,-17.264393,-16.567789
272,-17.303419,-16.535741
273,-17.283727,-16.496939
274,-17.330605,-16.520119
275,-17.298093,-16.464253
276,-17.359580,-16.502542
277,-17.237270,-16.521384
278,-17.330882,-16.541724
279,-17.260083,-16.518066
280,-17.336367,-16.581510
281,-17.251616,-16.500407
282,-17.259817,-16.553544
283,-17.266754,-16.491876
284,-17.276171,-16.545467
285,-17.267562,-16.517998
286,-17.308846,-16.531940
287,-17.321864,-16.544676
288,-17.424908,-16.571331
289,-17.301608,-16.482938
290,-17.272586,-16.501310
291,-17.303899,-16.523893
292,-17.293252,-16.444155
293,-17.394798,-16.551702
294,-17.313140,-16.539782
295,-17.325250,-16.528905
296,-17.244496,-16.585750
297,-17.317718,-16.545096
298,-17.278752,-16.463357
299,-17.243594,-16.520658
300,-17.270464,-16.564461
301,-17.321784,-16.545058
302,-17.309381,-16.555255
303,-17.340570,-16.585342
304,-17.239646,-16.555391
305,-17.322465,-16.481460
306,-17.334637,-16.431998
307,-17.347989,-16.537579
308,-17.383974,-16.511962
309,-17.324979,-16.504871
310,-17.346977,-16.433499
311,-17.326019,-16.514590
312,-17.318724,-16.492612
313,-17.329685,-16.547604
314,-17.327388,-16.510975
315,-17.367576,-16.486945
316,-17.236975,-16.550702
317,-17.318567,-16.562623
318,-17.327889,-16.602671
319,-17.390293,-16.532796
320,-17.317327,-16.509769
321,-17.296085,-16.532040
322,-17.324161,-16.467593
323,-17.341531,-16.538889
324,-17.310973,-16.514646
325,-17.245159,-16.528989
326,-17.332660,-16.491885
327,-17.327651,-16.422889
328,-17.300800,-16.500888
329,-17.289096,-16.534504
330,-17.330347,-16.511079
331,-17.314227,-16.595325
332,-17.281266,-16.479780
333,-17.330147,-16.516755
334,-17.313381,-16.580215
335,-17.277399,-16.537546
336,-17.327214,-16.580995
337,-17.340861,-16.521393
338,-17.296661,-16.517165
339,-17.312993,-16.492258
340,-17.357129,-16.497321
341,-17.313011,-16.541709
342,-17.354387,-16.539954
343,-17.333776,-16.523755
344,-17.349547,-16.528073
345,-17.352100,-16.537134
346,-17.352536,-16.519917
347,-17.288966,-16.564893
348,-17.306542,-16.492536
349,-17.407987,-16.595417
350,-17.324191,-16.666934
351,-17.367394,-16.487110
352,-17.429004,-16.548937
353,-17.345310,-16.613197
354,-17.339129,-16.558000
355,-17.349787,-16.612866
356,-17.368108,-16.626252
357,-17.352335,-16.587850
358,-17.319218,-16.532527
359,-17.297476,-16.468156
360,-17.336717,-16.525255
361,-17.359403,-16.522922
362,-17.331387,-16.448232
363,-17.376942,-16.577700
364,-17.354929,-16.595687
365,-17.315345,-16.545284
366,-17.351591,-16.527044
367,-17.315004,-16.579838
368,-17.341766,-16.482655
369,-17.327353,-16.505386
370,-17.292954,-16.610313
371,-17.302254,-16.573227
372,-17.395869,-16.618728
373,-17.345963,-16.583983
374,-17.315253,-16.521523
375,-17.334612,-16.603529
376,-17.345970,-16.514881
377,-17.347996,-16.552224
378,-17.289751,-16.568041
379,-17.379880,-16.526295
380,-17.370867,-16.577479
381,-17.374440,-16.640917
382,-17.364331,-16.593529
383,-17.381781,-16.542291
384,-17.333429,-16.560781
385,-17.405783,-16.554129
386,-17.356257,-16.582549
387,-17.344153,-16.618605
388,-17.368775,-16.574797
389,-17.374577,-16.575079
390,-17.350823,-16.565126
391,-17.399733,-16.562238
392,-17.376627,-16.608336
393,-17.358909,-16.579917
394,-17.394344,-16.603082
395,-17.346555,-16.658797
396,-17.340076,-16.625660
397,-17.431101,-16.638842
398,-17.366860,-16.623478
399,-17.333919,-16.659833
400,-17.357691,-16.656889
401,-17.332922,-16.655001
402,-17.355116,-16.556806
403,-17.354253,-16.659731
404,-17.401305,-16.599268
405,-17.396605,-16.642059
406,-17.416043,-16.578344
407,-17.332848,-16.561362
408,-17.321667,-16.594485
409,-17.338162,-16.638002
410,-17.353232,-16.654810
411,-17.343512,-16.649060
412,-17.413199,-16.631012
413,-17.354492,-16.635818
414,-17.336288,-16.710102
415,-17.395132,-16.641839
416,-17.333351,-16.656055
417,-17.398942,-16.678817
418,-17.437251,-16.677563
419,-17.437589,-16.700301
420,-17.413369,-16.691421
421,-17.391793,-16.673858
422,-17.429208,-16.695692
423,-17.374489,-16.662008
424,-17.441435,-16.650576
425,-17.347615,-16.688804
426,-17.366481,-16.683428
427,-17.329745,-16.728117
428,-17.459405,-16.677171
429,-17.400564,-16.663872
430,-17.392217,-16.658939
431,-17.379782,-16.664896
432,-17.381244,-16.782441
433,-17.389684,-16.731508
434,-17.350714,-16.640709
435,-17.351276,-16.596396
436,-17.378166,-16.668054
437,-17.314977,-16.642807
438,-17.404969,-16.669756
439,-17.267026,-16.661632
440,-17.290729,-16.641194
441,-17.375633,-16.632959
442,-17.401670,-16.635413
443,-17.347377,-16.629915
444,-17.369428,-16.675796
445,-17.343574,-16.569272
446,-17.274017,-16.650012
447,-17.324499,-16.681440
448,-17.375786,-16.653138
449,-17.337213,-16.653522
450,-17.422540,-16.717126
451,-17.368003,-16.572392
452,-17.385069,-16.620573
453,-17.389068,-16.583475
454,-17.331580,-16.663607
455,-17.339169,-16.597226
456,-17.303115,-16.564991
457,-17.352438,-16.676457
458,-17.331269,-16.566008
459,-17.304664,-16.606869
460,-17.262413,-16.613132
461,-17.322871,-16.519028
462,-17.340070,-16.591446
463,-17.293493,-16.512462
464,-17.317155,-16.571364
465,-17.305532,-16.600165
466,-17.243593,-16.575083
467,-17.342400,-16.524399
468,-17.261784,-16.550583
469,-17.283042,-16.519607
470,-17.333825,-16.558764
471,-17.314286,-16.637072
472,-17.319491,-16.583949
473,-17.277708,-16.580232
474,-17.320145,-16.559047
475,-17.309349,-16.543082
476,-17.287565,-16.568447
477,-17.318782,-16.586262
478,-17.345268,-16.546721
479,-17.335676,-16.513595
480,-17.294010,-16.582792
481,-17.347511,-16.519069
482,-17.336155,-16.545387
483,-17.274916,-16.544612
484,-17.292955,-16.472950
485,-17.332132,-16.542637
486,-17.371456,-16.469413
487,-17.278172,-16.480161
488,-17.237308,-16.442511
489,-17.397106,-16.561567
490,-17.369233,-16.513648
491,-17.359885,-16.487416
492,-17.305410,-16.475451
493,-17.359836,-16.510667
494,-17.380955,-16.497592
495,-17.319756,-16.535983
496,-17.367965,-16.468357
497,-17.330947,-16.510292
498,-17.300814,-16.512306
499,-17.363495,-16.592480
500,-17.389639,-16.546828
501,-17.347198,-16.524322
502,-17.402207,-16.466245
503,-17.403296,-16.472117
504,-17.440680,-16.482531
505,-17.396669,-16.495871
506,-17.360548,-16.502836
507,-17.364406,-16.495359
508,-17.335340,-16.468326
509,-17.399281,-16.482031
510,-17.328877,-16.485164
511,-17.342577,-16.439882
512,-17.454670,-16.465825
513,-17.409490,-16.508315
514,-17.439392,-16.475945
515,-17.369516,-16.522332
516,-17.354205,-16.504309
517,-17.360949,-16.450915
518,-17.419808,-16.442947
519,-17.434510,-16.560402
520,-17.367725,-16.561851
521,-17.385297,-16.501861
522,-17.373928,-16.479680
523,-17.464094,-16.522389
524,-17.386782,-16.476010
525,-17.407050,-16.517194
526,-17.343773,-16.448837
527,-17.372998,-16.491528
528,-17.396198,-16.484241
529,-17.431340,-16.464797
530,-17.420163,-16.415218
531,-17.377487,-16.415950
532,-17.402444,-16.463914
533,-17.357211,-16.455642
534,-17.418693,-16.486434
535,-17.480990,-16.477866
536,-17.387021,-16.527301
537,-17.482859,-16.490830
538,-17.434922,-16.476728
539,-17.439341,-16.431332
540,-17.438720,-16.442545
541,-17.405206,-16.464652
542,-17.351958,-16.479222
543,-17.437421,-16.468347
544,-17.419602,-16.389384
545,-17.409839,-16.414560
546,-17.478456,-16.500152
547,-17.444919,-16.496569
548,-17.393072,-16.408637
549,-17.372054,-16.388750
550,-17.366234,-16.456991
551,-17.368013,-16.431276
552,-17.406791,-16.462914
553,-17.410098,-16.421141
554,-17.441030,-16.494300
555,-17.370192,-16.424818
556,-17.392604,-16.476398
557,-17.390057,-16.385544
558,-17.320558,-16.435844
559,-17.333247,-16.464104
560,-17.271411,-16.421910
561,-17.316922,-16.404253
562,-17.366902,-16.453214
563,-17.317632,-16.477513
564,-17.373893,-16.419683
565,-17.403680,-16.466396
566,-17.364433,-16.406820
567,-17.394159,-16.405005
568,-17.400193,-16.382173
569,-17.390715,-16.417089
570,-17.279292,-16.436139
571,-17.370582,-16.464564
572,-17.327868,-16.470440
573,-17.395145,-16.387607
574,-17.362936,-16.466601
575,-17.359934,-16.444658
576,-17.387235,-16.419283
577,-17.366773,-16.389381
578,-17.352983,-16.400530
579,-17.381616,-16.442649
580,-17.370018,-16.490255
581,-17.395791,-16.507454
582,-17.390745,-16.407968
583,-17.392939,-16.371862
584,-17.390217,-16.375668
585,-17.398519,-16.384979
586,-17.378599,-16.409962
587,-17.372676,-16.384211
588,-17.360784,-16.399952
589,-17.361509,-16.458051
590,-17.344273,-16.413356
591,-17.364637,-16.439647
592,-17.341078,-16.401028
593,-17.405629,-16.407473
594,-17.331539,-16.369048
595,-17.378321,-16.354477
596,-17.317423,-16.404996
597,-17.349113,-16.389725
598,-17.397272,-16.429613
599,-17.384511,-16.362947
600,-17.381720,-16.356547
601,-17.403291,-16.407287
602,-17.397007,-16.368056
603,-17.387097,-16.309600
604,-17.361152,-16.332373
605,-17.390203,-16.376849
606,-17.347602,-16.327114
607,-17.338852,-16.364380
608,-17.414862,-16.344899
609,-17.410857,-16.371692
610,-17.405698,-16.429765
611,-17.429355,-16.401846
612,-17.367335,-16.437970
613,-17.359035,-16.435782
614,-17.368086,-16.383894
615,-17.387063,-16.359558
616,-17.364979,-16.413216
617,-17.417592,-16.419407
618,-17.397647,-16.445882
619,-17.330210,-16.428093
620,-17.376621,-16.354635
621,-17.287958,-16.357629
622,-17.370660,-16.388922
623,-17.358963,-16.366001
624,-17.368259,-16.435852
625,-17.395144,-16.380871
626,-17.383329,-16.358003
627,-17.364436,-16.383175
628,-17.307175,-16.397561
629,-17.386856,-16.391254
630,-17.391212,-16.510523
631,-17.444902,-16.467654
632,-17.261683,-16.431913
633,-17.276208,-16.412942
634,-17.287959,-16.412713
635,-17.337099,-16.386986
636,-17.398019,-16.404481
637,-17.387509,-16.410746
638,-17.342625,-16.404946
639,-17.344766,-16.318532
640,-17.363889,-16.439836
641,-17.381770,-16.451748
642,-17.374137,-16.413836
643,-17.446317,-16.461594
644,-17.471555,-16.355522
645,-17.360329,-16.366473
646,-17.417985,-16.392296
647,-17.429073,-16.443517
648,-17.357886,-16.416559
649,-17.406303,-16.464918
650,-17.339266,-16.375262
651,-17.348316,-16.424057
652,-17.353949,-16.373317
653,-17.344990,-16.420887
654,-17.382525,-16.424160
655,-17.415566,-16.432818
656,-17.358890,-16.372739
657,-17.381558,-16.429384
658,-17.343076,-16.401113
659,-17.361975,-16.456013
660,-17.431832,-16.481045
661,-17.293757,-16.435735
662,-17.353444,-16.427752
663,-17.362664,-16.367194
664,-17.430963,-16.389315
665,-17.400552,-16.458483
666,-17.361181,-16.410046
667,-17.362132,-16.319019
668,-17.327065,-16.404538
669,-17.356667,-16.372325
670,-17.340039,-16.432564
671,-17.399948,-16.393028
672,-17.362681,-16.338854
673,-17.411125,-16.363752
674,-17.429547,-16.362941
675,-17.305689,-16.348900
676,-17.415569,-16.373890
677,-17.418898,-16.341105
678,-17.354718,-16.376906
679,-17.370928,-16.349595
680,-17.393241,-16.384393
681,-17.348671,-16.387673
682,-17.413802,-16.367561
683,-17.343762,-16.355684
684,-17.341044,-16.385879
685,-17.386423,-16.373250
686,-17.370620,-16.325105
687,-17.331778,-16.370735
688,-17.375376,-16.344675
689,-17.270059,-16.396084
690,-17.352824,-16.393342
691,-17.358423,-16.407115
692,-17.383363,-16.400328
693,-17.387666,-16.442476
694,-17.351024,-16.410963
695,-17.347227,-16.360246
696,-17.352467,-16.384884
697,-17.383332,-16.428218
698,-17.321246,-16.424211
699,-17.340894,-16.359967
700,-17.415984,-16.285093
701,-17.356198,-16.344320
702,-17.376943,-16.387625
703,-17.394780,-16.341324
704,-17.345270,-16.353822
705,-17.425052,-16.374815
706,-17.351727,-16.417552
707,-17.336531,-16.372157
708,-17.349627,-16.396181
709,-17.345797,-16.403308
710,-17.351683,-16.403223
711,-17.377607,-16.373301
712,-17.341230,-16.341433
713,-17.370563,-16.341752
714,-17.397489,-16.345782
715,-17.298973,-16.348555
716,-17.278804,-16.341803
717,-17.341533,-16.371012
718,-17.393670,-16.350957
719,-17.327853,-16.402632
720,-17.390329,-16.330110
721,-17.354361,-16.361432
722,-17.347309,-16.334698
723,-17.333359,-16.367679
724,-17.378146,-16.367310
725,-17.335205,-16.357364
726,-17.404562,-16.346588
727,-17.283798,-16.375281
728,-17.330697,-16.376757
729,-17.350128,-16.347286
730,-17.369654,-16.359021
731,-17.384350,-16.396430
732,-17.335785,-16.311989
733,-17.324157,-16.401794
734,-17.321130,-16.340667
735,-17.372818,-16.363066
736,-17.350371,-16.378060
737,-17.308058,-16.386001
738,-17.323555,-16.333453
739,-17.294502,-16.330300
740,-17.319648,-16.391999
741,-17.278564,-16.361278
742,-17.307185,-16.330546
743,-17.276429,-16.382141
744,-17.359593,-16.322367
745,-17.300111,-16.382762
746,-17.356477,-16.361274
747,-17.386030,-16.434469
748,-17.351678,-16.450495
749,-17.405940,-16.377625
750,-17.394823,-16.379404
751,-17.327908,-16.332990
752,-17.377155,-16.321709
753,-17.326719,-16.330307
754,-17.348228,-16.339380
755,-17.302143,-16.398152
756,-17.348206,-16.297528
757,-17.304912,-16.348666
758,-17.304603,-16.381905
759,-17.251599,-16.299178
760,-17.320882,-16.357535
761,-17.299284,-16.289360
762,-17.318572,-16.309114
763,-17.284525,-16.313511
764,-17.311487,-16.388151
765,-17.265842,-16.286773
766,-17.287165,-16.334916
767,-17.309988,-16.273733
768,-17.291921,-16.354296
769,-17.326149,-16.354354
770,-17.318399,-16.344852
771,-17.313117,-16.303820
772,-17.256587,-16.276435
773,-17.314766,-16.334634
774,-17.300006,-16.344962
775,-17.292819,-16.362193
776,-17.325191,-16.395162
777,-17.278068,-16.415110
778,-17.279822,-16.312513
779,-17.265368,-16.394329
780,-17.282401,-16.320365
781,-17.305179,-16.432687
782,-17.300555,-16.326558
783,-17.275172,-16.376794
784,-17.319440,-16.294574
785,-17.279114,-16.332692
786,-17.312579,-16.322497
787,-17.275471,-16.404577
788,-17.386157,-16.311462
789,-17.310857,-16.359870
790,-17.334933,-16.322937
791,-17.325769,-16.345621
792,-17.276962,-16.349404
793,-17.297767,-16.277065
794,-17.315947,-16.326320
795,-17.282671,-16.298997
796,-17.380645,-16.331701
797,-17.306213,-16.328426
798,-17.292659,-16.352694
799,-17.304437,-16.346856
800,-17.315514,-16.385647
801,-17.358438,-16.298082
802,-17.269790,-16.334062
803,-17.235353,-16.367794
804,-17.292947,-16.381011
805,-17.261946,-16.364449
806,-17.272575,-16.372903
807,-17.370743,-16.319739
808,-17.356923,-16.309580
809,-17.288109,-16.279738
810,-17.277687,-16.366862
811,-17.301094,-16.343225
812,-17.296621,-16.272538
813,-17.321240,-16.294963
814,-17.321584,-16.261300
815,-17.283053,-16.321854
816,-17.343696,-16.344441
817,-17.319820,-16.321664
818,-17.251668,-16.313434
819,-17.341871,-16.319368
820,-17.232146,-16.328097
821,-17.298372,-16.313302
822,-17.278324,-16.247611
823,-17.323585,-16.303986
824,-17.264929,-16.297154
825,-17.315475,-16.253032
826,-17.290776,-16.274357
827,-17.240218,-16.234540
828,-17.338564,-16.257504
829,-17.302254,-16.239608
830,-17.347311,-16.318809
831,-17.295410,-16.307901
832,-17.303086,-16.336513
833,-17.388637,-16.264231
834,-17.314812,-16.313136
835,-17.221991,-16.238696
836,-17.285792,-16.208304
837,-17.307801,-16.348949
838,-17.294552,-16.252608
839,-17.255947,-16.269994
840,-17.299304,-16.311013
841,-17.275863,-16.271027
842,-17.278852,-16.308706
843,-17.260218,-16.288206
844,-17.233623,-16.317415
845,-17.274275,-16.245872
846,-17.253768,-16.252426
847,-17.287818,-16.365181
848,-17.332190,-16.350195
849,-17.250956,-16.370378
850,-17.315483,-16.254890
851,-17.284231,-16.333229
852,-17.283208,-16.304371
853,-17.257013,-16.297514
854,-17.265542,-16.355291
855,-17.324385,-16.315434
856,-17.235381,-16.293546
857,-17.262941,-16.353249
858,-17.271505,-16.385074
859,-17.235095,-16.322874
860,-17.259968,-16.295420
861,-17.255007,-16.307054
862,-17.233023,-16.327443
863,-17.309857,-16.289363
864,-17.310967,-16.341563
865,-17.231887,-16.312857
866,-17.301640,-16.275709
867,-17.313804,-16.276357
868,-17.266589,-16.293743
869,-17.264386,-16.270781
870,-17.220368,-16.274752
871,-17.252321,-16.361249
872,-17.231396,-16.337776
873,-17.251340,-16.318478
874,-17.290602,-16.340563
875,-17.297605,-16.319237
876,-17.339812,-16.309461
877,-17.261221,-16.298084
878,-17.265549,-16.274518
879,-17.316345,-16.349687
880,-17.232780,-16.311271
881,-17.210068,-16.257673
882,-17.260323,-16.321978
883,-17.246054,-16.297371
884,-17.292358,-16.299476
885,-17.275355,-16.323881
886,-17.289906,-16.289061
887,-17.278683,-16.261535
888,-17.268879,-16.253636
889,-17.317330,-16.274205
890,-17.268358,-16.301691
891,-17.256547,-16.220312
892,-17.271198,-16.338626
893,-17.228946,-16.310467
894,-17.267681,-16.277772
895,-17.286006,-16.245262
896,-17.294356,-16.297075
897,-17.254433,-16.217598
898,-17.264276,-16.245570
899,-17.216001,-16.265578
900,-17.267837,-16.260039
901,-17.309913,-16.315192
902,-17.244739,-16.279760
903,-17.263855,-16.238036
904,-17.258125,-16.272673
905,-17.302971,-16.274294
906,-17.217684,-16.300924
907,-17.278660,-16.274986
908,-17.269154,-16.307859
909,-17.261919,-16.316353
910,-17.204995,-16.286009
911,-17.261505,-16.218645
912,-17.274222,-16.324489
913,-17.294692,-16.280664
914,-17.242876,-16.288378
915,-17.232598,-16.310086
916,-17.186137,-16.298877
917,-17.329790,-16.223477
918,-17.274684,-16.308481
919,-17.223650,-16.228625
920,-17.216463,-16.291808
921,-17.295094,-16.304697
922,-17.259272,-16.231231
923,-17.250653,-16.275855
924,-17.266595,-16.249420
925,-17.240741,-16.172226
926,-17.236002,-16.259072
927,-17.232813,-16.266797
928,-17.303529,-16.218473
929,-17.201447,-16.262483
930,-17.305013,-16.254658
931,-17.260404,-16.261156
932,-17.279229,-16.287947
933,-17.297359,-16.291047
934,-17.262519,-16.260249
935,-17.230175,-16.316610
936,-17.277922,-16.267440
937,-17.280784,-16.234658
938,-17.262573,-16.225811
939,-17.324513,-16.239022
940,-17.238727,-16.233779
941,-17.234103,-16.281826
942,-17.270465,-16.280884
943,-17.317418,-16.214002
944,-17.311412,-16.230477
945,-17.231601,-16.245693
946,-17.310919,-16.252758
947,-17.274503,-16.194578
948,-17.233860,-16.198159
949,-17.270517,-16.241033
950,-17.234893,-16.310845
951,-17.249997,-16.255894
952,-17.295548,-16.259069
953,-17.229165,-16.268309
954,-17.252452,-16.288487
955,-17.283006,-16.206691
956,-17.307371,-16.278918
957,-17.175638,-16.277797
958,-17.208460,-16.193259
959,-17.264752,-16.275531
960,-17.174851,-16.249821
961,-17.266411,-16.273681
962,-17.204605,-16.293788
963,-17.232548,-16.284182
964,-17.224519,-16.287749
965,-17.229691,-16.254000
966,-17.262070,-16.217300
967,-17.202957,-16.305019
968,-17.200343,-16.284135
969,-17.211593,-16.265136
970,-17.231237,-16.298708
971,-17.214004,-16.299763
972,-17.226842,-16.319590
973,-17.260080,-16.286212
974,-17.294473,-16.288478
975,-17.241542,-16.281886
976,-17.300768,-16.216716
977,-17.240947,-16.268833
978,-17.263194,-16.247679
979,-17.272757,-16.250654
980,-17.258855,-16.290615
981,-17.290720,-16.311873
982,-17.215414,-16.228229
983,-17.259412,-16.283024
984,-17.205686,-16.217331
985,-17.249907,-16.290371
986,-17.164629,-16.235617
987,-17.148017,-16.176985
988,-17.181568,-16.249963
989,-17.166034,-16.241149
990,-17.252874,-16.273059
991,-17.208812,-16.290001
992,-17.253136,-16.218949
993,-17.191179,-16.221593
994,-17.250426,-16.264377
995,-17.264859,-16.287693
996,-17.218445,-16.258582
997,-17.208985,-16.316006
998,-17.266202,-16.277932
999,-17.210008,-16.253227
1000,-17.231439,-16.275136
