Epoch,chi_Mean_0.235,chi_Mean_0.94,chi_Mean_3.76
1,-49.956040,-45.278874,-60.596212
2,-36.010162,-34.930096,-46.176808
3,-29.822730,-29.953349,-42.642660
4,-26.420160,-27.356765,-41.540948
5,-24.431339,-26.016569,-40.997774
6,-23.263455,-25.204392,-40.747932
7,-22.469948,-24.718277,-40.605603
8,-21.976637,-24.475837,-40.411925
9,-21.639352,-24.193096,-40.159604
10,-21.423147,-23.977720,-40.095821
11,-21.283115,-23.905838,-40.043881
12,-21.088474,-23.818517,-39.990943
13,-21.038916,-23.704781,-39.862441
14,-21.009181,-23.565293,-39.842276
15,-20.868868,-23.505371,-39.772280
16,-20.848663,-23.399045,-39.807993
17,-20.803055,-23.333251,-39.719519
18,-20.761120,-23.302768,-39.692844
19,-20.730419,-23.229461,-39.539080
20,-20.648268,-23.173970,-39.579248
21,-20.631083,-23.151900,-39.420747
22,-20.568072,-23.098179,-39.414637
23,-20.500432,-22.934376,-39.370061
24,-20.459938,-22.877578,-39.296978
25,-20.437475,-22.876194,-39.179642
26,-20.404438,-22.731388,-39.169012
27,-20.314057,-22.677742,-38.999527
28,-20.277501,-22.621401,-38.989594
29,-20.244453,-22.499117,-38.759162
30,-20.218966,-22.469490,-38.686696
31,-20.247267,-22.397649,-38.710587
32,-20.189667,-22.337489,-38.784666
33,-20.091488,-22.298874,-38.638057
34,-20.128800,-22.234488,-38.683825
35,-20.080152,-22.236874,-38.623742
36,-20.038061,-22.201610,-38.624269
37,-20.008994,-22.090400,-38.759499
38,-19.946371,-22.045955,-38.802419
39,-19.883533,-22.013772,-38.845157
40,-19.867798,-21.924003,-38.896554
41,-19.810749,-21.914071,-38.964076
42,-19.815899,-21.845956,-39.089970
43,-19.773506,-21.788880,-39.243061
44,-19.720650,-21.747911,-39.404956
45,-19.784256,-21.713578,-39.386153
46,-19.712055,-21.650534,-39.632838
47,-19.662121,-21.659620,-39.682872
48,-19.647261,-21.581110,-39.975506
49,-19.611246,-21.596939,-39.905697
50,-19.626407,-21.554700,-40.110895
51,-19.575129,-21.555216,-40.179286
52,-19.591450,-21.410800,-40.298568
53,-19.552263,-21.456883,-40.281188
54,-19.515301,-21.452754,-40.410840
55,-19.482864,-21.383065,-40.482335
56,-19.421708,-21.376321,-40.547039
57,-19.469557,-21.346699,-40.648536
58,-19.386579,-21.303640,-40.747449
59,-19.362934,-21.215301,-40.969693
60,-19.300666,-21.199687,-41.024612
61,-19.356784,-21.127860,-41.151798
62,-19.284987,-21.135643,-41.291223
63,-19.280015,-21.100207,-41.299491
64,-19.314341,-21.088724,-41.317220
65,-19.210093,-21.091190,-41.397887
66,-19.180828,-21.050553,-41.343284
67,-19.208788,-20.959627,-41.473090
68,-19.201548,-20.989515,-41.535331
69,-19.172027,-20.951211,-41.535063
70,-19.141113,-20.948694,-41.697048
71,-19.106900,-20.892704,-41.688342
72,-19.129512,-20.882530,-41.745186
73,-19.103929,-20.844847,-41.733904
74,-19.056552,-20.811482,-41.782612
75,-19.062697,-20.746040,-41.869079
76,-19.066073,-20.736647,-41.812953
77,-19.026438,-20.707279,-41.786848
78,-19.018534,-20.649315,-41.815527
79,-18.999366,-20.748614,-41.765270
80,-18.962813,-20.705089,-41.704282
81,-18.922457,-20.666066,-41.821134
82,-18.935628,-20.557442,-41.848198
83,-18.889286,-20.582239,-41.885372
84,-18.948301,-20.550480,-41.801694
85,-18.869898,-20.575148,-41.850394
86,-18.814942,-20.612256,-41.843342
87,-18.806348,-20.613340,-41.956028
88,-18.894096,-20.508717,-41.878977
89,-18.827414,-20.476017,-41.920350
90,-18.789337,-20.426415,-42.012285
91,-18.789613,-20.398800,-41.973133
92,-18.769735,-20.362053,-42.037987
93,-18.747009,-20.418294,-41.870228
94,-18.739477,-20.338108,-41.946751
95,-18.668307,-20.300476,-41.924691
96,-18.704992,-20.349987,-41.895713
97,-18.728109,-20.355630,-41.872228
98,-18.683981,-20.311468,-41.904297
99,-18.690081,-20.249155,-41.865370
100,-18.669097,-20.240862,-41.778612
101,-18.661398,-20.209604,-41.725114
102,-18.639294,-20.200112,-41.707588
103,-18.617901,-20.207139,-41.641894
104,-18.573064,-20.149624,-41.734368
105,-18.615288,-20.155788,-41.584110
106,-18.607267,-20.101398,-41.524568
107,-18.561787,-20.076116,-41.477772
108,-18.563504,-20.045538,-41.432395
109,-18.533624,-20.061046,-41.314211
110,-18.534604,-20.049144,-41.280799
111,-18.527301,-19.970307,-41.231394
112,-18.461413,-19.932406,-41.132737
113,-18.489142,-19.961799,-41.088500
114,-18.425533,-19.972600,-41.000720
115,-18.452111,-19.838536,-40.880039
116,-18.408526,-19.848718,-40.745401
117,-18.415111,-19.907139,-40.648760
118,-18.432603,-19.878527,-40.544280
119,-18.378720,-19.850874,-40.448826
120,-18.454319,-19.871326,-40.399730
121,-18.385242,-19.808137,-40.351267
122,-18.385134,-19.857082,-40.324821
123,-18.323343,-19.777932,-40.210164
124,-18.366394,-19.744433,-40.237964
125,-18.402412,-19.708421,-40.197907
126,-18.348152,-19.685484,-40.150853
127,-18.335257,-19.707623,-40.053308
128,-18.337560,-19.693555,-40.005027
129,-18.298443,-19.688093,-39.969067
130,-18.289998,-19.660824,-39.862330
131,-18.280076,-19.639800,-39.832828
132,-18.320895,-19.628339,-39.830437
133,-18.273740,-19.663585,-39.808264
134,-18.288284,-19.613892,-39.750589
135,-18.203052,-19.633547,-39.782871
136,-18.220634,-19.590290,-39.709583
137,-18.205436,-19.542866,-39.699884
138,-18.199291,-19.555777,-39.658806
139,-18.212676,-19.546950,-39.600036
140,-18.187050,-19.454130,-39.626364
141,-18.179979,-19.441658,-39.548811
142,-18.133152,-19.497635,-39.608464
143,-18.162061,-19.456016,-39.502471
144,-18.190160,-19.466635,-39.428551
145,-18.177147,-19.469687,-39.460320
146,-18.178426,-19.411148,-39.517949
147,-18.170227,-19.491996,-39.389223
148,-18.136433,-19.461809,-39.425630
149,-18.115241,-19.439870,-39.418517
150,-18.115035,-19.400039,-39.414697
151,-18.191967,-19.394187,-39.323642
152,-18.129530,-19.377409,-39.268109
153,-18.147686,-19.423094,-39.359410
154,-18.114480,-19.410563,-39.218161
155,-18.086961,-19.353591,-39.238318
156,-18.081736,-19.334624,-39.222135
157,-18.073417,-19.361265,-39.202716
158,-18.123946,-19.349751,-39.179574
159,-18.076688,-19.282132,-39.178256
160,-18.052125,-19.285635,-39.052630
161,-18.053992,-19.315644,-39.053302
162,-18.038364,-19.283426,-39.075633
163,-18.081708,-19.281337,-39.111399
164,-18.068979,-19.331784,-39.037628
165,-18.069056,-19.329002,-39.126126
166,-18.030622,-19.291052,-39.013507
167,-18.011548,-19.284916,-38.972527
168,-18.028527,-19.254030,-38.948560
169,-18.063289,-19.280995,-38.968428
170,-17.970324,-19.270294,-38.964707
171,-17.938599,-19.245364,-38.935829
172,-17.932409,-19.216684,-38.913719
173,-17.957484,-19.198463,-38.896322
174,-17.992272,-19.268630,-38.821320
175,-17.959108,-19.225843,-38.808168
176,-18.014345,-19.257337,-38.902413
177,-17.973019,-19.228879,-38.855367
178,-17.978826,-19.234666,-38.821537
179,-17.994044,-19.241951,-38.776081
180,-17.964519,-19.254168,-38.726555
181,-17.915132,-19.140179,-38.738998
182,-17.880929,-19.211889,-38.674218
183,-17.918684,-19.225224,-38.590273
184,-17.906877,-19.150770,-38.583965
185,-17.871305,-19.196741,-38.539846
186,-17.860582,-19.213999,-38.519589
187,-17.817259,-19.214139,-38.538042
188,-17.882400,-19.165547,-38.608127
189,-17.848228,-19.162845,-38.467053
190,-17.853932,-19.178242,-38.470914
191,-17.903808,-19.200353,-38.493897
192,-17.821098,-19.162276,-38.479997
193,-17.777293,-19.186255,-38.468117
194,-17.785896,-19.085609,-38.525958
195,-17.810602,-19.088811,-38.481698
196,-17.778125,-19.114202,-38.503256
197,-17.733873,-19.176122,-38.529559
198,-17.697726,-19.144198,-38.426722
199,-17.761130,-19.159617,-38.358151
200,-17.753166,-19.141578,-38.431557
