Epoch,chi_Mean_0.235,chi_Mean_0.94,chi_Mean_3.76
1,-48.796579,-42.282640,-70.452661
2,-29.024732,-26.290841,-56.105499
3,-21.760432,-21.723187,-52.456624
4,-24.466969,-24.492517,-50.770645
5,-27.248343,-26.571849,-50.046623
6,-28.921547,-27.862500,-49.775187
7,-29.985108,-28.623318,-49.563592
8,-30.761139,-29.068663,-49.266136
9,-31.052897,-29.419663,-48.996767
10,-31.334765,-29.481773,-48.794209
11,-31.414527,-29.614391,-48.587417
12,-31.653722,-29.725135,-48.390301
13,-31.717308,-29.668860,-48.226142
14,-31.785727,-29.693163,-47.927438
15,-31.793798,-29.705409,-47.875989
16,-31.777243,-29.711894,-47.671286
17,-31.852960,-29.655523,-47.504300
18,-31.815168,-29.660311,-47.447623
19,-31.805046,-29.557691,-47.342678
20,-31.738625,-29.519606,-47.229140
21,-31.717612,-29.574546,-47.136183
22,-31.767299,-29.516468,-47.093353
23,-31.835545,-29.536107,-47.014639
24,-31.735838,-29.551020,-46.918539
25,-31.697044,-29.500948,-46.871134
26,-31.744884,-29.573058,-46.882320
27,-31.725061,-29.505235,-46.850558
28,-31.677514,-29.457753,-46.781721
29,-31.552222,-29.384317,-46.696629
30,-31.618460,-29.324783,-46.678641
31,-31.522132,-29.365328,-46.676676
32,-31.584558,-29.454662,-46.620891
33,-31.518790,-29.343256,-46.602325
34,-31.474262,-29.350067,-46.543404
35,-31.498305,-29.271313,-46.460937
36,-31.452290,-29.200270,-46.462028
37,-31.365109,-29.233759,-46.485425
38,-31.385040,-29.200703,-46.386434
39,-31.372401,-29.205344,-46.392949
40,-31.338339,-29.133049,-46.417018
41,-31.281631,-29.122073,-46.421496
42,-31.196918,-29.067067,-46.302210
43,-31.232653,-29.089880,-46.319912
44,-31.218109,-28.972765,-46.304351
45,-31.143051,-29.005180,-46.361685
46,-31.069454,-28.953346,-46.399874
47,-30.998222,-28.908081,-46.299674
48,-30.991750,-28.842006,-46.337072
49,-30.965157,-28.927238,-46.343204
50,-30.947419,-28.811665,-46.360604
51,-30.900687,-28.829545,-46.336378
52,-30.888472,-28.779285,-46.280071
53,-30.828949,-28.746641,-46.277374
54,-30.747575,-28.647946,-46.248965
55,-30.792433,-28.674551,-46.260676
56,-30.791905,-28.630411,-46.303121
57,-30.818088,-28.617460,-46.145772
58,-30.770695,-28.613073,-46.226561
59,-30.692847,-28.628014,-46.177826
60,-30.681741,-28.661256,-46.201099
61,-30.603117,-28.634558,-46.220164
62,-30.599696,-28.622270,-46.084532
63,-30.539577,-28.576676,-46.144969
64,-30.512832,-28.602219,-46.026506
65,-30.556182,-28.510169,-46.126401
66,-30.553544,-28.614207,-46.056017
67,-30.557899,-28.578883,-46.066238
68,-30.563433,-28.465527,-45.980508
69,-30.600088,-28.518534,-46.012802
70,-30.507830,-28.487904,-46.000791
71,-30.539348,-28.425048,-45.841719
72,-30.417499,-28.395088,-45.893457
73,-30.383801,-28.403828,-45.915303
74,-30.413841,-28.458491,-45.894885
75,-30.370728,-28.410895,-45.904816
76,-30.459367,-28.421141,-45.864858
77,-30.387179,-28.414058,-45.810294
78,-30.390167,-28.342416,-45.787815
79,-30.370873,-28.316242,-45.792562
80,-30.319436,-28.369191,-45.730417
81,-30.312073,-28.362413,-45.707477
82,-30.280590,-28.290084,-45.616744
83,-30.232501,-28.296814,-45.603050
84,-30.207706,-28.304525,-45.535906
85,-30.168074,-28.323728,-45.503122
86,-30.159029,-28.330419,-45.508177
87,-30.162285,-28.275457,-45.470113
88,-30.114653,-28.281952,-45.471180
89,-30.081300,-28.282910,-45.376108
90,-30.121618,-28.161823,-45.389667
91,-30.174788,-28.267339,-45.395677
92,-30.178577,-28.308286,-45.369927
93,-30.060224,-28.314126,-45.289409
94,-30.159722,-28.315272,-45.299650
95,-30.151708,-28.218395,-45.352568
96,-30.002350,-28.286470,-45.332896
97,-30.063148,-28.279437,-45.256298
98,-30.046700,-28.229398,-45.312447
99,-30.137443,-28.279092,-45.348472
100,-30.097038,-28.286674,-45.263410
101,-30.009748,-28.252959,-45.244473
102,-30.009920,-28.291132,-45.215047
103,-30.040449,-28.289898,-45.177879
104,-30.015721,-28.214755,-45.141225
105,-30.056317,-28.216222,-45.060333
106,-30.015116,-28.242938,-45.036139
107,-30.054437,-28.209980,-44.990852
108,-29.950834,-28.141695,-44.989879
109,-29.988456,-28.196634,-45.005123
110,-29.932382,-28.220088,-45.087314
111,-30.008678,-28.303921,-45.030827
112,-29.968378,-28.270731,-45.011972
113,-29.995122,-28.261207,-44.918004
114,-30.041469,-28.229384,-44.883344
115,-29.994169,-28.197438,-44.889187
116,-29.951119,-28.222553,-44.890127
117,-29.993263,-28.266018,-44.844918
118,-29.965533,-28.196637,-44.856165
119,-29.915265,-28.213538,-44.846759
120,-30.019559,-28.244385,-44.799642
121,-30.008444,-28.188808,-44.809214
122,-29.964416,-28.248462,-44.796857
123,-29.876092,-28.237814,-44.838426
124,-30.024351,-28.249941,-44.765135
125,-29.910330,-28.219738,-44.726842
126,-29.932041,-28.200325,-44.744470
127,-29.915130,-28.205091,-44.780326
128,-30.019107,-28.281825,-44.773888
129,-29.910941,-28.326183,-44.746657
130,-29.891726,-28.214336,-44.697373
131,-29.902839,-28.309263,-44.648567
132,-29.911501,-28.239467,-44.666077
133,-29.901389,-28.314661,-44.719180
134,-29.896431,-28.247857,-44.711612
135,-29.884835,-28.227202,-44.624075
136,-29.947198,-28.297130,-44.677605
137,-29.897202,-28.288653,-44.588512
138,-29.945269,-28.252124,-44.604719
139,-29.864077,-28.311162,-44.562864
140,-29.869444,-28.257018,-44.529835
141,-29.887678,-28.241743,-44.506491
142,-29.831711,-28.251757,-44.529929
143,-29.825487,-28.250676,-44.496031
144,-29.850067,-28.273597,-44.525006
145,-29.859913,-28.302924,-44.489183
146,-29.800735,-28.225313,-44.476394
147,-29.882291,-28.239650,-44.526840
148,-29.848561,-28.274623,-44.429352
149,-29.946942,-28.281606,-44.435074
150,-29.861047,-28.343326,-44.439447
151,-29.859788,-28.260547,-44.447361
152,-29.899880,-28.216509,-44.408577
153,-29.929064,-28.334265,-44.475006
154,-29.927672,-28.395988,-44.309570
155,-29.899495,-28.355022,-44.366076
156,-29.843611,-28.312237,-44.397540
157,-29.909048,-28.247924,-44.363129
158,-29.907661,-28.272283,-44.390799
159,-29.864206,-28.255211,-44.313665
160,-29.879852,-28.177619,-44.303241
161,-29.955312,-28.245965,-44.246359
162,-29.922028,-28.275314,-44.253049
163,-29.804226,-28.303901,-44.277413
164,-29.907256,-28.284119,-44.278760
165,-29.903503,-28.251699,-44.266400
166,-29.922771,-28.302034,-44.283723
167,-29.879290,-28.274911,-44.264142
168,-29.917399,-28.234989,-44.328406
169,-29.925979,-28.276501,-44.276375
170,-29.928750,-28.306494,-44.261697
171,-29.938524,-28.285499,-44.283257
172,-29.879048,-28.270090,-44.238669
173,-29.838198,-28.269259,-44.255052
174,-29.879948,-28.239118,-44.156562
175,-29.848393,-28.193351,-44.124451
176,-29.874282,-28.323154,-44.196538
177,-29.869277,-28.266951,-44.127520
178,-29.883649,-28.310095,-44.160926
179,-29.844763,-28.345558,-44.157664
180,-29.808158,-28.260675,-44.075556
181,-29.869659,-28.253605,-44.059850
182,-29.804773,-28.304295,-44.114490
183,-29.904597,-28.260353,-44.072443
184,-29.835881,-28.304986,-44.099588
185,-29.798897,-28.344712,-44.045855
186,-29.897803,-28.274948,-44.044872
187,-29.899235,-28.307004,-44.035821
188,-29.945986,-28.303167,-44.024675
189,-29.933206,-28.291228,-44.140843
190,-29.874036,-28.359416,-44.168535
191,-29.842600,-28.310365,-44.087932
192,-29.923212,-28.250815,-44.042156
193,-29.956993,-28.192943,-44.094361
194,-29.883290,-28.282673,-44.054415
195,-29.833277,-28.368624,-44.027708
196,-29.847576,-28.265456,-43.959456
197,-29.920449,-28.291994,-43.985673
198,-29.868526,-28.380869,-44.010118
199,-29.902238,-28.292918,-44.052747
200,-29.865891,-28.273375,-44.029095
