Epoch,beta_max/4,beta_max,4beta_max
1,-14.190765,-15.388601,-129.775139
2,-14.184401,-15.254204,-113.610235
3,-14.177796,-15.130751,-100.440703
4,-14.170935,-15.017086,-89.843472
5,-14.163611,-14.916843,-81.220577
6,-14.155916,-14.826519,-73.979114
7,-14.147756,-14.740133,-67.905089
8,-14.139219,-14.661818,-62.673222
9,-14.130233,-14.588305,-58.072821
10,-14.120825,-14.521961,-54.161551
11,-14.110883,-14.459738,-50.652296
12,-14.100218,-14.401751,-47.587805
13,-14.089312,-14.345510,-44.887724
14,-14.077720,-14.291774,-42.430822
15,-14.065354,-14.242217,-40.210080
16,-14.052369,-14.196803,-38.280938
17,-14.038649,-14.153681,-36.447655
18,-14.024673,-14.112684,-34.799729
19,-14.009993,-14.075487,-33.303272
20,-13.994339,-14.039781,-31.908031
21,-13.978395,-14.003718,-30.626542
22,-13.962063,-13.970240,-29.448284
23,-13.945035,-13.939335,-28.379362
24,-13.927275,-13.910057,-27.409541
25,-13.909059,-13.881760,-26.492835
26,-13.889864,-13.855655,-25.626581
27,-13.870520,-13.829863,-24.860716
28,-13.850433,-13.805353,-24.140714
29,-13.829738,-13.781914,-23.470403
30,-13.809172,-13.760164,-22.858084
31,-13.788460,-13.739210,-22.280232
32,-13.767536,-13.719011,-21.743519
33,-13.745722,-13.699289,-21.243502
34,-13.724654,-13.681310,-20.771998
35,-13.703869,-13.663727,-20.332946
36,-13.682853,-13.646607,-19.921600
37,-13.662308,-13.630141,-19.525220
38,-13.641849,-13.614255,-19.166278
39,-13.622505,-13.599477,-18.821619
40,-13.602919,-13.584671,-18.510670
41,-13.583388,-13.570515,-18.216414
42,-13.564549,-13.557057,-17.935112
43,-13.546701,-13.543636,-17.671098
44,-13.529240,-13.530740,-17.420872
45,-13.513092,-13.518593,-17.198447
46,-13.497467,-13.507422,-16.985198
47,-13.483282,-13.495864,-16.781801
48,-13.469218,-13.484552,-16.584304
49,-13.456076,-13.473797,-16.401440
50,-13.444460,-13.463433,-16.229050
51,-13.432733,-13.453310,-16.068912
52,-13.422142,-13.443357,-15.914699
53,-13.411903,-13.433603,-15.773157
54,-13.402280,-13.424059,-15.636476
55,-13.394802,-13.414794,-15.512190
56,-13.386588,-13.406197,-15.391239
57,-13.379505,-13.397389,-15.280090
58,-13.372997,-13.389071,-15.170429
59,-13.366474,-13.380845,-15.069452
60,-13.361148,-13.372977,-14.974654
61,-13.355394,-13.365171,-14.888409
62,-13.350832,-13.357388,-14.802123
63,-13.346284,-13.349740,-14.719269
64,-13.341969,-13.342155,-14.639318
65,-13.337622,-13.334864,-14.563371
66,-13.334119,-13.327863,-14.493235
67,-13.330878,-13.321136,-14.425520
68,-13.327615,-13.314384,-14.360667
69,-13.324519,-13.307745,-14.296514
70,-13.321710,-13.301398,-14.236387
71,-13.318684,-13.294994,-14.181724
72,-13.316145,-13.288991,-14.126977
73,-13.313626,-13.282982,-14.078154
74,-13.311415,-13.276865,-14.030290
75,-13.308950,-13.270881,-13.985755
76,-13.306449,-13.264923,-13.942023
77,-13.304089,-13.259155,-13.899704
78,-13.301821,-13.253521,-13.858660
79,-13.299541,-13.248058,-13.818879
80,-13.297594,-13.242636,-13.780236
81,-13.295598,-13.237275,-13.742567
82,-13.293562,-13.231842,-13.708281
83,-13.291511,-13.226663,-13.674696
84,-13.289461,-13.221750,-13.641946
85,-13.287394,-13.216807,-13.610694
86,-13.285481,-13.211612,-13.581316
87,-13.283565,-13.206999,-13.553031
88,-13.281689,-13.202034,-13.526036
89,-13.279853,-13.197367,-13.499516
90,-13.277873,-13.192838,-13.472921
91,-13.276122,-13.188163,-13.448152
92,-13.274273,-13.183898,-13.424900
93,-13.272338,-13.179404,-13.402372
94,-13.270405,-13.175010,-13.380077
95,-13.268539,-13.170517,-13.358693
96,-13.266796,-13.166166,-13.338643
97,-13.264889,-13.161968,-13.318549
98,-13.263074,-13.157601,-13.298841
99,-13.261236,-13.153382,-13.280367
100,-13.259467,-13.149311,-13.261857
101,-13.257591,-13.145247,-13.244545
102,-13.255787,-13.141201,-13.227222
103,-13.253963,-13.137211,-13.210007
104,-13.252156,-13.133399,-13.193982
105,-13.250331,-13.129538,-13.177966
106,-13.248552,-13.125563,-13.162443
107,-13.246801,-13.121914,-13.147475
108,-13.245029,-13.118269,-13.133270
109,-13.243271,-13.114641,-13.119158
110,-13.241483,-13.110954,-13.105369
111,-13.239716,-13.107394,-13.092085
112,-13.237971,-13.103747,-13.079348
113,-13.236199,-13.100086,-13.067121
114,-13.234402,-13.096679,-13.054986
115,-13.232693,-13.093261,-13.043189
116,-13.230969,-13.089929,-13.031698
117,-13.229299,-13.086514,-13.020271
118,-13.227647,-13.083166,-13.010146
119,-13.225859,-13.079890,-12.999383
120,-13.224058,-13.076535,-12.989146
121,-13.222238,-13.073319,-12.978349
122,-13.220484,-13.070035,-12.968352
123,-13.218739,-13.066879,-12.958779
124,-13.216986,-13.063717,-12.949888
125,-13.215221,-13.060540,-12.940688
126,-13.213496,-13.057442,-12.931740
127,-13.211787,-13.054407,-12.923266
128,-13.210060,-13.051505,-12.914550
129,-13.208251,-13.048419,-12.905633
130,-13.206544,-13.045289,-12.897836
131,-13.204812,-13.042345,-12.890095
132,-13.203153,-13.039483,-12.882767
133,-13.201389,-13.036628,-12.874865
134,-13.199626,-13.033671,-12.867273
135,-13.197885,-13.030882,-12.859835
136,-13.196226,-13.027991,-12.852560
137,-13.194555,-13.025087,-12.845515
138,-13.192785,-13.022345,-12.838829
139,-13.191055,-13.019563,-12.831732
140,-13.189303,-13.016851,-12.824760
141,-13.187595,-13.014098,-12.818588
142,-13.185864,-13.011392,-12.812639
143,-13.184207,-13.008674,-12.806890
144,-13.182503,-13.006061,-12.800086
145,-13.180810,-13.003355,-12.793862
146,-13.179062,-13.000633,-12.788349
147,-13.177282,-12.997841,-12.782381
148,-13.175550,-12.995385,-12.776947
149,-13.173881,-12.992823,-12.771387
150,-13.172231,-12.990272,-12.766000
151,-13.170505,-12.987713,-12.760622
152,-13.168789,-12.985147,-12.754959
153,-13.167074,-12.982570,-12.749323
154,-13.165380,-12.980194,-12.744901
155,-13.163726,-12.977670,-12.739827
156,-13.161958,-12.975196,-12.735081
157,-13.160182,-12.972837,-12.730687
158,-13.158438,-12.970460,-12.725758
159,-13.156702,-12.967914,-12.721063
160,-13.154941,-12.965546,-12.716097
161,-13.153315,-12.963154,-12.711792
162,-13.151592,-12.960684,-12.707476
163,-13.149922,-12.958228,-12.702813
164,-13.148163,-12.955918,-12.698026
165,-13.146474,-12.953541,-12.693577
166,-13.144853,-12.951257,-12.688585
167,-13.143151,-12.948865,-12.684297
168,-13.141404,-12.946605,-12.680256
169,-13.139732,-12.944248,-12.676095
170,-13.138005,-12.941990,-12.671797
171,-13.136338,-12.939779,-12.667895
172,-13.134603,-12.937511,-12.663744
173,-13.132926,-12.935258,-12.660710
174,-13.131232,-12.933164,-12.656495
175,-13.129601,-12.930954,-12.653121
176,-13.127869,-12.928703,-12.649210
177,-13.126110,-12.926466,-12.644822
178,-13.124405,-12.924337,-12.641215
179,-13.122675,-12.922217,-12.637351
180,-13.120988,-12.920101,-12.633856
181,-13.119299,-12.917973,-12.629740
182,-13.117579,-12.915895,-12.626026
183,-13.115857,-12.913788,-12.622867
184,-13.114163,-12.911689,-12.620044
185,-13.112382,-12.909599,-12.616556
186,-13.110662,-12.907484,-12.613718
187,-13.108973,-12.905222,-12.609629
188,-13.107337,-12.903122,-12.606835
189,-13.105632,-12.900995,-12.604156
190,-13.103917,-12.898924,-12.601114
191,-13.102240,-12.896825,-12.597979
192,-13.100656,-12.894685,-12.594912
193,-13.098949,-12.892699,-12.591483
194,-13.097288,-12.890715,-12.587717
195,-13.095666,-12.888579,-12.584661
196,-13.093977,-12.886520,-12.581662
197,-13.092356,-12.884483,-12.578272
198,-13.090631,-12.882437,-12.575848
199,-13.088917,-12.880390,-12.572384
200,-13.087291,-12.878403,-12.570492
201,-13.085636,-12.876456,-12.567891
202,-13.083892,-12.874506,-12.565428
203,-13.082226,-12.872596,-12.563051
204,-13.080625,-12.870653,-12.560029
205,-13.078981,-12.868816,-12.556912
206,-13.077374,-12.866860,-12.553050
207,-13.075614,-12.864826,-12.550392
208,-13.073968,-12.862915,-12.547996
209,-13.072309,-12.861017,-12.545200
210,-13.070752,-12.859121,-12.543302
211,-13.069114,-12.857276,-12.540262
212,-13.067393,-12.855432,-12.537552
213,-13.065770,-12.853476,-12.535048
214,-13.064183,-12.851636,-12.532951
215,-13.062484,-12.849916,-12.530574
216,-13.060824,-12.848120,-12.528396
217,-13.059186,-12.846255,-12.526060
218,-13.057494,-12.844281,-12.522990
219,-13.055792,-12.842502,-12.520976
220,-13.054170,-12.840648,-12.518483
221,-13.052459,-12.838727,-12.515632
222,-13.050748,-12.836792,-12.512714
223,-13.049100,-12.834975,-12.510880
224,-13.047497,-12.833054,-12.509256
225,-13.045840,-12.831233,-12.506998
226,-13.044265,-12.829451,-12.505440
227,-13.042621,-12.827656,-12.503680
228,-13.040999,-12.825869,-12.501408
229,-13.039333,-12.824077,-12.499031
230,-13.037715,-12.822321,-12.496263
231,-13.036139,-12.820594,-12.493696
232,-13.034568,-12.818743,-12.491173
233,-13.032884,-12.816941,-12.489340
234,-13.031255,-12.815162,-12.487853
235,-13.029637,-12.813358,-12.485613
236,-13.028029,-12.811610,-12.483066
237,-13.026280,-12.809853,-12.480352
238,-13.024643,-12.808135,-12.478362
239,-13.023081,-12.806402,-12.475557
240,-13.021352,-12.804741,-12.473091
241,-13.019701,-12.803041,-12.470967
242,-13.018132,-12.801335,-12.469885
243,-13.016508,-12.799562,-12.467836
244,-13.014855,-12.797857,-12.466059
245,-13.013293,-12.796181,-12.464704
246,-13.011633,-12.794531,-12.462463
247,-13.010056,-12.792795,-12.461277
248,-13.008488,-12.791120,-12.459090
249,-13.006912,-12.789412,-12.458376
250,-13.005326,-12.787776,-12.456618
251,-13.003710,-12.786123,-12.454610
252,-13.002176,-12.784451,-12.451852
253,-13.000528,-12.782767,-12.450359
254,-12.998927,-12.781242,-12.447747
255,-12.997322,-12.779544,-12.445885
256,-12.995681,-12.777877,-12.444697
257,-12.993980,-12.776200,-12.443540
258,-12.992425,-12.774595,-12.441535
259,-12.990879,-12.772978,-12.440108
260,-12.989370,-12.771283,-12.437887
261,-12.987776,-12.769601,-12.436265
262,-12.986119,-12.768074,-12.434776
263,-12.984521,-12.766521,-12.433177
264,-12.982917,-12.764899,-12.431112
265,-12.981303,-12.763224,-12.429372
266,-12.979803,-12.761636,-12.426568
267,-12.978157,-12.760061,-12.425492
268,-12.976634,-12.758407,-12.423997
269,-12.975016,-12.756775,-12.423087
270,-12.973457,-12.755239,-12.420888
271,-12.971883,-12.753748,-12.419320
272,-12.970343,-12.752183,-12.417729
273,-12.968872,-12.750577,-12.415584
274,-12.967283,-12.749035,-12.414665
275,-12.965643,-12.747386,-12.412644
276,-12.964093,-12.745808,-12.411617
277,-12.962544,-12.744271,-12.410479
278,-12.960983,-12.742725,-12.408963
279,-12.959396,-12.741087,-12.407184
280,-12.957831,-12.739628,-12.404828
281,-12.956338,-12.738054,-12.403755
282,-12.954686,-12.736489,-12.402215
283,-12.953161,-12.734930,-12.400070
284,-12.951692,-12.733326,-12.397739
285,-12.950219,-12.731782,-12.396758
286,-12.948691,-12.730255,-12.394770
287,-12.947209,-12.728688,-12.393230
288,-12.945695,-12.727170,-12.392265
289,-12.944114,-12.725658,-12.391108
290,-12.942475,-12.724151,-12.390088
291,-12.940977,-12.722588,-12.388892
292,-12.939439,-12.721126,-12.386215
293,-12.937871,-12.719646,-12.384418
294,-12.936368,-12.718133,-12.382689
295,-12.934901,-12.716730,-12.380963
296,-12.933386,-12.715140,-12.379960
297,-12.931865,-12.713599,-12.378642
298,-12.930366,-12.712084,-12.377124
299,-12.928788,-12.710591,-12.375659
300,-12.927344,-12.709093,-12.374685
301,-12.925910,-12.707602,-12.373479
302,-12.924340,-12.706138,-12.371560
303,-12.922773,-12.704668,-12.369725
304,-12.921275,-12.703239,-12.367622
305,-12.919699,-12.701642,-12.367279
306,-12.918163,-12.700188,-12.366248
307,-12.916638,-12.698733,-12.365735
308,-12.915154,-12.697265,-12.364428
309,-12.913650,-12.695734,-12.362658
310,-12.912144,-12.694281,-12.361830
311,-12.910563,-12.692901,-12.360188
312,-12.909098,-12.691532,-12.357753
313,-12.907584,-12.689957,-12.355784
314,-12.906090,-12.688497,-12.354589
315,-12.904594,-12.687061,-12.353775
316,-12.903164,-12.685565,-12.352564
317,-12.901616,-12.684158,-12.351387
318,-12.900111,-12.682661,-12.349641
319,-12.898684,-12.681327,-12.348416
320,-12.897228,-12.679877,-12.347159
321,-12.895736,-12.678493,-12.346287
322,-12.894236,-12.677035,-12.344784
323,-12.892646,-12.675546,-12.343845
324,-12.891149,-12.674067,-12.341945
325,-12.889695,-12.672602,-12.339667
326,-12.888133,-12.671281,-12.338677
327,-12.886627,-12.669867,-12.338163
328,-12.885184,-12.668525,-12.336891
329,-12.883688,-12.667034,-12.335212
330,-12.882277,-12.665694,-12.334126
331,-12.880779,-12.664275,-12.331938
332,-12.879319,-12.662958,-12.330998
333,-12.877879,-12.661593,-12.329346
334,-12.876423,-12.660034,-12.328748
335,-12.874989,-12.658627,-12.327325
336,-12.873525,-12.657153,-12.327102
337,-12.872074,-12.655880,-12.326022
338,-12.870596,-12.654472,-12.324585
339,-12.869076,-12.653150,-12.323532
340,-12.867567,-12.651708,-12.321890
341,-12.866136,-12.650267,-12.320289
342,-12.864730,-12.648938,-12.319718
343,-12.863310,-12.647594,-12.319065
344,-12.861866,-12.646244,-12.317993
345,-12.860466,-12.644955,-12.316843
346,-12.859078,-12.643516,-12.315458
347,-12.857541,-12.642124,-12.314086
348,-12.856170,-12.640776,-12.313278
349,-12.854769,-12.639560,-12.312082
350,-12.853287,-12.638139,-12.311235
351,-12.851801,-12.636711,-12.310121
352,-12.850297,-12.635384,-12.308605
353,-12.848824,-12.634215,-12.308447
354,-12.847390,-12.632661,-12.307330
355,-12.846018,-12.631372,-12.306017
356,-12.844565,-12.630080,-12.304967
357,-12.843120,-12.628717,-12.302924
358,-12.841705,-12.627486,-12.301641
359,-12.840322,-12.626128,-12.301067
360,-12.838855,-12.624662,-12.300475
361,-12.837414,-12.623251,-12.298174
362,-12.835942,-12.621906,-12.297194
363,-12.834518,-12.620629,-12.297599
364,-12.833048,-12.619352,-12.296210
365,-12.831666,-12.618092,-12.295343
366,-12.830276,-12.616881,-12.293858
367,-12.828838,-12.615639,-12.293148
368,-12.827423,-12.614267,-12.292191
369,-12.826052,-12.612966,-12.290498
370,-12.824653,-12.611631,-12.289233
371,-12.823214,-12.610310,-12.287651
372,-12.821883,-12.608940,-12.286017
373,-12.820553,-12.607611,-12.285540
374,-12.819157,-12.606376,-12.285537
375,-12.817656,-12.605112,-12.285567
376,-12.816212,-12.603731,-12.285128
377,-12.814754,-12.602486,-12.284579
378,-12.813370,-12.601091,-12.282640
379,-12.812064,-12.599909,-12.281057
380,-12.810717,-12.598668,-12.279943
381,-12.809302,-12.597359,-12.279534
382,-12.807845,-12.596087,-12.278311
383,-12.806427,-12.594934,-12.277645
384,-12.805041,-12.593586,-12.276575
385,-12.803767,-12.592300,-12.275495
386,-12.802449,-12.591055,-12.274778
387,-12.801083,-12.589877,-12.273648
388,-12.799632,-12.588652,-12.272938
389,-12.798209,-12.587392,-12.271935
390,-12.796907,-12.586009,-12.270889
391,-12.795558,-12.584649,-12.269679
392,-12.794202,-12.583286,-12.267571
393,-12.792898,-12.582033,-12.266195
394,-12.791390,-12.580879,-12.265029
395,-12.789993,-12.579709,-12.263482
396,-12.788582,-12.578442,-12.262330
397,-12.787147,-12.577371,-12.260421
398,-12.785747,-12.576006,-12.261097
399,-12.784395,-12.574746,-12.259584
400,-12.783035,-12.573623,-12.259085
401,-12.781688,-12.572420,-12.258359
402,-12.780366,-12.571186,-12.257595
403,-12.779046,-12.569877,-12.256572
404,-12.777700,-12.568562,-12.255128
405,-12.776285,-12.567433,-12.255115
406,-12.774947,-12.566172,-12.254245
407,-12.773588,-12.564867,-12.252496
408,-12.772284,-12.563658,-12.250730
409,-12.770891,-12.562503,-12.250318
410,-12.769538,-12.561205,-12.248739
411,-12.768263,-12.559998,-12.247465
412,-12.766842,-12.558820,-12.245943
413,-12.765480,-12.557686,-12.245438
414,-12.764119,-12.556398,-12.244432
415,-12.762787,-12.555238,-12.243786
416,-12.761430,-12.554119,-12.242850
417,-12.760175,-12.552987,-12.243169
418,-12.758899,-12.551756,-12.242966
419,-12.757471,-12.550583,-12.241808
420,-12.756093,-12.549379,-12.240540
421,-12.754818,-12.548261,-12.239331
422,-12.753514,-12.547159,-12.238030
423,-12.752042,-12.545975,-12.236114
424,-12.750697,-12.544852,-12.235677
425,-12.749315,-12.543815,-12.235343
426,-12.747917,-12.542600,-12.234405
427,-12.746537,-12.541370,-12.232422
428,-12.745193,-12.540225,-12.231413
429,-12.743839,-12.538938,-12.230519
430,-12.742629,-12.537742,-12.229639
431,-12.741304,-12.536595,-12.229101
432,-12.740067,-12.535548,-12.229423
433,-12.738798,-12.534458,-12.228621
434,-12.737578,-12.533276,-12.226663
435,-12.736200,-12.532167,-12.225062
436,-12.734938,-12.530956,-12.224529
437,-12.733521,-12.529701,-12.223271
438,-12.732225,-12.528541,-12.222993
439,-12.730883,-12.527434,-12.222288
440,-12.729561,-12.526270,-12.221251
441,-12.728209,-12.525200,-12.220420
442,-12.727002,-12.523961,-12.218739
443,-12.725593,-12.522802,-12.218196
444,-12.724235,-12.521676,-12.217534
445,-12.722898,-12.520596,-12.216724
446,-12.721529,-12.519435,-12.216264
447,-12.720151,-12.518351,-12.214516
448,-12.718803,-12.517187,-12.214124
449,-12.717554,-12.516179,-12.212858
450,-12.716230,-12.515118,-12.210866
451,-12.714983,-12.514059,-12.211474
452,-12.713621,-12.512862,-12.210329
453,-12.712328,-12.511781,-12.211055
454,-12.710942,-12.510718,-12.210028
455,-12.709676,-12.509671,-12.209533
456,-12.708344,-12.508654,-12.208698
457,-12.707065,-12.507493,-12.208566
458,-12.705763,-12.506275,-12.208149
459,-12.704528,-12.505024,-12.207827
460,-12.703314,-12.503783,-12.206545
461,-12.702011,-12.502830,-12.206074
462,-12.700733,-12.501716,-12.205718
463,-12.699469,-12.500704,-12.205409
464,-12.698352,-12.499542,-12.203605
465,-12.697167,-12.498445,-12.201508
466,-12.695889,-12.497236,-12.201084
467,-12.694570,-12.496155,-12.200684
468,-12.693246,-12.495083,-12.199022
469,-12.692007,-12.494012,-12.198545
470,-12.690668,-12.492873,-12.197876
471,-12.689404,-12.491757,-12.196546
472,-12.688067,-12.490610,-12.195175
473,-12.686876,-12.489516,-12.194454
474,-12.685596,-12.488488,-12.192442
475,-12.684288,-12.487422,-12.191722
476,-12.682926,-12.486488,-12.190815
477,-12.681677,-12.485371,-12.192048
478,-12.680483,-12.484275,-12.190661
479,-12.679231,-12.483244,-12.188800
480,-12.678020,-12.482291,-12.188142
481,-12.676821,-12.481334,-12.187473
482,-12.675630,-12.480388,-12.185970
483,-12.674368,-12.479316,-12.186385
484,-12.673040,-12.478075,-12.185626
485,-12.671805,-12.476983,-12.185734
486,-12.670542,-12.475972,-12.184009
487,-12.669319,-12.475085,-12.183741
488,-12.668033,-12.474016,-12.181333
489,-12.666746,-12.472917,-12.180458
490,-12.665505,-12.471842,-12.180736
491,-12.664285,-12.470736,-12.179667
492,-12.663094,-12.469713,-12.178262
493,-12.661860,-12.468710,-12.176762
494,-12.660555,-12.467710,-12.175643
495,-12.659329,-12.467054,-12.174962
496,-12.658092,-12.465960,-12.174080
497,-12.656764,-12.464886,-12.172607
498,-12.655533,-12.463747,-12.171380
499,-12.654299,-12.462743,-12.170492
500,-12.653182,-12.461599,-12.168837
501,-12.651896,-12.460867,-12.168412
502,-12.650648,-12.459702,-12.167501
503,-12.649340,-12.458675,-12.167237
504,-12.648301,-12.457727,-12.166716
505,-12.647094,-12.456759,-12.164948
506,-12.645801,-12.455821,-12.164387
507,-12.644582,-12.454507,-12.163150
508,-12.643471,-12.453427,-12.161589
509,-12.642072,-12.452144,-12.160914
510,-12.640904,-12.451228,-12.159566
511,-12.639674,-12.450147,-12.159335
512,-12.638426,-12.449178,-12.158995
513,-12.637326,-12.448059,-12.158851
514,-12.636069,-12.447045,-12.158338
515,-12.635050,-12.445975,-12.158409
516,-12.633849,-12.444942,-12.158182
517,-12.632647,-12.444199,-12.156390
518,-12.631405,-12.443110,-12.155624
519,-12.630123,-12.442279,-12.154110
520,-12.628929,-12.441335,-12.153166
521,-12.627614,-12.440272,-12.152225
522,-12.626426,-12.439193,-12.152319
523,-12.625288,-12.438082,-12.152327
524,-12.624121,-12.437057,-12.151305
525,-12.622996,-12.435871,-12.149904
526,-12.621822,-12.434697,-12.149676
527,-12.620628,-12.433768,-12.148595
528,-12.619454,-12.432855,-12.149075
529,-12.618436,-12.431801,-12.149011
530,-12.617183,-12.430790,-12.148048
531,-12.616003,-12.429958,-12.146806
532,-12.614805,-12.428893,-12.147070
533,-12.613675,-12.427909,-12.146376
534,-12.612676,-12.426964,-12.147167
535,-12.611503,-12.426168,-12.146177
536,-12.610261,-12.425322,-12.144679
537,-12.609021,-12.424240,-12.143389
538,-12.607880,-12.423380,-12.141549
539,-12.606701,-12.422447,-12.140638
540,-12.605494,-12.421474,-12.140352
541,-12.604232,-12.420668,-12.140523
542,-12.603215,-12.419752,-12.139147
543,-12.602183,-12.418835,-12.138382
544,-12.601114,-12.417959,-12.136702
545,-12.599877,-12.417179,-12.136650
546,-12.598826,-12.416216,-12.136059
547,-12.597574,-12.415267,-12.134813
548,-12.596623,-12.414234,-12.134478
549,-12.595406,-12.413202,-12.134407
550,-12.594323,-12.412258,-12.132849
551,-12.593241,-12.411578,-12.132565
552,-12.592139,-12.410739,-12.131809
553,-12.591042,-12.409919,-12.131131
554,-12.589826,-12.408722,-12.130427
555,-12.588719,-12.407839,-12.130342
556,-12.587554,-12.407098,-12.129311
557,-12.586370,-12.406125,-12.128045
558,-12.585331,-12.405145,-12.127016
559,-12.584165,-12.404256,-12.125956
560,-12.582854,-12.403076,-12.125182
561,-12.581591,-12.402248,-12.124516
562,-12.580543,-12.401373,-12.122515
563,-12.579417,-12.400546,-12.121325
564,-12.578389,-12.399651,-12.120273
565,-12.577194,-12.399102,-12.118506
566,-12.576025,-12.398264,-12.117698
567,-12.575027,-12.397395,-12.117832
568,-12.573893,-12.396314,-12.118400
569,-12.572766,-12.395401,-12.116313
570,-12.571705,-12.394283,-12.116203
571,-12.570709,-12.393393,-12.115955
572,-12.569525,-12.392470,-12.114793
573,-12.568462,-12.391521,-12.114530
574,-12.567317,-12.390873,-12.114010
575,-12.566223,-12.389749,-12.113331
576,-12.565110,-12.388755,-12.112327
577,-12.563972,-12.387954,-12.110655
578,-12.562805,-12.386678,-12.110800
579,-12.561665,-12.385776,-12.108576
580,-12.560666,-12.384865,-12.108624
581,-12.559690,-12.384177,-12.107160
582,-12.558553,-12.383285,-12.106993
583,-12.557624,-12.382106,-12.105470
584,-12.556480,-12.381403,-12.104433
585,-12.555332,-12.380685,-12.103408
586,-12.554112,-12.379931,-12.103193
587,-12.552950,-12.379023,-12.103862
588,-12.551939,-12.378450,-12.104711
589,-12.550792,-12.377526,-12.103456
590,-12.549738,-12.376537,-12.102226
591,-12.548735,-12.375639,-12.101231
592,-12.547758,-12.374460,-12.100697
593,-12.546747,-12.373652,-12.100580
594,-12.545667,-12.372699,-12.099963
595,-12.544471,-12.371679,-12.100313
596,-12.543458,-12.370768,-12.099545
597,-12.542434,-12.370057,-12.099570
598,-12.541352,-12.369132,-12.098800
599,-12.540469,-12.368224,-12.098064
600,-12.539500,-12.367638,-12.096521
601,-12.538733,-12.366842,-12.095725
602,-12.537722,-12.366049,-12.094850
603,-12.536527,-12.365092,-12.093686
604,-12.535345,-12.364055,-12.092152
605,-12.534418,-12.363307,-12.092477
606,-12.533592,-12.362423,-12.090952
607,-12.532269,-12.361519,-12.088615
608,-12.531262,-12.360574,-12.087694
609,-12.530193,-12.359718,-12.086578
610,-12.529056,-12.359000,-12.085734
611,-12.527945,-12.358192,-12.085321
612,-12.526854,-12.357247,-12.084956
613,-12.525853,-12.356500,-12.084324
614,-12.524896,-12.355835,-12.083273
615,-12.523898,-12.354788,-12.081957
616,-12.522790,-12.354227,-12.082222
617,-12.521794,-12.353208,-12.081197
618,-12.520742,-12.352254,-12.079783
619,-12.519724,-12.351306,-12.080127
620,-12.518593,-12.350509,-12.079377
621,-12.517520,-12.349673,-12.078829
622,-12.516365,-12.348790,-12.077505
623,-12.515349,-12.347941,-12.075857
624,-12.514364,-12.347257,-12.075187
625,-12.513342,-12.346221,-12.074869
626,-12.512328,-12.345708,-12.074744
627,-12.511428,-12.345064,-12.073089
628,-12.510285,-12.344197,-12.072276
629,-12.509325,-12.343286,-12.070751
630,-12.508409,-12.342625,-12.069222
631,-12.507246,-12.341814,-12.068394
632,-12.506163,-12.341019,-12.068708
633,-12.505089,-12.340349,-12.068176
634,-12.504125,-12.339450,-12.067404
635,-12.503071,-12.338648,-12.066573
636,-12.502056,-12.337805,-12.065416
637,-12.501153,-12.337202,-12.065290
638,-12.500176,-12.336582,-12.063685
639,-12.499093,-12.335664,-12.062667
640,-12.498038,-12.335018,-12.061485
641,-12.496945,-12.333997,-12.060651
642,-12.495860,-12.332979,-12.059143
643,-12.494826,-12.332042,-12.057834
644,-12.493829,-12.331410,-12.058058
645,-12.492863,-12.330570,-12.056731
646,-12.491896,-12.329816,-12.055404
647,-12.491101,-12.329052,-12.054461
648,-12.490067,-12.328287,-12.053615
649,-12.489056,-12.327719,-12.051836
650,-12.488077,-12.326953,-12.052615
651,-12.487189,-12.326105,-12.052279
652,-12.486266,-12.325304,-12.051799
653,-12.485628,-12.324725,-12.052148
654,-12.484806,-12.324136,-12.051207
655,-12.483955,-12.323563,-12.051124
656,-12.482890,-12.322952,-12.051479
657,-12.481876,-12.321847,-12.048822
658,-12.480796,-12.320870,-12.049254
659,-12.479741,-12.320226,-12.048063
660,-12.478773,-12.319699,-12.047597
661,-12.477884,-12.318948,-12.046353
662,-12.477075,-12.318220,-12.045859
663,-12.476203,-12.317354,-12.043858
664,-12.475101,-12.316737,-12.042889
665,-12.473876,-12.315929,-12.042529
666,-12.472803,-12.314989,-12.042052
667,-12.471962,-12.314388,-12.041829
668,-12.471143,-12.313537,-12.041516
669,-12.470197,-12.312847,-12.041339
670,-12.469276,-12.312470,-12.040902
671,-12.468266,-12.311772,-12.040355
672,-12.467355,-12.310970,-12.039479
673,-12.466503,-12.310152,-12.038429
674,-12.465746,-12.309271,-12.037909
675,-12.464934,-12.308243,-12.036795
676,-12.464097,-12.307631,-12.035972
677,-12.463201,-12.306729,-12.035696
678,-12.462476,-12.305943,-12.034441
679,-12.461429,-12.305372,-12.033572
680,-12.460374,-12.304560,-12.032227
681,-12.459234,-12.304141,-12.031869
682,-12.458385,-12.303519,-12.032279
683,-12.457437,-12.302939,-12.030239
684,-12.456366,-12.302254,-12.029015
685,-12.455632,-12.301304,-12.027857
686,-12.454615,-12.300376,-12.026650
687,-12.453651,-12.299914,-12.025453
688,-12.452662,-12.299180,-12.023864
689,-12.451812,-12.298742,-12.023618
690,-12.450775,-12.298111,-12.023493
691,-12.449715,-12.297277,-12.022541
692,-12.448857,-12.296710,-12.021232
693,-12.447896,-12.296118,-12.020606
694,-12.446949,-12.295410,-12.020157
695,-12.445980,-12.294705,-12.019348
696,-12.445272,-12.294222,-12.018572
697,-12.444379,-12.293521,-12.017267
698,-12.443652,-12.293048,-12.015779
699,-12.442676,-12.292325,-12.014963
700,-12.441619,-12.292163,-12.014111
701,-12.440693,-12.291236,-12.013518
702,-12.439733,-12.290271,-12.012954
703,-12.438821,-12.289367,-12.012732
704,-12.437896,-12.288356,-12.013302
705,-12.437098,-12.287317,-12.012065
706,-12.436258,-12.286583,-12.011423
707,-12.435497,-12.285601,-12.011834
708,-12.434618,-12.284921,-12.011502
709,-12.433682,-12.284343,-12.009601
710,-12.433110,-12.283661,-12.009020
711,-12.432269,-12.282910,-12.008867
712,-12.431425,-12.281973,-12.008326
713,-12.430397,-12.281428,-12.007713
714,-12.429562,-12.280946,-12.008177
715,-12.428762,-12.280139,-12.005483
716,-12.427765,-12.279178,-12.004988
717,-12.427035,-12.278587,-12.005187
718,-12.426156,-12.277780,-12.003808
719,-12.425250,-12.277169,-12.002509
720,-12.424394,-12.276704,-12.001600
721,-12.423551,-12.275839,-12.000819
722,-12.422604,-12.275043,-12.000382
723,-12.421860,-12.274383,-11.999578
724,-12.420809,-12.273538,-11.998975
725,-12.419983,-12.272852,-11.998449
726,-12.419216,-12.272082,-11.998141
727,-12.418220,-12.271439,-11.997347
728,-12.417257,-12.270911,-11.995781
729,-12.416560,-12.270464,-11.995719
730,-12.415674,-12.269685,-11.995879
731,-12.414963,-12.269317,-11.994828
732,-12.414214,-12.268805,-11.994915
733,-12.413451,-12.268245,-11.994465
734,-12.412680,-12.267437,-11.993813
735,-12.411826,-12.266737,-11.993162
736,-12.410826,-12.266254,-11.992519
737,-12.410015,-12.265590,-11.992005
738,-12.409285,-12.264714,-11.990441
739,-12.408382,-12.263949,-11.989542
740,-12.407581,-12.263395,-11.989329
741,-12.407017,-12.262569,-11.988689
742,-12.406293,-12.261924,-11.988037
743,-12.405478,-12.261716,-11.986033
744,-12.404894,-12.261056,-11.985750
745,-12.404057,-12.260205,-11.985061
746,-12.403367,-12.259516,-11.985006
747,-12.402661,-12.258945,-11.983306
748,-12.401768,-12.258308,-11.981650
749,-12.400938,-12.257745,-11.982395
750,-12.399985,-12.257376,-11.982238
751,-12.399083,-12.256599,-11.981701
752,-12.398339,-12.256487,-11.980877
753,-12.397572,-12.255655,-11.980093
754,-12.396838,-12.254853,-11.977765
755,-12.396123,-12.254205,-11.977219
756,-12.395384,-12.253511,-11.976367
757,-12.394836,-12.252925,-11.975816
758,-12.394398,-12.252098,-11.975976
759,-12.393752,-12.251422,-11.974097
760,-12.392893,-12.250872,-11.974147
761,-12.392101,-12.250372,-11.972735
762,-12.391238,-12.250249,-11.973308
763,-12.390343,-12.249813,-11.973275
764,-12.389688,-12.249510,-11.973055
765,-12.388903,-12.248587,-11.972639
766,-12.388245,-12.247794,-11.970216
767,-12.387206,-12.247235,-11.969714
768,-12.386047,-12.246797,-11.970365
769,-12.385113,-12.246026,-11.968742
770,-12.384139,-12.244930,-11.968257
771,-12.383049,-12.244313,-11.966543
772,-12.382085,-12.244098,-11.965319
773,-12.381434,-12.243480,-11.964161
774,-12.380750,-12.243072,-11.963499
775,-12.379559,-12.242862,-11.963104
776,-12.378853,-12.242104,-11.963173
777,-12.378102,-12.241350,-11.963670
778,-12.377595,-12.240516,-11.963285
779,-12.376872,-12.239672,-11.962050
780,-12.376109,-12.239261,-11.961601
781,-12.375419,-12.239134,-11.960464
782,-12.374646,-12.238889,-11.959447
783,-12.373916,-12.238423,-11.959140
784,-12.372945,-12.237981,-11.957461
785,-12.372488,-12.237110,-11.957753
786,-12.371499,-12.236211,-11.956652
787,-12.370780,-12.235402,-11.955686
788,-12.370157,-12.235123,-11.954676
789,-12.369470,-12.234173,-11.954603
790,-12.368746,-12.233568,-11.954836
791,-12.367791,-12.233004,-11.954239
792,-12.366948,-12.232795,-11.953250
793,-12.366187,-12.232228,-11.952478
794,-12.365519,-12.231585,-11.951386
795,-12.364611,-12.230804,-11.950123
796,-12.364166,-12.230098,-11.948768
797,-12.363430,-12.229601,-11.946705
798,-12.362574,-12.229279,-11.947950
799,-12.361760,-12.228220,-11.948240
800,-12.361340,-12.227907,-11.946852
801,-12.360667,-12.227366,-11.946598
802,-12.359992,-12.226831,-11.945761
803,-12.359205,-12.226288,-11.944234
804,-12.358304,-12.225993,-11.943667
805,-12.357816,-12.225819,-11.942428
806,-12.356999,-12.225232,-11.942460
807,-12.356513,-12.224828,-11.943111
808,-12.355556,-12.224302,-11.942173
809,-12.354935,-12.223647,-11.942212
810,-12.353902,-12.223245,-11.941310
811,-12.353365,-12.222423,-11.941540
812,-12.352626,-12.221577,-11.940108
813,-12.351874,-12.221071,-11.939085
814,-12.351291,-12.220134,-11.938982
815,-12.350402,-12.219768,-11.937909
816,-12.350060,-12.219078,-11.938123
817,-12.349567,-12.218418,-11.937197
818,-12.349015,-12.218194,-11.937130
819,-12.348159,-12.217509,-11.935285
820,-12.347272,-12.216884,-11.935581
821,-12.346263,-12.216480,-11.934671
822,-12.345814,-12.215532,-11.934000
823,-12.345196,-12.215026,-11.934164
824,-12.344763,-12.214771,-11.932333
825,-12.344075,-12.214373,-11.931772
826,-12.343460,-12.213798,-11.930863
827,-12.342663,-12.213265,-11.930005
828,-12.341893,-12.212754,-11.929525
829,-12.341354,-12.212296,-11.929073
830,-12.340578,-12.211940,-11.927742
831,-12.339321,-12.210971,-11.927246
832,-12.338679,-12.210618,-11.927753
833,-12.338036,-12.210641,-11.926767
834,-12.337437,-12.209641,-11.925825
835,-12.336683,-12.208920,-11.924799
836,-12.336301,-12.208692,-11.926450
837,-12.335352,-12.208075,-11.926301
838,-12.334709,-12.207562,-11.925727
839,-12.333986,-12.207169,-11.925402
840,-12.333456,-12.206785,-11.924565
841,-12.333012,-12.206577,-11.922657
842,-12.332010,-12.206019,-11.921098
843,-12.331282,-12.205272,-11.920054
844,-12.330783,-12.205176,-11.919681
845,-12.330296,-12.204176,-11.918491
846,-12.329594,-12.203440,-11.917466
847,-12.328874,-12.203061,-11.915996
848,-12.328090,-12.202737,-11.914960
849,-12.327540,-12.202000,-11.915943
850,-12.326816,-12.201453,-11.915487
851,-12.325967,-12.201053,-11.914990
852,-12.325224,-12.200568,-11.914204
853,-12.324786,-12.199809,-11.912541
854,-12.324176,-12.199124,-11.911443
855,-12.323677,-12.198768,-11.911938
856,-12.322845,-12.197955,-11.911820
857,-12.322048,-12.197559,-11.912180
858,-12.321349,-12.197279,-11.911514
859,-12.320640,-12.196772,-11.910298
860,-12.319995,-12.195948,-11.908398
861,-12.319731,-12.195737,-11.906207
862,-12.318961,-12.195312,-11.906929
863,-12.318372,-12.194488,-11.906248
864,-12.317321,-12.194543,-11.904618
865,-12.317102,-12.193926,-11.904745
866,-12.316299,-12.193361,-11.903794
867,-12.315709,-12.193069,-11.903151
868,-12.315228,-12.192159,-11.900990
869,-12.314565,-12.192012,-11.900157
870,-12.314145,-12.191857,-11.899056
871,-12.313389,-12.191658,-11.898212
872,-12.312931,-12.191156,-11.898927
873,-12.311940,-12.190607,-11.897514
874,-12.311388,-12.190020,-11.896169
875,-12.310762,-12.189587,-11.895340
876,-12.309991,-12.189420,-11.894695
877,-12.309401,-12.189396,-11.894376
878,-12.308881,-12.188718,-11.894930
879,-12.308293,-12.188106,-11.894753
880,-12.307866,-12.187359,-11.894316
881,-12.307214,-12.186570,-11.893182
882,-12.306493,-12.185763,-11.892749
883,-12.306079,-12.185496,-11.891068
884,-12.305603,-12.185024,-11.888090
885,-12.305092,-12.184357,-11.888944
886,-12.304487,-12.184294,-11.887450
887,-12.304142,-12.183270,-11.886193
888,-12.303304,-12.182882,-11.886574
889,-12.302575,-12.182305,-11.885391
890,-12.302122,-12.181761,-11.885413
891,-12.301714,-12.180825,-11.883647
892,-12.300576,-12.180564,-11.882683
893,-12.300228,-12.179702,-11.882135
894,-12.299655,-12.179189,-11.881025
895,-12.299055,-12.178093,-11.880252
896,-12.298450,-12.177801,-11.879221
897,-12.297912,-12.177244,-11.878532
898,-12.297376,-12.176718,-11.877994
899,-12.296319,-12.176423,-11.877829
900,-12.295882,-12.176166,-11.877652
901,-12.294847,-12.175837,-11.877447
902,-12.294250,-12.175514,-11.877061
903,-12.293477,-12.175099,-11.876540
904,-12.292868,-12.174716,-11.876672
905,-12.292193,-12.173963,-11.876495
906,-12.291637,-12.173614,-11.876309
907,-12.291245,-12.172906,-11.874607
908,-12.290337,-12.172082,-11.874255
909,-12.289713,-12.171729,-11.874047
910,-12.289086,-12.170983,-11.871867
911,-12.288665,-12.170153,-11.872176
912,-12.288008,-12.170020,-11.871471
913,-12.287690,-12.169438,-11.870686
914,-12.286989,-12.169101,-11.870780
915,-12.286533,-12.168593,-11.871512
916,-12.286234,-12.167976,-11.870752
917,-12.285031,-12.168066,-11.870765
918,-12.284517,-12.167887,-11.869525
919,-12.283738,-12.167617,-11.868575
920,-12.282865,-12.166680,-11.868814
921,-12.282219,-12.166669,-11.868062
922,-12.282192,-12.166282,-11.867517
923,-12.281316,-12.165970,-11.867871
924,-12.280820,-12.164644,-11.867439
925,-12.280093,-12.163909,-11.865831
926,-12.279505,-12.163104,-11.863752
927,-12.278982,-12.163165,-11.861981
928,-12.278318,-12.162647,-11.860708
929,-12.277705,-12.162614,-11.860613
930,-12.277043,-12.162278,-11.859538
931,-12.276495,-12.161636,-11.860794
932,-12.275684,-12.161323,-11.860371
933,-12.275359,-12.160828,-11.860552
934,-12.274768,-12.159901,-11.861168
935,-12.274311,-12.159309,-11.860874
936,-12.273238,-12.158910,-11.860006
937,-12.272566,-12.158777,-11.860209
938,-12.272228,-12.158208,-11.859331
939,-12.271849,-12.157735,-11.859191
940,-12.271283,-12.157758,-11.859117
941,-12.270713,-12.157138,-11.857621
942,-12.270631,-12.156393,-11.855457
943,-12.269900,-12.155759,-11.853419
944,-12.269571,-12.155503,-11.853673
945,-12.268821,-12.155207,-11.851980
946,-12.268363,-12.155085,-11.852419
947,-12.268078,-12.154714,-11.852158
948,-12.267727,-12.154326,-11.851206
949,-12.267071,-12.154305,-11.849885
950,-12.266524,-12.154066,-11.849084
951,-12.265804,-12.153339,-11.847526
952,-12.265498,-12.153182,-11.845480
953,-12.265190,-12.153346,-11.845945
954,-12.264690,-12.152505,-11.845012
955,-12.264612,-12.152074,-11.843824
956,-12.264565,-12.151301,-11.842599
957,-12.263812,-12.150519,-11.841154
958,-12.263409,-12.150475,-11.839799
959,-12.262910,-12.150120,-11.839355
960,-12.262422,-12.149248,-11.839846
961,-12.261937,-12.149181,-11.839890
962,-12.261965,-12.148629,-11.840079
963,-12.261228,-12.147865,-11.839795
964,-12.260711,-12.147776,-11.840240
965,-12.259943,-12.147608,-11.840082
966,-12.258788,-12.147406,-11.839011
967,-12.258723,-12.147425,-11.839373
968,-12.258744,-12.147206,-11.839552
969,-12.258223,-12.146855,-11.838541
970,-12.257650,-12.146174,-11.837806
971,-12.257107,-12.145944,-11.837610
972,-12.256278,-12.145177,-11.836864
973,-12.256144,-12.144405,-11.836722
974,-12.255746,-12.144189,-11.836581
975,-12.255269,-12.144086,-11.835840
976,-12.254884,-12.143727,-11.834062
977,-12.254831,-12.143959,-11.833708
978,-12.253788,-12.143014,-11.832460
979,-12.253261,-12.142607,-11.832523
980,-12.252377,-12.142003,-11.831049
981,-12.251956,-12.141552,-11.830805
982,-12.251207,-12.141146,-11.829202
983,-12.250849,-12.140915,-11.828868
984,-12.250411,-12.141039,-11.827991
985,-12.250108,-12.140176,-11.827356
986,-12.248955,-12.139905,-11.826298
987,-12.248476,-12.139091,-11.825744
988,-12.247594,-12.138501,-11.825232
989,-12.246579,-12.138761,-11.823336
990,-12.246228,-12.137983,-11.823245
991,-12.246132,-12.137680,-11.822783
992,-12.245857,-12.137940,-11.822268
993,-12.245559,-12.137486,-11.821889
994,-12.244796,-12.137094,-11.822455
995,-12.244768,-12.136711,-11.821652
996,-12.244254,-12.135783,-11.821470
997,-12.243562,-12.135359,-11.820588
998,-12.242790,-12.134679,-11.820092
999,-12.241957,-12.134454,-11.820292
1000,-12.241829,-12.134125,-11.819393
