alpha,beta,q_v,q_h,q_v_hat,q_h_hat,chi_vh
0.5,0.0000,1.0000000000e-02,9.9337091526e-03,3.3112363842e-35,6.6666666667e-35,4.38569e-35
0.5,0.0100,1.0000997867e-02,9.9343495898e-03,3.3114498633e-07,6.6673319114e-07,4.38597e-07
0.5,0.0200,1.0003985763e-02,9.9362716570e-03,1.3248362209e-06,2.6677295369e-06,1.75472e-06
0.5,0.0300,1.0008959806e-02,9.9394776175e-03,2.9818432852e-06,6.0053758835e-06,3.94938e-06
0.5,0.0400,1.0015924555e-02,9.9439712456e-03,5.3034513310e-06,1.0683652859e-05,7.02425e-06
0.5,0.0500,1.0024886402e-02,9.9497578354e-03,8.2914648628e-06,1.6708144004e-05,1.09817e-05
0.5,0.0600,1.0035853585e-02,9.9568442123e-03,1.1948213055e-05,2.4086048604e-05,1.58247e-05
0.5,0.0700,1.0048836206e-02,9.9652387487e-03,1.6276556623e-05,3.2826198274e-05,2.15570e-05
0.5,0.0800,1.0063846258e-02,9.9749513828e-03,2.1279896283e-05,4.2939077370e-05,2.81831e-05
0.5,0.0900,1.0080897653e-02,9.9859936417e-03,2.6962182832e-05,5.4436847328e-05,3.57080e-05
0.5,0.1000,1.0100006253e-02,9.9983786662e-03,3.3327928887e-05,6.7333375022e-05,4.41375e-05
0.5,0.1100,1.0121189912e-02,1.0012121243e-02,4.0382222347e-05,8.1644265287e-05,5.34783e-05
0.5,0.1200,1.0144468515e-02,1.0027237838e-02,4.8130741620e-05,9.7386897740e-05,6.37377e-05
0.5,0.1300,1.0169864031e-02,1.0043746633e-02,5.6579772697e-05,1.1458046808e-04,7.49237e-05
0.5,0.1400,1.0197400565e-02,1.0061667571e-02,6.5736228131e-05,1.3324603405e-04,8.70452e-05
0.5,0.1500,1.0227104417e-02,1.0081022403e-02,7.5607668021e-05,1.5340656626e-04,1.00112e-04
0.5,0.1600,1.0259004150e-02,1.0101834737e-02,8.6202323086e-05,1.7508700415e-04,1.14134e-04
0.5,0.1700,1.0293130658e-02,1.0124130097e-02,9.7529119933e-05,1.9831431735e-04,1.29124e-04
0.5,0.1800,1.0329517250e-02,1.0147935986e-02,1.0959770865e-04,2.2311757261e-04,1.45092e-04
0.5,0.1900,1.0368199733e-02,1.0173281951e-02,1.2241849281e-04,2.4952800691e-04,1.62053e-04
0.5,0.2000,1.0409216505e-02,1.0200199661e-02,1.3600266214e-04,2.7757910680e-04,1.80021e-04
0.5,0.2100,1.0452608654e-02,1.0228722976e-02,1.5036222774e-04,3.0730669442e-04,1.99010e-04
0.5,0.2200,1.0498420072e-02,1.0258888046e-02,1.6551006047e-04,3.3874902099e-04,2.19037e-04
0.5,0.2300,1.0546697571e-02,1.0290733398e-02,1.8145993225e-04,3.7194686767e-04,2.40119e-04
0.5,0.2400,1.0597491011e-02,1.0324300037e-02,1.9822656071e-04,4.0694365483e-04,2.62274e-04
0.5,0.2500,1.0650853438e-02,1.0359631554e-02,2.1582565738e-04,4.4378555992e-04,2.85522e-04
0.5,0.2600,1.0706841233e-02,1.0396774246e-02,2.3427397967e-04,4.8252164490e-04,3.09882e-04
0.5,0.2700,1.0765514273e-02,1.0435777240e-02,2.5358938692e-04,5.2320399368e-04,3.35378e-04
0.5,0.2800,1.0826936106e-02,1.0476692628e-02,2.7379090069e-04,5.6588786047e-04,3.62033e-04
0.5,0.2900,1.0891174137e-02,1.0519575629e-02,2.9489877013e-04,6.1063182997e-04,3.89871e-04
0.5,0.3000,1.0958299825e-02,1.0564484715e-02,3.1693454144e-04,6.5749798950e-04,4.18917e-04
0.5,0.3100,1.1028388909e-02,1.0611481816e-02,3.3992113416e-04,7.0655211607e-04,4.49201e-04
0.5,0.3200,1.1101521636e-02,1.0660632487e-02,3.6388292223e-04,7.5786387704e-04,4.80751e-04
0.5,0.3300,1.1177783021e-02,1.0712006113e-02,3.8884582189e-04,8.1150704730e-04,5.13597e-04
0.5,0.3400,1.1257263110e-02,1.0765676117e-02,4.1483738636e-04,8.6755974371e-04,5.47774e-04
0.5,0.3500,1.1340057287e-02,1.0821720198e-02,4.4188690809e-04,9.2610467843e-04,5.83315e-04
0.5,0.3600,1.1426266582e-02,1.0880220580e-02,4.7002552905e-04,9.8722943267e-04,6.20258e-04
0.5,0.3700,1.1515998023e-02,1.0941264279e-02,4.9928635992e-04,1.0510267529e-03,6.58641e-04
0.5,0.3800,1.1609365004e-02,1.1004943398e-02,5.2970460887e-04,1.1175948711e-03,6.98505e-04
0.5,0.3900,1.1706487698e-02,1.1071355452e-02,5.6131772144e-04,1.1870378525e-03,7.39893e-04
0.5,0.4000,1.1807493469e-02,1.1140603677e-02,5.9416552944e-04,1.2594659700e-03,7.82853e-04
0.5,0.4100,1.1912517377e-02,1.1212797444e-02,6.2829041679e-04,1.3349961141e-03,8.27432e-04
0.5,0.4200,1.2021702672e-02,1.1288052636e-02,6.6373749502e-04,1.4137522342e-03,8.73682e-04
0.5,0.4300,1.2135201355e-02,1.1366492089e-02,7.0055479573e-04,1.4958658204e-03,9.21659e-04
0.5,0.4400,1.2253174785e-02,1.1448246063e-02,7.3879347926e-04,1.5814764256e-03,9.71419e-04
0.5,0.4500,1.2375794338e-02,1.1533452761e-02,7.7850806140e-04,1.6707322356e-03,1.02302e-03
0.5,0.4600,1.2503242129e-02,1.1622258895e-02,8.1975666073e-04,1.7637906897e-03,1.07654e-03
0.5,0.4700,1.2635711770e-02,1.1714820266e-02,8.6260126559e-04,1.8608191533e-03,1.13204e-03
0.5,0.4800,1.2773409254e-02,1.1811302468e-02,9.0710802958e-04,1.9619956614e-03,1.18958e-03
0.5,0.4900,1.2916553871e-02,1.1911881592e-02,9.5334759010e-04,2.0675097229e-03,1.24926e-03
0.5,0.5000,1.3065379224e-02,1.2016745020e-02,1.0013954184e-03,2.1775632040e-03,1.31116e-03
0.5,0.5100,1.3220134348e-02,1.2126092296e-02,1.0513322021e-03,2.2923712959e-03,1.37535e-03
0.5,0.5200,1.3381084928e-02,1.2240136072e-02,1.1032442646e-03,2.4121635764e-03,1.44195e-03
0.5,0.5300,1.3548514652e-02,1.2359103168e-02,1.1572240267e-03,2.5371851771e-03,1.51103e-03
0.5,0.5400,1.3722726647e-02,1.2483235655e-02,1.2133705056e-03,2.6676980601e-03,1.58272e-03
0.5,0.5500,1.3904045148e-02,1.2612792190e-02,1.2717898791e-03,2.8039824382e-03,1.65712e-03
0.5,0.5600,1.4092817255e-02,1.2748049354e-02,1.3325960924e-03,2.9463383275e-03,1.73436e-03
0.5,0.5700,1.4289414909e-02,1.2889303184e-02,1.3959115349e-03,3.0950872694e-03,1.81457e-03
0.5,0.5800,1.4494237086e-02,1.3036870871e-02,1.4618677870e-03,3.2505742372e-03,1.89787e-03
0.5,0.5900,1.4707712154e-02,1.3191092578e-02,1.5306064421e-03,3.4131697338e-03,1.98443e-03
0.5,0.6000,1.4930300615e-02,1.3352333555e-02,1.6022800266e-03,3.5832721477e-03,2.07439e-03
0.5,0.6100,1.5162498034e-02,1.3520986394e-02,1.6770530124e-03,3.7613103457e-03,2.16793e-03
0.5,0.6200,1.5404838343e-02,1.3697473572e-02,1.7551029471e-03,3.9477465726e-03,2.26523e-03
0.5,0.6300,1.5657897532e-02,1.3882250304e-02,1.8366217152e-03,4.1430796871e-03,2.36648e-03
0.5,0.6400,1.5922297716e-02,1.4075807599e-02,1.9218169308e-03,4.3478487629e-03,2.47189e-03
0.5,0.6500,1.6198711773e-02,1.4278675901e-02,2.0109135227e-03,4.5626371495e-03,2.58168e-03
0.5,0.6600,1.6487868462e-02,1.4491428947e-02,2.1041554830e-03,4.7880770015e-03,2.69610e-03
0.5,0.6700,1.6790558222e-02,1.4714688206e-02,2.2018078452e-03,5.0248543907e-03,2.81540e-03
0.5,0.6800,1.7107639581e-02,1.4949127779e-02,2.3041588949e-03,5.2737150282e-03,2.93987e-03
0.5,0.6900,1.7440046594e-02,1.5195480040e-02,2.4115226823e-03,5.5354707888e-03,3.06981e-03
0.5,0.7000,1.7788797039e-02,1.5454541875e-02,2.5242418396e-03,5.8110070328e-03,3.20554e-03
0.5,0.7100,1.8155001821e-02,1.5727181831e-02,2.6426907870e-03,6.1012909454e-03,3.34741e-03
0.5,0.7200,1.8539875518e-02,1.6014348007e-02,2.7672793356e-03,6.4073809789e-03,3.49581e-03
0.5,0.7300,1.8944748588e-02,1.6317077385e-02,2.8984568462e-03,6.7304376815e-03,3.65115e-03
0.5,0.7400,1.9371080996e-02,1.6636506037e-02,3.0367169019e-03,7.0717359690e-03,3.81389e-03
0.5,0.7500,1.9820478096e-02,1.6973881049e-02,3.1826026968e-03,7.4326792859e-03,3.98450e-03
0.5,0.7600,2.0294708611e-02,1.7330574044e-02,3.3367131892e-03,7.8148157958e-03,4.16351e-03
0.5,0.7700,2.0795725321e-02,1.7708096540e-02,3.4997101462e-03,8.2198570287e-03,4.35151e-03
0.5,0.7800,2.1325689052e-02,1.8108117946e-02,3.6723263195e-03,8.6496994794e-03,4.54911e-03
0.5,0.7900,2.1886996092e-02,1.8532485874e-02,3.8553748112e-03,9.1064495075e-03,4.75701e-03
0.5,0.8000,2.2482310297e-02,1.8983249897e-02,4.0497599779e-03,9.5924523934e-03,4.97594e-03
0.5,0.8100,2.3114600133e-02,1.9462688937e-02,4.2564900705e-03,1.0110326098e-02,5.20671e-03
0.5,0.8200,2.3787181865e-02,1.9973342858e-02,4.4766919125e-03,1.0663000724e-02,5.45021e-03
0.5,0.8300,2.4503770061e-02,2.0518049626e-02,4.7116281291e-03,1.1253764797e-02,5.70741e-03
0.5,0.8400,2.5268536879e-02,2.1099988404e-02,4.9627172725e-03,1.1886319748e-02,5.97935e-03
0.5,0.8500,2.6086181438e-02,2.1722729784e-02,5.2315574229e-03,1.2564844060e-02,6.26719e-03
0.5,0.8600,2.6962011976e-02,2.2390295160e-02,5.5199541002e-03,1.3294069372e-02,6.57216e-03
0.5,0.8700,2.7902042429e-02,2.3107225987e-02,5.8299531164e-03,1.4079370610e-02,6.89563e-03
0.5,0.8800,2.8913107463e-02,2.3878665556e-02,6.1638795354e-03,1.4926873613e-02,7.23907e-03
0.5,0.8900,3.0002998616e-02,2.4710455567e-02,6.5243839516e-03,1.5843583469e-02,7.60405e-03
0.5,0.9000,3.1180626688e-02,2.5609249877e-02,6.9144974667e-03,1.6837538412e-02,7.99228e-03
0.5,0.9100,3.2456215411e-02,2.6582649373e-02,7.3376973152e-03,1.7917994655e-02,8.40557e-03
0.5,0.9200,3.3841532350e-02,2.7639361063e-02,7.7979850680e-03,1.9095648654e-02,8.84582e-03
0.5,0.9300,3.5350165515e-02,2.8789386196e-02,8.2999800403e-03,2.0382905436e-02,9.31500e-03
0.5,0.9400,3.6997852954e-02,3.0044241952e-02,8.8490307296e-03,2.1794201914e-02,9.81511e-03
0.5,0.9500,3.8802876461e-02,3.1417221913e-02,9.4513475921e-03,2.3346397338e-02,1.03481e-02
0.5,0.9600,4.0786528928e-02,3.2923699341e-02,1.0114160438e-02,2.5059243373e-02,1.09158e-02
0.5,0.9700,4.2973665831e-02,3.4581477361e-02,1.0845904016e-02,2.6955948120e-02,1.15197e-02
0.5,0.9800,4.5393350396e-02,3.6411186869e-02,1.1656434623e-02,2.9063849147e-02,1.21607e-02
0.5,0.9900,4.8079595388e-02,3.8436726776e-02,1.2557278638e-02,3.1415207626e-02,1.28391e-02
0.5,1.0000,5.1072196971e-02,4.0685733889e-02,1.3561911296e-02,3.4048131314e-02,1.35538e-02
0.5,1.0100,5.4417636912e-02,4.3190052095e-02,1.4686057381e-02,3.7007620943e-02,1.43018e-02
0.5,1.0200,5.8170000352e-02,4.5986147486e-02,1.5947995948e-02,4.0346712244e-02,1.50777e-02
0.5,1.0300,6.2391808879e-02,4.9115379446e-02,1.7368835351e-02,4.4127646693e-02,1.58729e-02
0.5,1.0400,6.7154600954e-02,5.2623990500e-02,1.8972702708e-02,4.8422944261e-02,1.66742e-02
0.5,1.0500,7.2539000919e-02,5.6562618058e-02,2.0786762136e-02,5.3316165675e-02,1.74636e-02
0.5,1.0600,7.8633918607e-02,6.0985078053e-02,2.2840944567e-02,5.8902047298e-02,1.82170e-02
0.5,1.0700,8.5534448962e-02,6.5946150618e-02,2.5167249281e-02,6.5285593744e-02,1.89051e-02
0.5,1.0800,9.3338052140e-02,7.1498156904e-02,2.7798483404e-02,7.2579669344e-02,1.94939e-02
0.5,1.0900,1.0213880632e-01,7.7686330200e-02,3.0766376303e-02,8.0900743861e-02,1.99481e-02
0.5,1.1000,1.1201998640e-01,8.4543364843e-02,3.4099157153e-02,9.0362789033e-02,2.02351e-02
0.5,1.1100,1.2304593854e-01,9.2084036002e-02,3.7818913586e-02,1.0106993392e-01,2.03303e-02
0.5,1.1200,1.3525490202e-01,1.0030117465e-01,4.1939264492e-02,1.1310916606e-01,2.02221e-02
0.5,1.1300,1.4865467847e-01,1.0916427120e-01,4.6463952632e-02,1.2654477262e-01,1.99144e-02
0.5,1.1400,1.6322245524e-01,1.1862135261e-01,5.1386769951e-02,1.4141593522e-01,1.94261e-02
0.5,1.1500,1.7890882007e-01,1.2860376114e-01,5.6692824702e-02,1.5773794303e-01,1.87877e-02
0.5,1.1600,1.9564467610e-01,1.3903257025e-01,6.2360742178e-02,1.7550631744e-01,1.80358e-02
0.5,1.1700,2.1334914510e-01,1.4982510219e-01,6.8365194131e-02,1.9470242982e-01,1.72080e-02
0.5,1.1800,2.3193677155e-01,1.6090035999e-01,7.4679220416e-02,2.1529917381e-01,1.63384e-02
0.5,1.1900,2.5132308669e-01,1.7218283529e-01,8.1276037683e-02,2.3726574871e-01,1.54557e-02
1.0,0.0000,1.0000000000e-02,9.9337091526e-03,4.9668545763e-35,5.0000000000e-35,4.93390e-35
1.0,0.0100,1.0001496834e-02,9.9341895046e-03,4.9670947523e-07,5.0007484171e-07,4.93438e-07
1.0,0.0200,1.0005979180e-02,9.9356314163e-03,1.9871262833e-06,2.0011958359e-06,1.97433e-06
1.0,0.0300,1.0013442409e-02,9.9380374512e-03,4.4721168531e-06,4.5060490841e-06,4.44441e-06
1.0,0.0400,1.0023895362e-02,9.9414118866e-03,7.9531295093e-06,8.0191162898e-06,7.90656e-06
1.0,0.0500,1.0037350436e-02,9.9457607256e-03,1.2432200907e-05,1.2546688045e-05,1.23648e-05
1.0,0.0600,1.0053823622e-02,9.9510917151e-03,1.7911965087e-05,1.8096882519e-05,1.78245e-05
1.0,0.0700,1.0073334554e-02,9.9574143685e-03,2.4395665203e-05,2.4679669657e-05,2.42919e-05
1.0,0.0800,1.0095906565e-02,9.9647399938e-03,3.1887167980e-05,3.2306901009e-05,3.17747e-05
1.0,0.0900,1.0121566761e-02,9.9730817274e-03,4.0390980996e-05,4.0992345380e-05,4.02818e-05
1.0,0.1000,1.0150346094e-02,9.9824545722e-03,4.9912272861e-05,5.0751730468e-05,4.98233e-05
1.0,0.1100,1.0182279464e-02,9.9928754441e-03,6.0456896437e-05,6.1602790756e-05,6.04105e-05
1.0,0.1200,1.0217405821e-02,1.0004363223e-02,7.2031415202e-05,7.3565321912e-05,7.20563e-05
1.0,0.1300,1.0255768286e-02,1.0016938808e-02,8.4643132928e-05,8.6661242015e-05,8.47746e-05
1.0,0.1400,1.0297414282e-02,1.0030625186e-02,9.8300126827e-05,1.0091465996e-04,9.85810e-05
1.0,0.1500,1.0342395685e-02,1.0045447501e-02,1.1301128438e-04,1.1635195145e-04,1.13492e-04
1.0,0.1600,1.0390768987e-02,1.0061433130e-02,1.2878634406e-04,1.3300184303e-04,1.29527e-04
1.0,0.1700,1.0442595475e-02,1.0078611775e-02,1.4563594014e-04,1.5089550461e-04,1.46706e-04
1.0,0.1800,1.0497941431e-02,1.0097015555e-02,1.6357165200e-04,1.7006665119e-04,1.65049e-04
1.0,0.1900,1.0556878352e-02,1.0116679117e-02,1.8260605806e-04,1.9055165426e-04,1.84580e-04
1.0,0.2000,1.0619483178e-02,1.0137639735e-02,2.0275279470e-04,2.1238966355e-04,2.05325e-04
1.0,0.2100,1.0685838560e-02,1.0159937454e-02,2.2402662086e-04,2.3562274024e-04,2.27311e-04
1.0,0.2200,1.0756033140e-02,1.0183615212e-02,2.4644348814e-04,2.6029600198e-04,2.50565e-04
1.0,0.2300,1.0830161859e-02,1.0208718996e-02,2.7002061744e-04,2.8645778117e-04,2.75119e-04
1.0,0.2400,1.0908326292e-02,1.0235297998e-02,2.9477658235e-04,3.1415979721e-04,3.01006e-04
1.0,0.2500,1.0990635013e-02,1.0263404795e-02,3.2073139983e-04,3.4345734416e-04,3.28261e-04
1.0,0.2600,1.1077203993e-02,1.0293095535e-02,3.4790662909e-04,3.7440949495e-04,3.56922e-04
1.0,0.2700,1.1168157031e-02,1.0324430151e-02,3.7632547902e-04,4.0707932377e-04,3.87028e-04
1.0,0.2800,1.1263626226e-02,1.0357472582e-02,4.0601292522e-04,4.4153414808e-04,4.18623e-04
1.0,0.2900,1.1363752496e-02,1.0392291024e-02,4.3699583757e-04,4.7784579245e-04,4.51752e-04
1.0,0.3000,1.1468686112e-02,1.0428958185e-02,4.6930311834e-04,5.1609087502e-04,4.86464e-04
1.0,0.3100,1.1578587335e-02,1.0467551595e-02,5.0296585415e-04,5.5635112147e-04,5.22810e-04
1.0,0.3200,1.1693627066e-02,1.0508153912e-02,5.3801748028e-04,5.9871370578e-04,5.60845e-04
1.0,0.3300,1.1813987565e-02,1.0550853270e-02,5.7449396055e-04,6.4327162290e-04,6.00627e-04
1.0,0.3400,1.1939863245e-02,1.0595743660e-02,6.1243398357e-04,6.9012409558e-04,6.42221e-04
1.0,0.3500,1.2071461535e-02,1.0642925341e-02,6.5187917716e-04,7.3937701904e-04,6.85691e-04
1.0,0.3600,1.2209003820e-02,1.0692505291e-02,6.9287434287e-04,7.9114344753e-04,7.31109e-04
1.0,0.3700,1.2352726479e-02,1.0744597708e-02,7.3546771312e-04,8.4554412749e-04,7.78550e-04
1.0,0.3800,1.2502881997e-02,1.0799324527e-02,7.7971123085e-04,9.0270808022e-04,8.28096e-04
1.0,0.3900,1.2659740234e-02,1.0856816045e-02,8.2566086023e-04,9.6277324479e-04,8.79832e-04
1.0,0.4000,1.2823589766e-02,1.0917211553e-02,8.7337692421e-04,1.0258871813e-03,9.33849e-04
1.0,0.4100,1.2994739392e-02,1.0980660053e-02,9.2292447742e-04,1.0922078459e-03,9.90247e-04
1.0,0.4200,1.3173519781e-02,1.1047321047e-02,9.7437371637e-04,1.1619044447e-03,1.04913e-03
1.0,0.4300,1.3360285290e-02,1.1117365406e-02,1.0278004318e-03,1.2351583751e-03,1.11061e-03
1.0,0.4400,1.3555415972e-02,1.1190976320e-02,1.0832865078e-03,1.3121642661e-03,1.17481e-03
1.0,0.4500,1.3759319812e-02,1.1268350373e-02,1.1409204753e-03,1.3931311309e-03,1.24185e-03
1.0,0.4600,1.3972435127e-02,1.1349698668e-02,1.2007981191e-03,1.4782836365e-03,1.31187e-03
1.0,0.4700,1.4195233372e-02,1.1435248180e-02,1.2630231614e-03,1.5678635260e-03,1.38503e-03
1.0,0.4800,1.4428222118e-02,1.1525243158e-02,1.3277080118e-03,1.6621311880e-03,1.46147e-03
1.0,0.4900,1.4671948434e-02,1.1619946737e-02,1.3949746058e-03,1.7613674095e-03,1.54138e-03
1.0,0.5000,1.4927002659e-02,1.1719642731e-02,1.4649553414e-03,1.8658753324e-03,1.62493e-03
1.0,0.5100,1.5194022555e-02,1.1824637576e-02,1.5377941167e-03,1.9759826333e-03,1.71232e-03
1.0,0.5200,1.5473698061e-02,1.1935262613e-02,1.6136475053e-03,2.0920439779e-03,1.80377e-03
1.0,0.5300,1.5766776524e-02,1.2051876546e-02,1.6926860609e-03,2.2144437627e-03,1.89949e-03
1.0,0.5400,1.6074068624e-02,1.2174868244e-02,1.7750957900e-03,2.3435992054e-03,1.99975e-03
1.0,0.5500,1.6396455040e-02,1.2304659886e-02,1.8610798077e-03,2.4799638248e-03,2.10481e-03
1.0,0.5600,1.6734893999e-02,1.2441710522e-02,1.9508602098e-03,2.6240313790e-03,2.21497e-03
1.0,0.5700,1.7090429675e-02,1.2586520025e-02,2.0446801781e-03,2.7763403007e-03,2.33053e-03
1.0,0.5800,1.7464201980e-02,1.2739633704e-02,2.1428063890e-03,2.9374787731e-03,2.45184e-03
1.0,0.5900,1.7857457454e-02,1.2901647424e-02,2.2455317341e-03,3.1080904699e-03,2.57927e-03
1.0,0.6000,1.8271561731e-02,1.3073213419e-02,2.3531784155e-03,3.2888811116e-03,2.71323e-03
1.0,0.6100,1.8708013886e-02,1.3255047068e-02,2.4661015069e-03,3.4806259834e-03,2.85417e-03
1.0,0.6200,1.9168462754e-02,1.3447934492e-02,2.5846930094e-03,3.6841785413e-03,3.00256e-03
1.0,0.6300,1.9654725781e-02,1.3652741375e-02,2.7093865258e-03,3.9004803313e-03,3.15894e-03
1.0,0.6400,2.0168810587e-02,1.3870423011e-02,2.8406626326e-03,4.1305724083e-03,3.32388e-03
1.0,0.6500,2.0712940177e-02,1.4102036047e-02,2.9790551150e-03,4.3756086125e-03,3.49803e-03
1.0,0.6600,2.1289581954e-02,1.4348751984e-02,3.1251581822e-03,4.6368709497e-03,3.68208e-03
1.0,0.6700,2.1901481511e-02,1.4611872783e-02,3.2796348461e-03,4.9157875252e-03,3.87682e-03
1.0,0.6800,2.2551702265e-02,1.4892849291e-02,3.4432267562e-03,5.2139535638e-03,4.08308e-03
1.0,0.6900,2.3243671806e-02,1.5193302599e-02,3.6167656836e-03,5.5331560734e-03,4.30182e-03
1.0,0.7000,2.3981236279e-02,1.5515049107e-02,3.8011870313e-03,5.8754028884e-03,4.53408e-03
1.0,0.7100,2.4768725097e-02,1.5860130287e-02,3.9975458389e-03,6.2429571606e-03,4.78101e-03
1.0,0.7200,2.5611027163e-02,1.6230847532e-02,4.2070356804e-03,6.6383782406e-03,5.04392e-03
1.0,0.7300,2.6513682172e-02,1.6629803981e-02,4.4310112707e-03,7.0645706147e-03,5.32422e-03
1.0,0.7400,2.7482989361e-02,1.7059954025e-02,4.6710154120e-03,7.5248424870e-03,5.62352e-03
1.0,0.7500,2.8526138716e-02,1.7524662809e-02,4.9288114151e-03,8.0229765140e-03,5.94361e-03
1.0,0.7600,2.9651369124e-02,1.8027777842e-02,5.2064222408e-03,8.5633154031e-03,6.28648e-03
1.0,0.7700,3.0868160459e-02,1.8573715477e-02,5.5061779533e-03,9.1508661680e-03,6.65437e-03
1.0,0.7800,3.2187467277e-02,1.9167565692e-02,5.8307734835e-03,9.7914275458e-03,7.04978e-03
1.0,0.7900,3.3622006269e-02,1.9815220367e-02,6.1833395155e-03,1.0491747056e-02,7.47552e-03
1.0,0.8000,3.5186609019e-02,2.0523529874e-02,6.5675295596e-03,1.1259714886e-02,7.93471e-03
1.0,0.8100,3.6898659558e-02,2.1300495918e-02,6.9876276860e-03,1.2104605268e-02,8.43087e-03
1.0,0.8200,3.8778637853e-02,2.2155509812e-02,7.4486823988e-03,1.3037378046e-02,8.96789e-03
1.0,0.8300,4.0850799210e-02,2.3099647539e-02,7.9566735948e-03,1.4071057788e-02,9.55007e-03
1.0,0.8400,4.3144025968e-02,2.4146036872e-02,8.5187218085e-03,1.5221212362e-02,1.01821e-02
1.0,0.8500,4.5692899849e-02,2.5310314297e-02,9.1433510397e-03,1.6506560070e-02,1.08692e-02
1.0,0.8600,4.8539053604e-02,2.6611194448e-02,9.8408197068e-03,1.7949742023e-02,1.16167e-02
1.0,0.8700,5.1732876887e-02,2.8071178060e-02,1.0623537337e-02,1.9578307258e-02,1.24301e-02
1.0,0.8800,5.5335663755e-02,2.9717427562e-02,1.1506587952e-02,2.1425969006e-02,1.33148e-02
1.0,0.8900,5.9422297655e-02,3.1582837286e-02,1.2508382707e-02,2.3534200986e-02,1.42753e-02
1.0,0.9000,6.4084569370e-02,3.3707317473e-02,1.3651463576e-02,2.5954250595e-02,1.53146e-02
1.0,0.9100,6.9435180937e-02,3.6139280886e-02,1.4963469251e-02,2.8749636667e-02,1.64324e-02
1.0,0.9200,7.5612389018e-02,3.8937261670e-02,1.6478249139e-02,3.1999163032e-02,1.76235e-02
1.0,0.9300,8.2785001165e-02,4.2171471709e-02,1.8237052941e-02,3.5800373754e-02,1.88745e-02
1.0,0.9400,9.1156987762e-02,4.5924885428e-02,2.0289614382e-02,4.0273157193e-02,2.01602e-02
1.0,0.9500,1.0097019357e-01,5.0293103329e-02,2.2694762877e-02,4.5562799849e-02,2.14392e-02
1.0,0.9600,1.1250249876e-01,5.5381798958e-02,2.5519932960e-02,5.1841151428e-02,2.26506e-02
1.0,0.9700,1.2605757703e-01,6.1300183026e-02,2.8838671105e-02,5.9303787114e-02,2.37137e-02
1.0,0.9800,1.4194209859e-01,6.8149094213e-02,3.2725195041e-02,6.8160595745e-02,2.45341e-02
1.0,0.9900,1.6042871778e-01,7.6003825402e-02,3.7245674638e-02,7.8618093149e-02,2.50202e-02
1.0,1.0000,1.8171016464e-01,8.4895069057e-02,4.2447534529e-02,9.0855082321e-02,2.51052e-02
1.0,1.0100,2.0585935508e-01,9.4795107137e-02,4.8350244395e-02,1.0499856406e-01,2.47696e-02
1.0,1.0200,2.3281444244e-01,1.0561684872e-01,5.4941884705e-02,1.2111007296e-01,2.40485e-02
1.0,1.0300,2.6239765510e-01,1.1722768741e-01,6.2183426788e-02,1.3918883615e-01,2.30210e-02
1.0,1.0400,2.9435769023e-01,1.2947188245e-01,7.0018394029e-02,1.5918863888e-01,2.17865e-02
1.0,1.0500,3.2841516284e-01,1.4219192927e-01,7.8383301012e-02,1.8103885852e-01,2.04412e-02
1.0,1.0600,3.6429655450e-01,1.5524307897e-01,8.7215561763e-02,2.0466180432e-01,1.90640e-02
1.0,1.0700,4.0175340496e-01,1.6850040524e-01,9.6458056978e-02,2.2998373667e-01,1.77114e-02
1.0,1.0800,4.4056995514e-01,1.8186048016e-01,1.0606103203e-01,2.5694039784e-01,1.64195e-02
1.0,1.0900,4.8056377349e-01,1.9524002818e-01,1.1598233874e-01,2.8547890964e-01,1.52084e-02
1.0,1.1000,5.2158289897e-01,2.0857327913e-01,1.2618683388e-01,3.1555765388e-01,1.40870e-02
1.0,1.1100,5.6350169724e-01,2.2180902567e-01,1.3664545026e-01,3.4714522058e-01,1.30568e-02
1.0,1.1200,6.0621657528e-01,2.3490787131e-01,1.4733421689e-01,3.8021903602e-01,1.21149e-02
1.0,1.1300,6.4964208602e-01,2.4783985984e-01,1.5823335852e-01,4.1476398982e-01,1.12560e-02
1.0,1.1400,6.9370759073e-01,2.6058251780e-01,1.6932652007e-01,4.5077119245e-01,1.04737e-02
1.0,1.1500,7.3835450098e-01,2.7311927894e-01,1.8060012320e-01,4.8823691377e-01,9.76111e-03
1.0,1.1600,7.8353403317e-01,2.8543823129e-01,1.9204284201e-01,5.2716169751e-01,9.11155e-03
1.0,1.1700,8.2920540371e-01,2.9753112908e-01,2.0364518130e-01,5.6754963857e-01,8.51867e-03
1.0,1.1800,8.7533437809e-01,3.0939261434e-01,2.1539913811e-01,6.0940779403e-01,7.97658e-03
1.0,1.1900,9.2189211053e-01,3.2101960502e-01,2.2729793133e-01,6.5274570886e-01,7.47992e-03
2.0,0.0000,1.0000000000e-02,9.9337091526e-03,6.6224727684e-35,3.3333333333e-35,4.38569e-35
2.0,0.0100,1.0001995824e-02,9.9340294033e-03,6.6226862689e-07,3.3339986079e-07,4.38626e-07
2.0,0.0200,1.0007972952e-02,9.9349909187e-03,2.6493309117e-06,1.3343963937e-06,1.75520e-06
2.0,0.0300,1.0017926813e-02,9.9365959855e-03,5.9619575913e-06,3.0053780440e-06,3.95179e-06
2.0,0.0400,1.0031871859e-02,9.9388484211e-03,1.0601438316e-05,5.3503316581e-06,7.03186e-06
2.0,0.0500,1.0049828370e-02,9.9417535866e-03,1.6569589311e-05,8.3748569748e-06,1.10003e-05
2.0,0.0600,1.0071822525e-02,9.9453184069e-03,2.3868764177e-05,1.2086187030e-05,1.58633e-05
2.0,0.0700,1.0097886491e-02,9.9495513956e-03,3.2501867892e-05,1.6493214603e-05,2.16286e-05
2.0,0.0800,1.0128058534e-02,9.9544626856e-03,4.2472374125e-05,2.1606524873e-05,2.83054e-05
2.0,0.0900,1.0162383151e-02,9.9600640674e-03,5.3784345964e-05,2.7438434508e-05,3.59044e-05
2.0,0.1000,1.0200911223e-02,9.9663690306e-03,6.6442460204e-05,3.4003037410e-05,4.44377e-05
2.0,0.1100,1.0243700198e-02,9.9733928159e-03,8.0452035382e-05,4.1316257467e-05,5.39191e-05
2.0,0.1200,1.0290814292e-02,9.9811524713e-03,9.5819063724e-05,4.9395908602e-05,6.43640e-05
2.0,0.1300,1.0342324717e-02,9.9896669164e-03,1.1255024726e-04,5.8261762575e-05,7.57894e-05
2.0,0.1400,1.0398309942e-02,9.9989570147e-03,1.3065303833e-04,6.7935624954e-05,8.82142e-05
2.0,0.1500,1.0458855974e-02,1.0009045654e-02,1.5013568481e-04,7.8441419809e-05,1.01659e-04
2.0,0.1600,1.0524056683e-02,1.0019957835e-02,1.7100728039e-04,8.9805283693e-05,1.16146e-04
2.0,0.1700,1.0594014145e-02,1.0031720771e-02,1.9327782019e-04,1.0205566960e-04,1.31700e-04
2.0,0.1800,1.0668839036e-02,1.0044363996e-02,2.1695826231e-04,1.1522346159e-04,1.48348e-04
2.0,0.1900,1.0748651055e-02,1.0057919483e-02,2.4206059555e-04,1.2934210103e-04,1.66117e-04
2.0,0.2000,1.0833579397e-02,1.0072421779e-02,2.6859791411e-04,1.4444772529e-04,1.85039e-04
2.0,0.2100,1.0923763251e-02,1.0087908144e-02,2.9658449943e-04,1.6057931980e-04,2.05148e-04
2.0,0.2200,1.1019352385e-02,1.0104418712e-02,3.2603591045e-04,1.7777888515e-04,2.26479e-04
2.0,0.2300,1.1120507746e-02,1.0121996667e-02,3.5696908246e-04,1.9609161992e-04,2.49070e-04
2.0,0.2400,1.1227402142e-02,1.0140688426e-02,3.8940243555e-04,2.1556612112e-04,2.72964e-04
2.0,0.2500,1.1340220978e-02,1.0160543851e-02,4.2335599377e-04,2.3625460371e-04,2.98203e-04
2.0,0.2600,1.1459163068e-02,1.0181616475e-02,4.5885151580e-04,2.5821314113e-04,3.24837e-04
2.0,0.2700,1.1584441519e-02,1.0203963752e-02,4.9591263835e-04,2.8150192891e-04,3.52915e-04
2.0,0.2800,1.1716284703e-02,1.0227647328e-02,5.3456503368e-04,3.0618557358e-04,3.82492e-04
2.0,0.2900,1.1854937326e-02,1.0252733344e-02,5.7483658285e-04,3.3233340971e-04,4.13627e-04
2.0,0.3000,1.2000661579e-02,1.0279292754e-02,6.1675756522e-04,3.6001984737e-04,4.46382e-04
2.0,0.3100,1.2153738441e-02,1.0307401695e-02,6.6036086861e-04,3.8932475473e-04,4.80825e-04
2.0,0.3200,1.2314469075e-02,1.0337141882e-02,7.0568221914e-04,4.2033387777e-04,5.17026e-04
2.0,0.3300,1.2483176379e-02,1.0368601036e-02,7.5276043524e-04,4.5313930257e-04,5.55063e-04
2.0,0.3400,1.2660206691e-02,1.0401873370e-02,8.0163770773e-04,4.8783996451e-04,5.95018e-04
2.0,0.3500,1.2845931668e-02,1.0437060111e-02,8.5235990910e-04,5.2454220976e-04,6.36980e-04
2.0,0.3600,1.3040750357e-02,1.0474270085e-02,9.0497693534e-04,5.6336041541e-04,6.81044e-04
2.0,0.3700,1.3245091491e-02,1.0513620364e-02,9.5954308518e-04,6.0441767503e-04,7.27310e-04
2.0,0.3800,1.3459416029e-02,1.0555236970e-02,1.0161174790e-03,6.4784655820e-04,7.75889e-04
2.0,0.3900,1.3684219933e-02,1.0599255661e-02,1.0747645240e-03,6.9378995059e-04,8.26899e-04
2.0,0.4000,1.3920037330e-02,1.0645822817e-02,1.1355544338e-03,7.4240199094e-04,8.80464e-04
2.0,0.4100,1.4167443952e-02,1.0695096407e-02,1.1985638040e-03,7.9384910943e-04,9.36723e-04
2.0,0.4200,1.4427060996e-02,1.0747247068e-02,1.2638762552e-03,8.4831118655e-04,9.95820e-04
2.0,0.4300,1.4699559432e-02,1.0802459313e-02,1.3315831513e-03,9.0598284633e-04,1.05791e-03
2.0,0.4400,1.4985664811e-02,1.0860932878e-02,1.4017844035e-03,9.6707490248e-04,1.12318e-03
2.0,0.4500,1.5286162665e-02,1.0922884243e-02,1.4745893728e-03,1.0318159799e-03,1.19179e-03
2.0,0.4600,1.5601904492e-02,1.0988548287e-02,1.5501178783e-03,1.1004543301e-03,1.26396e-03
2.0,0.4700,1.5933814625e-02,1.1058180233e-02,1.6285013424e-03,1.1732598836e-03,1.33990e-03
2.0,0.4800,1.6282897840e-02,1.1132057766e-02,1.7098840728e-03,1.2505265541e-03,1.41984e-03
2.0,0.4900,1.6650248003e-02,1.1210483449e-02,1.7944247174e-03,1.3325748485e-03,1.50403e-03
2.0,0.5000,1.7037057872e-02,1.1293787471e-02,1.8822979118e-03,1.4197548226e-03,1.59277e-03
2.0,0.5100,1.7444630146e-02,1.1382330710e-02,1.9736961451e-03,1.5124494337e-03,1.68634e-03
2.0,0.5200,1.7874390163e-02,1.1476508303e-02,2.0688318968e-03,1.6110783667e-03,1.78508e-03
2.0,0.5300,1.8327900261e-02,1.1576753637e-02,2.1679400645e-03,1.7161023944e-03,1.88934e-03
2.0,0.5400,1.8806876272e-02,1.1683542944e-02,2.2712807482e-03,1.8280283736e-03,1.99953e-03
2.0,0.5500,1.9313206451e-02,1.1797400574e-02,2.3791424491e-03,1.9474149838e-03,2.11607e-03
2.0,0.5600,1.9848973148e-02,1.1918905015e-02,2.4918457418e-03,2.0748793264e-03,2.23943e-03
2.0,0.5700,2.0416478044e-02,1.2048695914e-02,2.6097475350e-03,2.2111045721e-03,2.37015e-03
2.0,0.5800,2.1018271181e-02,1.2187482138e-02,2.7332459942e-03,2.3568488084e-03,2.50879e-03
2.0,0.5900,2.1657184750e-02,1.2336051116e-02,2.8627862623e-03,2.5129553372e-03,2.65600e-03
2.0,0.6000,2.2336372597e-02,1.2495279810e-02,2.9988671545e-03,2.6803647117e-03,2.81248e-03
2.0,0.6100,2.3059356372e-02,1.2666147463e-02,3.1420489807e-03,2.8601288354e-03,2.97900e-03
2.0,0.6200,2.3830079871e-02,1.2849750608e-02,3.2929627559e-03,3.0534275675e-03,3.15644e-03
2.0,0.6300,2.4652973013e-02,1.3047320708e-02,3.4523210593e-03,3.2615883296e-03,3.34578e-03
2.0,0.6400,2.5533028016e-02,1.3260245145e-02,3.6209309410e-03,3.4861094252e-03,3.54808e-03
2.0,0.6500,2.6475889769e-02,1.3490092026e-02,3.7997092540e-03,3.7286878091e-03,3.76458e-03
2.0,0.6600,2.7487964261e-02,1.3738639968e-02,3.9897010468e-03,3.9912524108e-03,3.99663e-03
2.0,0.6700,2.8576548857e-02,1.4007913748e-02,4.1921016544e-03,4.2760042606e-03,4.24578e-03
2.0,0.6800,2.9749989968e-02,1.4300227383e-02,4.4082834278e-03,4.5854651204e-03,4.51375e-03
2.0,0.6900,3.1017874404e-02,1.4618236303e-02,4.6398282025e-03,4.9225366679e-03,4.80253e-03
2.0,0.7000,3.2391263990e-02,1.4965001086e-02,4.8885670215e-03,5.2905731184e-03,5.11434e-03
2.0,0.7100,3.3882983895e-02,1.5344065694e-02,5.1566290107e-03,5.6934707271e-03,5.45173e-03
2.0,0.7200,3.5507979522e-02,1.5759553916e-02,5.4465018332e-03,6.1357788613e-03,5.81762e-03
2.0,0.7300,3.7283761929e-02,1.6216289311e-02,5.7611070491e-03,6.6228389106e-03,6.21534e-03
2.0,0.7400,3.9230966791e-02,1.6719945279e-02,6.1038946899e-03,7.1609591382e-03,6.64871e-03
2.0,0.7500,4.1374060981e-02,1.7277233915e-02,6.4789627180e-03,7.7576364339e-03,7.12213e-03
2.0,0.7600,4.3742243419e-02,1.7896145581e-02,6.8912091252e-03,8.4218399329e-03,7.64068e-03
2.0,0.7700,4.6370601673e-02,1.8586255123e-02,7.3465271085e-03,9.1643765773e-03,8.21020e-03
2.0,0.7800,4.9301607941e-02,1.9359115372e-02,7.8520571950e-03,9.9983660905e-03,8.83740e-03
2.0,0.7900,5.2587072392e-02,2.0228767660e-02,8.4165159312e-03,1.0939863960e-02,9.53002e-03
2.0,0.8000,5.6290708275e-02,2.1212406874e-02,9.0506269330e-03,1.2008684432e-02,1.02969e-02
2.0,0.8100,6.0491529864e-02,2.2331254475e-02,9.7676907076e-03,1.3229497581e-02,1.11479e-02
2.0,0.8200,6.5288378313e-02,2.3611708647e-02,1.0584341930e-02,1.4633301859e-02,1.20941e-02
2.0,0.8300,7.0805974908e-02,2.5086862227e-02,1.1521559592e-02,1.6259412038e-02,1.31474e-02
2.0,0.8400,7.7203031028e-02,2.6798503030e-02,1.2606015825e-02,1.8158152898e-02,1.43197e-02
2.0,0.8500,8.4683065980e-02,2.8799725454e-02,1.3871867760e-02,2.0394505057e-02,1.56218e-02
2.0,0.8600,9.3508649029e-02,3.1158270051e-02,1.5363104353e-02,2.3052998941e-02,1.70605e-02
2.0,0.8700,1.0401960944e-01,3.3960615116e-02,1.7136526388e-02,2.6244147461e-02,1.86344e-02
2.0,0.8800,1.1665493195e-01,3.7316557413e-02,1.9265294707e-02,3.0112526433e-02,2.03262e-02
2.0,0.8900,1.3197577757e-01,4.1363337788e-02,2.1842599908e-02,3.4846004471e-02,2.20914e-02
2.0,0.9000,1.5068191548e-01,4.6266973270e-02,2.4984165566e-02,4.0684117178e-02,2.38450e-02
2.0,0.9100,1.7360447809e-01,5.2216172611e-02,2.8826808359e-02,4.7920622768e-02,2.54491e-02
2.0,0.9200,2.0164614901e-01,5.9401861872e-02,3.3518490592e-02,5.6891100174e-02,2.67164e-02
2.0,0.9300,2.3563848600e-01,6.7976602115e-02,3.9195308780e-02,6.7934575513e-02,2.74446e-02
2.0,0.9400,2.7612403600e-01,7.7999814890e-02,4.5947090958e-02,8.1327732738e-02,2.74869e-02
2.0,0.9500,3.2316076102e-01,8.9396871478e-02,5.3787117673e-02,9.7217528941e-02,2.68241e-02
2.0,0.9600,3.7630161870e-01,1.0196806896e-01,6.2649181571e-02,1.1559985726e-01,2.55777e-02
2.0,0.9700,4.3478190696e-01,1.1544748672e-01,7.2416360167e-02,1.3636209875e-01,2.39506e-02
2.0,0.9800,4.9775563397e-01,1.2956716356e-01,8.2957535922e-02,1.5934817029e-01,2.21460e-02
2.0,0.9900,5.6444279295e-01,1.4409366646e-01,9.4150801666e-02,1.8440346046e-01,2.03191e-02
2.0,1.0000,6.3418691043e-01,1.5883952887e-01,1.0589301925e-01,2.1139563681e-01,1.85673e-02
2.0,1.0100,7.0645954786e-01,1.7366084976e-01,1.1810095523e-01,2.4021979493e-01,1.69417e-02
2.0,1.0200,7.8084434205e-01,1.8845008494e-01,1.3070897892e-01,2.7079681782e-01,1.54622e-02
2.0,1.0300,8.5701524428e-01,2.0312810841e-01,1.4366574014e-01,3.0306915755e-01,1.41306e-02
2.0,1.0400,9.3471715737e-01,2.1763745686e-01,1.5693111556e-01,3.3699669247e-01,1.29388e-02
2.0,1.0500,1.0137491754e+00,2.3193683694e-01,1.7047357515e-01,3.7255282197e-01,1.18748e-02
2.0,1.0600,1.0939525191e+00,2.4599709805e-01,1.8426822625e-01,4.0972168348e-01,1.09251e-02
2.0,1.0700,1.1752001264e+00,2.5979804636e-01,1.9829518885e-01,4.4849554157e-01,1.00764e-02
2.0,1.0800,1.2573903702e+00,2.7332630267e-01,2.1253853296e-01,4.8887337592e-01,9.31638e-03
2.0,1.0900,1.3404402726e+00,2.8657344050e-01,2.2698526977e-01,5.3085902931e-01,8.63412e-03
2.0,1.1000,1.4242831286e+00,2.9953495604e-01,2.4162486454e-01,5.7446086187e-01,8.01984e-03
2.0,1.1100,1.5088629465e+00,3.1220903759e-01,2.5644850348e-01,6.1969001212e-01,7.46503e-03
2.0,1.1200,1.5941353800e+00,3.2459625318e-01,2.7144902666e-01,6.6656114024e-01,6.96229e-03
2.0,1.1300,1.6800611785e+00,3.3669849272e-01,2.8662020357e-01,7.1509003960e-01,6.50520e-03
2.0,1.1400,1.7666113656e+00,3.4851927796e-01,3.0195710242e-01,7.6529604357e-01,6.08816e-03
2.0,1.1500,1.8537566395e+00,3.6006247400e-01,3.1745508125e-01,8.1719771857e-01,5.70635e-03
2.0,1.1600,1.9414800471e+00,3.7133340130e-01,3.3311081652e-01,8.7081851714e-01,5.35550e-03
2.0,1.1700,2.0297566504e+00,3.8233677701e-01,3.4892054270e-01,9.2617795959e-01,5.03195e-03
2.0,1.1800,2.1185813904e+00,3.9307918666e-01,3.6488230634e-01,9.8330424264e-01,4.73241e-03
2.0,1.1900,2.2079271723e+00,4.0356530830e-01,3.8099255539e-01,1.0422152229e+00,4.45407e-03
