Epoch,beta_max/4,beta_max,4beta_max
1,-14.096255,-15.274965,-148.822479
2,-13.943842,-14.878822,-141.083421
3,-13.731219,-14.572338,-133.951008
4,-13.515709,-14.328488,-127.409191
5,-13.390697,-14.133156,-121.419277
6,-13.353899,-13.975378,-115.935929
7,-13.334548,-13.847661,-110.780051
8,-13.316771,-13.744500,-105.989092
9,-13.302538,-13.659545,-101.488691
10,-13.288254,-13.587599,-97.292830
11,-13.273293,-13.526623,-93.376439
12,-13.260732,-13.472715,-89.667669
13,-13.246464,-13.425961,-86.142226
14,-13.231997,-13.384669,-82.823010
15,-13.218015,-13.348034,-79.659894
16,-13.204818,-13.315303,-76.669883
17,-13.192730,-13.284984,-73.851448
18,-13.179832,-13.257633,-71.176976
19,-13.167778,-13.232512,-68.624325
20,-13.155720,-13.209012,-66.137058
21,-13.143212,-13.186880,-63.755407
22,-13.130793,-13.166039,-61.493611
23,-13.119305,-13.147198,-59.334830
24,-13.108414,-13.129849,-57.292143
25,-13.097811,-13.112520,-55.326596
26,-13.086369,-13.096103,-53.499112
27,-13.074944,-13.080689,-51.753396
28,-13.064538,-13.066425,-50.103026
29,-13.054480,-13.051948,-48.507928
30,-13.043870,-13.037965,-46.987989
31,-13.032950,-13.025319,-45.514465
32,-13.023328,-13.013279,-44.076963
33,-13.013850,-13.001594,-42.708389
34,-13.003938,-12.989498,-41.417049
35,-12.993692,-12.978543,-40.188652
36,-12.983843,-12.967137,-38.988692
37,-12.973644,-12.956175,-37.833799
38,-12.964003,-12.945760,-36.726475
39,-12.954903,-12.935506,-35.663605
40,-12.944683,-12.925045,-34.631035
41,-12.936451,-12.915493,-33.651563
42,-12.926107,-12.905730,-32.710701
43,-12.917276,-12.896981,-31.821774
44,-12.907894,-12.887176,-30.993082
45,-12.898462,-12.877491,-30.183750
46,-12.889419,-12.868103,-29.409777
47,-12.880339,-12.859436,-28.663095
48,-12.871684,-12.850707,-27.953510
49,-12.862146,-12.842108,-27.278855
50,-12.853385,-12.833352,-26.634656
51,-12.844531,-12.824712,-26.016080
52,-12.835995,-12.816557,-25.414428
53,-12.827608,-12.808436,-24.850634
54,-12.819212,-12.800131,-24.313634
55,-12.810481,-12.791791,-23.805423
56,-12.802428,-12.783220,-23.305358
57,-12.794511,-12.774489,-22.832122
58,-12.785818,-12.767257,-22.376988
59,-12.777081,-12.759656,-21.950430
60,-12.769149,-12.752196,-21.542125
61,-12.761359,-12.744405,-21.157366
62,-12.752523,-12.737274,-20.793873
63,-12.744525,-12.729617,-20.439502
64,-12.737090,-12.721832,-20.102096
65,-12.729366,-12.714707,-19.777194
66,-12.720742,-12.707893,-19.471066
67,-12.713099,-12.700683,-19.175601
68,-12.705442,-12.693324,-18.895118
69,-12.698116,-12.685632,-18.623274
70,-12.689959,-12.678108,-18.365481
71,-12.683662,-12.671249,-18.122544
72,-12.676024,-12.664159,-17.892034
73,-12.668501,-12.657028,-17.670665
74,-12.661032,-12.649339,-17.458867
75,-12.654109,-12.642523,-17.253335
76,-12.647537,-12.635862,-17.059909
77,-12.641074,-12.628968,-16.874154
78,-12.632627,-12.622470,-16.700268
79,-12.625949,-12.616066,-16.536639
80,-12.618635,-12.609575,-16.378252
81,-12.612918,-12.602750,-16.221901
82,-12.606807,-12.595412,-16.075355
83,-12.599684,-12.588648,-15.934572
84,-12.592048,-12.583030,-15.800446
85,-12.584780,-12.576957,-15.673683
86,-12.577345,-12.570241,-15.552121
87,-12.570950,-12.563678,-15.436575
88,-12.565183,-12.557169,-15.326521
89,-12.558579,-12.550057,-15.220951
90,-12.551885,-12.544189,-15.118653
91,-12.545875,-12.537639,-15.019816
92,-12.540093,-12.531659,-14.926920
93,-12.532639,-12.525239,-14.837011
94,-12.526683,-12.518630,-14.750400
95,-12.520703,-12.513224,-14.666912
96,-12.514746,-12.508101,-14.589758
97,-12.508783,-12.501782,-14.513803
98,-12.502456,-12.494964,-14.439773
99,-12.495943,-12.488980,-14.368628
100,-12.489206,-12.484872,-14.299926
101,-12.482444,-12.479127,-14.235208
102,-12.477196,-12.472414,-14.171939
103,-12.472137,-12.466846,-14.111655
104,-12.466929,-12.461565,-14.054698
105,-12.461106,-12.455873,-13.998818
106,-12.455857,-12.449568,-13.945832
107,-12.451246,-12.444159,-13.893377
108,-12.445203,-12.438346,-13.842894
109,-12.439675,-12.433322,-13.795321
110,-12.434224,-12.428345,-13.749598
111,-12.429693,-12.422953,-13.705572
112,-12.424280,-12.416744,-13.661941
113,-12.419455,-12.411138,-13.621932
114,-12.412966,-12.405419,-13.582621
115,-12.407019,-12.400620,-13.545240
116,-12.401868,-12.396742,-13.509357
117,-12.395787,-12.391942,-13.474427
118,-12.391009,-12.386015,-13.439759
119,-12.386296,-12.380584,-13.406392
120,-12.381248,-12.375529,-13.374502
121,-12.375588,-12.370491,-13.343540
122,-12.371234,-12.365073,-13.313566
123,-12.367834,-12.359520,-13.284656
124,-12.363023,-12.354664,-13.257224
125,-12.356872,-12.350779,-13.230739
126,-12.352240,-12.346329,-13.205062
127,-12.347471,-12.340712,-13.180615
128,-12.342957,-12.334431,-13.156204
129,-12.338274,-12.330086,-13.132700
130,-12.334072,-12.326898,-13.110430
131,-12.330555,-12.321847,-13.088535
132,-12.326086,-12.317183,-13.067331
133,-12.322165,-12.313589,-13.046649
134,-12.316292,-12.309584,-13.026858
135,-12.311293,-12.303898,-13.007032
136,-12.306588,-12.299482,-12.987679
137,-12.303834,-12.295628,-12.969713
138,-12.299216,-12.291621,-12.952354
139,-12.296217,-12.286320,-12.934913
140,-12.291938,-12.282593,-12.918354
141,-12.286953,-12.277976,-12.902059
142,-12.283132,-12.273229,-12.886426
143,-12.279732,-12.270202,-12.871219
144,-12.276188,-12.265119,-12.856558
145,-12.271626,-12.259457,-12.842840
146,-12.267335,-12.254903,-12.828519
147,-12.263059,-12.251005,-12.814639
148,-12.259214,-12.248527,-12.801349
149,-12.254792,-12.246318,-12.788790
150,-12.252291,-12.241000,-12.776133
151,-12.249588,-12.236971,-12.764246
152,-12.246537,-12.233052,-12.752514
153,-12.242024,-12.227696,-12.741004
154,-12.236669,-12.222702,-12.730045
155,-12.232961,-12.218527,-12.719095
156,-12.229262,-12.215544,-12.708005
157,-12.226135,-12.211642,-12.697196
158,-12.223972,-12.208339,-12.686612
159,-12.219960,-12.205475,-12.676462
160,-12.216563,-12.201709,-12.667233
161,-12.211048,-12.196635,-12.658327
162,-12.207046,-12.192702,-12.648981
163,-12.205284,-12.188918,-12.640128
164,-12.202163,-12.184915,-12.631243
165,-12.199302,-12.182096,-12.623067
166,-12.194710,-12.178010,-12.615383
167,-12.192315,-12.174975,-12.607351
168,-12.188927,-12.173030,-12.599166
169,-12.186633,-12.170162,-12.591467
170,-12.184059,-12.164410,-12.584013
171,-12.180642,-12.159787,-12.576254
172,-12.178928,-12.155657,-12.568373
173,-12.175329,-12.153115,-12.560759
174,-12.170507,-12.149845,-12.553986
175,-12.167619,-12.146562,-12.547083
176,-12.163877,-12.143734,-12.539829
177,-12.161558,-12.140483,-12.532871
178,-12.162517,-12.138235,-12.526281
179,-12.157830,-12.132520,-12.519475
180,-12.154205,-12.126246,-12.512791
181,-12.150178,-12.122485,-12.506640
182,-12.146407,-12.120267,-12.500259
183,-12.143404,-12.116704,-12.494215
184,-12.140161,-12.112342,-12.488268
185,-12.137848,-12.109468,-12.482295
186,-12.134936,-12.109554,-12.476500
187,-12.131126,-12.105825,-12.471280
188,-12.128737,-12.101486,-12.465897
189,-12.124323,-12.096568,-12.460748
190,-12.120750,-12.093657,-12.454759
191,-12.118212,-12.088133,-12.449286
192,-12.116313,-12.084356,-12.444262
193,-12.114919,-12.081084,-12.438998
194,-12.113953,-12.075638,-12.433874
195,-12.110252,-12.072144,-12.428883
196,-12.105727,-12.069619,-12.423647
197,-12.101939,-12.066914,-12.418477
198,-12.099573,-12.063478,-12.413910
199,-12.097067,-12.061210,-12.408794
200,-12.093850,-12.057743,-12.404165
201,-12.089612,-12.053466,-12.399454
202,-12.086558,-12.050020,-12.394472
203,-12.084703,-12.047149,-12.390112
204,-12.084721,-12.045054,-12.385786
205,-12.081163,-12.041819,-12.381488
206,-12.076398,-12.037007,-12.377409
207,-12.073663,-12.031639,-12.372759
208,-12.070804,-12.029172,-12.368696
209,-12.069587,-12.026835,-12.364387
210,-12.068500,-12.024592,-12.359813
211,-12.065957,-12.018722,-12.355687
212,-12.060693,-12.014406,-12.351962
213,-12.057175,-12.010819,-12.348296
214,-12.054758,-12.008226,-12.343986
215,-12.053213,-12.008280,-12.340029
216,-12.049980,-12.007911,-12.336295
217,-12.045632,-12.003312,-12.332152
218,-12.043775,-11.999482,-12.327276
219,-12.041442,-11.994191,-12.323046
220,-12.037845,-11.989654,-12.319223
221,-12.035134,-11.985660,-12.315022
222,-12.034720,-11.981873,-12.310668
223,-12.031963,-11.979031,-12.307105
224,-12.028608,-11.977056,-12.303388
225,-12.026449,-11.972514,-12.300377
226,-12.024291,-11.970526,-12.296888
227,-12.020959,-11.966610,-12.293240
228,-12.016120,-11.962640,-12.289703
229,-12.013020,-11.958933,-12.286149
230,-12.011693,-11.955112,-12.282020
231,-12.009969,-11.953537,-12.278309
232,-12.009004,-11.951655,-12.274325
233,-12.005358,-11.948307,-12.270227
234,-12.003699,-11.944508,-12.266372
235,-12.001292,-11.942066,-12.262268
236,-11.995701,-11.936964,-12.259501
237,-11.992648,-11.935667,-12.256393
238,-11.990469,-11.927770,-12.253555
239,-11.987794,-11.925396,-12.249831
240,-11.984383,-11.923111,-12.246322
241,-11.981926,-11.921641,-12.242059
242,-11.978707,-11.919282,-12.237603
243,-11.974637,-11.915923,-12.234923
244,-11.972855,-11.913776,-12.231693
245,-11.969643,-11.909133,-12.228156
246,-11.966537,-11.903652,-12.224896
247,-11.964210,-11.899379,-12.222458
248,-11.961327,-11.894624,-12.220392
249,-11.960022,-11.893400,-12.217462
250,-11.957811,-11.889711,-12.212494
251,-11.956302,-11.886083,-12.208509
252,-11.950260,-11.884493,-12.204395
253,-11.947737,-11.879539,-12.200429
254,-11.946412,-11.873857,-12.196939
255,-11.943620,-11.868883,-12.193557
256,-11.943023,-11.866980,-12.190639
257,-11.942904,-11.865525,-12.187656
258,-11.937536,-11.861497,-12.184342
259,-11.934911,-11.858036,-12.179398
260,-11.927887,-11.857945,-12.175415
261,-11.925424,-11.857145,-12.172361
262,-11.923144,-11.852596,-12.169586
263,-11.922282,-11.848238,-12.166935
264,-11.917998,-11.845360,-12.162871
265,-11.912631,-11.843339,-12.159316
266,-11.906956,-11.839501,-12.155366
267,-11.905712,-11.836432,-12.152529
268,-11.902427,-11.832942,-12.150245
269,-11.900485,-11.829490,-12.147393
270,-11.899684,-11.826696,-12.143897
271,-11.895538,-11.823655,-12.140576
272,-11.892357,-11.819737,-12.137576
273,-11.887986,-11.814100,-12.134532
274,-11.884721,-11.810519,-12.130316
275,-11.882823,-11.807322,-12.126500
276,-11.879087,-11.806185,-12.123525
277,-11.876518,-11.803557,-12.121118
278,-11.875493,-11.799056,-12.117688
279,-11.870662,-11.795725,-12.113937
280,-11.867535,-11.793295,-12.110938
281,-11.864488,-11.790087,-12.108222
282,-11.861515,-11.787133,-12.104975
283,-11.858352,-11.781579,-12.101819
284,-11.856010,-11.779259,-12.097841
285,-11.853121,-11.777138,-12.094286
286,-11.852371,-11.776613,-12.090134
287,-11.849388,-11.774033,-12.086385
288,-11.846994,-11.770966,-12.083554
289,-11.841505,-11.769458,-12.081334
290,-11.839901,-11.765260,-12.078849
291,-11.836702,-11.763458,-12.074518
292,-11.834126,-11.760325,-12.070435
293,-11.830674,-11.757838,-12.067569
294,-11.829768,-11.753573,-12.064121
295,-11.825236,-11.751582,-12.061139
296,-11.821804,-11.747466,-12.058406
297,-11.819865,-11.740378,-12.055626
298,-11.816457,-11.737129,-12.051431
299,-11.814824,-11.734405,-12.049104
300,-11.808853,-11.732914,-12.046282
301,-11.801891,-11.731319,-12.042669
302,-11.799079,-11.730765,-12.039960
303,-11.798900,-11.726911,-12.037467
304,-11.797712,-11.722790,-12.035837
305,-11.795468,-11.721389,-12.030978
306,-11.792251,-11.716049,-12.027197
307,-11.791752,-11.712301,-12.023670
308,-11.791793,-11.710027,-12.020304
309,-11.789324,-11.706646,-12.018068
310,-11.785648,-11.703236,-12.013849
311,-11.781698,-11.702262,-12.010013
312,-11.779794,-11.700420,-12.006492
313,-11.775962,-11.696329,-12.001947
314,-11.776247,-11.692582,-11.999168
315,-11.774131,-11.689438,-11.996403
316,-11.770565,-11.685784,-11.992743
317,-11.763637,-11.680686,-11.990611
318,-11.759235,-11.681134,-11.987807
319,-11.757360,-11.680573,-11.984392
320,-11.752078,-11.676397,-11.980757
321,-11.750159,-11.676467,-11.977164
322,-11.749940,-11.671679,-11.975529
323,-11.747600,-11.668445,-11.972285
324,-11.743521,-11.667038,-11.969760
325,-11.738771,-11.662881,-11.965512
326,-11.737800,-11.663060,-11.961624
327,-11.732497,-11.660203,-11.957908
328,-11.729151,-11.656236,-11.955469
329,-11.726474,-11.653345,-11.953237
330,-11.725900,-11.649537,-11.950341
331,-11.723093,-11.645422,-11.948401
332,-11.721391,-11.640447,-11.944247
333,-11.720800,-11.636892,-11.939098
334,-11.714123,-11.637905,-11.935796
335,-11.710475,-11.634090,-11.932793
336,-11.710125,-11.628629,-11.929184
337,-11.705999,-11.626537,-11.925982
338,-11.703511,-11.625260,-11.922313
339,-11.702063,-11.623393,-11.919445
340,-11.699807,-11.621427,-11.916627
341,-11.700013,-11.616731,-11.912816
342,-11.698453,-11.612409,-11.910117
343,-11.694382,-11.608958,-11.906987
344,-11.690434,-11.608401,-11.905011
345,-11.688716,-11.607140,-11.901971
346,-11.683186,-11.606678,-11.898665
347,-11.678456,-11.605705,-11.895856
348,-11.675639,-11.602843,-11.892521
349,-11.673100,-11.598597,-11.889990
350,-11.671779,-11.596632,-11.885988
351,-11.669637,-11.591902,-11.881716
352,-11.666897,-11.589754,-11.879250
353,-11.663180,-11.589113,-11.878021
354,-11.661197,-11.586542,-11.874634
355,-11.658005,-11.583669,-11.871975
356,-11.656291,-11.580757,-11.868380
357,-11.652300,-11.578410,-11.865288
358,-11.648865,-11.576585,-11.862327
359,-11.646269,-11.574540,-11.857678
360,-11.648738,-11.573649,-11.854584
361,-11.646653,-11.572813,-11.851339
362,-11.644418,-11.567994,-11.848987
363,-11.640793,-11.565070,-11.846284
364,-11.637120,-11.561744,-11.843366
365,-11.633608,-11.557429,-11.840688
366,-11.629265,-11.556892,-11.836327
367,-11.628659,-11.556508,-11.834784
368,-11.627059,-11.556677,-11.834546
369,-11.627079,-11.553136,-11.832950
370,-11.623228,-11.549134,-11.827430
371,-11.619979,-11.548964,-11.822510
372,-11.616426,-11.546543,-11.819887
373,-11.615425,-11.540554,-11.817914
374,-11.612181,-11.538485,-11.815208
375,-11.611427,-11.535623,-11.811541
376,-11.613036,-11.529824,-11.809629
377,-11.609143,-11.529094,-11.806068
378,-11.602722,-11.529745,-11.802005
379,-11.599300,-11.529901,-11.801376
380,-11.598759,-11.523364,-11.801865
381,-11.597720,-11.519374,-11.798067
382,-11.592651,-11.519877,-11.791615
383,-11.588867,-11.522100,-11.786467
384,-11.584607,-11.513752,-11.783008
385,-11.584021,-11.511057,-11.778928
386,-11.581339,-11.506660,-11.776413
387,-11.577291,-11.503910,-11.775530
388,-11.573449,-11.503919,-11.771896
389,-11.569532,-11.502153,-11.768134
390,-11.568037,-11.496609,-11.767620
391,-11.565954,-11.496890,-11.764288
392,-11.564517,-11.493553,-11.761651
393,-11.559498,-11.492274,-11.756597
394,-11.557862,-11.493122,-11.753326
395,-11.555035,-11.492452,-11.752254
396,-11.556394,-11.489736,-11.750726
397,-11.556525,-11.485890,-11.746201
398,-11.556217,-11.483290,-11.741535
399,-11.552973,-11.477234,-11.738699
400,-11.548709,-11.476554,-11.735950
401,-11.546843,-11.476680,-11.732402
402,-11.546021,-11.474360,-11.729628
403,-11.541659,-11.471940,-11.726337
404,-11.540736,-11.466476,-11.724119
405,-11.536777,-11.461341,-11.723204
406,-11.534089,-11.459714,-11.723048
407,-11.534278,-11.458634,-11.718682
408,-11.527613,-11.456508,-11.715912
409,-11.523023,-11.451979,-11.713813
410,-11.518513,-11.451770,-11.712207
411,-11.517308,-11.450914,-11.707456
412,-11.519288,-11.454315,-11.702821
413,-11.518431,-11.451428,-11.699642
414,-11.516364,-11.446760,-11.694595
415,-11.514146,-11.443404,-11.690860
416,-11.510431,-11.441255,-11.690721
417,-11.509031,-11.438614,-11.688763
418,-11.507767,-11.437501,-11.687082
419,-11.505077,-11.436703,-11.684540
420,-11.499083,-11.431558,-11.681691
421,-11.496393,-11.425907,-11.678053
422,-11.493289,-11.427152,-11.678201
423,-11.490479,-11.426083,-11.673009
424,-11.489406,-11.428316,-11.671036
425,-11.487962,-11.426057,-11.666094
426,-11.486674,-11.422062,-11.660631
427,-11.486969,-11.417145,-11.657539
428,-11.482371,-11.415535,-11.656280
429,-11.478457,-11.417038,-11.651542
430,-11.475412,-11.414021,-11.648881
431,-11.475018,-11.410758,-11.646037
432,-11.473967,-11.407474,-11.644072
433,-11.474837,-11.406235,-11.643316
434,-11.476115,-11.404616,-11.640421
435,-11.473385,-11.404210,-11.639223
436,-11.472057,-11.404363,-11.635696
437,-11.466084,-11.398519,-11.633141
438,-11.462741,-11.396642,-11.627930
439,-11.456663,-11.392800,-11.625193
440,-11.453757,-11.391261,-11.625367
441,-11.454961,-11.384813,-11.622195
442,-11.451965,-11.381191,-11.617610
443,-11.446863,-11.379067,-11.613107
444,-11.445676,-11.379699,-11.610056
445,-11.443049,-11.379664,-11.607229
446,-11.439251,-11.378871,-11.605602
447,-11.439680,-11.377660,-11.604234
448,-11.437532,-11.374249,-11.599735
449,-11.432336,-11.370512,-11.597554
450,-11.429818,-11.364769,-11.592027
451,-11.424893,-11.362377,-11.587298
452,-11.422271,-11.363681,-11.586786
453,-11.422436,-11.363793,-11.585459
454,-11.424420,-11.362835,-11.584107
455,-11.426175,-11.360090,-11.581193
456,-11.424533,-11.357184,-11.578887
457,-11.422302,-11.351416,-11.574952
458,-11.420933,-11.352195,-11.572396
459,-11.419751,-11.353928,-11.572393
460,-11.415969,-11.354047,-11.569176
461,-11.414085,-11.352665,-11.563854
462,-11.410673,-11.349808,-11.560114
463,-11.409374,-11.344328,-11.557587
464,-11.405283,-11.341682,-11.554561
465,-11.402970,-11.340440,-11.554573
466,-11.398434,-11.340498,-11.553559
467,-11.391365,-11.335804,-11.550411
468,-11.391238,-11.329857,-11.544891
469,-11.394332,-11.326916,-11.540706
470,-11.391396,-11.326533,-11.538174
471,-11.390073,-11.329756,-11.535921
472,-11.384995,-11.328954,-11.531270
473,-11.379532,-11.327557,-11.527703
474,-11.377211,-11.325201,-11.526014
475,-11.372699,-11.325117,-11.524513
476,-11.373737,-11.324228,-11.525601
477,-11.372647,-11.315876,-11.523476
478,-11.368389,-11.310737,-11.517065
479,-11.369495,-11.307928,-11.512545
480,-11.367778,-11.310417,-11.513212
481,-11.369580,-11.308269,-11.511222
482,-11.368939,-11.306968,-11.508383
483,-11.366948,-11.305467,-11.505679
484,-11.362562,-11.302718,-11.503122
485,-11.360893,-11.304020,-11.499808
486,-11.356180,-11.304674,-11.496994
487,-11.354043,-11.301928,-11.492135
488,-11.351092,-11.296366,-11.488348
489,-11.352480,-11.291916,-11.485890
490,-11.354296,-11.290734,-11.483675
491,-11.354817,-11.292026,-11.479894
492,-11.349005,-11.289569,-11.480143
493,-11.347737,-11.287317,-11.479872
494,-11.343435,-11.283590,-11.477041
495,-11.343714,-11.279776,-11.471423
496,-11.341703,-11.272678,-11.468004
497,-11.338590,-11.271850,-11.465851
498,-11.335815,-11.271250,-11.459739
499,-11.332052,-11.268822,-11.453276
500,-11.331327,-11.268098,-11.450735
501,-11.324610,-11.265167,-11.448832
502,-11.321845,-11.261586,-11.449827
503,-11.318112,-11.258786,-11.448052
504,-11.316847,-11.257040,-11.444556
505,-11.315107,-11.260821,-11.443399
506,-11.311689,-11.258856,-11.441189
507,-11.310595,-11.255969,-11.440000
508,-11.311533,-11.251910,-11.438480
509,-11.310982,-11.249407,-11.437166
510,-11.307925,-11.253576,-11.435901
511,-11.305576,-11.255083,-11.434350
512,-11.301704,-11.251370,-11.429450
513,-11.297516,-11.246620,-11.427812
514,-11.293348,-11.245086,-11.424111
515,-11.291068,-11.239412,-11.421509
516,-11.290318,-11.235286,-11.418533
517,-11.290131,-11.231977,-11.414537
518,-11.287470,-11.233472,-11.410271
519,-11.286684,-11.230845,-11.411868
520,-11.286664,-11.227420,-11.409344
521,-11.280820,-11.225977,-11.403757
522,-11.277087,-11.223999,-11.398777
523,-11.274266,-11.224123,-11.394786
524,-11.272145,-11.223977,-11.395108
525,-11.272639,-11.221577,-11.391791
526,-11.272711,-11.214983,-11.387391
527,-11.271378,-11.212106,-11.386182
528,-11.271744,-11.212820,-11.386691
529,-11.270758,-11.216053,-11.383689
530,-11.265205,-11.215078,-11.382857
531,-11.258289,-11.215776,-11.381655
532,-11.256988,-11.213117,-11.378628
533,-11.258921,-11.210494,-11.373796
534,-11.254307,-11.205903,-11.373936
535,-11.256562,-11.202587,-11.372570
536,-11.256249,-11.200492,-11.365935
537,-11.253183,-11.196037,-11.360751
538,-11.248796,-11.194167,-11.358134
539,-11.244437,-11.192819,-11.358322
540,-11.242848,-11.193640,-11.352977
541,-11.241952,-11.189271,-11.350130
542,-11.241728,-11.187590,-11.348544
543,-11.243469,-11.184169,-11.344263
544,-11.239022,-11.179010,-11.348032
545,-11.233384,-11.176246,-11.349902
546,-11.229066,-11.175684,-11.346767
547,-11.227061,-11.172418,-11.341929
548,-11.228931,-11.173965,-11.340757
549,-11.227834,-11.178195,-11.337992
550,-11.222391,-11.176565,-11.334519
551,-11.217874,-11.175166,-11.334078
552,-11.217666,-11.173661,-11.328908
553,-11.215647,-11.171686,-11.327089
554,-11.214573,-11.169768,-11.323618
555,-11.209752,-11.165430,-11.316777
556,-11.205913,-11.162353,-11.315770
557,-11.204374,-11.157799,-11.313485
558,-11.203866,-11.156301,-11.312730
559,-11.200591,-11.152508,-11.309650
560,-11.200996,-11.149335,-11.304514
561,-11.198804,-11.148881,-11.300940
562,-11.200220,-11.144861,-11.299693
563,-11.197052,-11.142729,-11.302806
564,-11.189877,-11.142022,-11.300974
565,-11.185749,-11.140925,-11.293505
566,-11.188442,-11.135708,-11.288160
567,-11.187361,-11.130784,-11.283640
568,-11.187556,-11.131181,-11.281734
569,-11.187084,-11.133529,-11.282687
570,-11.184396,-11.133532,-11.282276
571,-11.178650,-11.131893,-11.281761
572,-11.178084,-11.132154,-11.280156
573,-11.178053,-11.133486,-11.277123
574,-11.172824,-11.130715,-11.278793
575,-11.172693,-11.128105,-11.275821
576,-11.171486,-11.124368,-11.272758
577,-11.167580,-11.118875,-11.270530
578,-11.164857,-11.117549,-11.267310
579,-11.164455,-11.119072,-11.266414
580,-11.163334,-11.117960,-11.263349
581,-11.163388,-11.115205,-11.259815
582,-11.161247,-11.113544,-11.257094
583,-11.158844,-11.111100,-11.257061
584,-11.158975,-11.109060,-11.255194
585,-11.153537,-11.108328,-11.252053
586,-11.147118,-11.104420,-11.248962
587,-11.146535,-11.101644,-11.247344
588,-11.146267,-11.099151,-11.243751
589,-11.145169,-11.096140,-11.241001
590,-11.143088,-11.094478,-11.237759
591,-11.140904,-11.095079,-11.232391
592,-11.139709,-11.090850,-11.228453
593,-11.133268,-11.088426,-11.226337
594,-11.131887,-11.090121,-11.223437
595,-11.130819,-11.091802,-11.225096
596,-11.127070,-11.086256,-11.224809
597,-11.125100,-11.083318,-11.223801
598,-11.123000,-11.084296,-11.218621
599,-11.122778,-11.085215,-11.214821
600,-11.120784,-11.082581,-11.210704
601,-11.121058,-11.080267,-11.210011
602,-11.122585,-11.076281,-11.208145
603,-11.122519,-11.073184,-11.207380
604,-11.118373,-11.067714,-11.205935
605,-11.116945,-11.066264,-11.203809
606,-11.113177,-11.066976,-11.203687
607,-11.114202,-11.065478,-11.201403
608,-11.110852,-11.061374,-11.195903
609,-11.108077,-11.058527,-11.193676
610,-11.101675,-11.055835,-11.192847
611,-11.098523,-11.054978,-11.191312
612,-11.097654,-11.054387,-11.188403
613,-11.099671,-11.052300,-11.185048
614,-11.100107,-11.052994,-11.180363
615,-11.096666,-11.054628,-11.181175
616,-11.095540,-11.053548,-11.180892
617,-11.094574,-11.053788,-11.176902
618,-11.090921,-11.050246,-11.174201
619,-11.086839,-11.046832,-11.176139
620,-11.083537,-11.047390,-11.174321
621,-11.082295,-11.045942,-11.170393
622,-11.077478,-11.041802,-11.168796
623,-11.076246,-11.037105,-11.165025
624,-11.074465,-11.036007,-11.159683
625,-11.074022,-11.039811,-11.156360
626,-11.073748,-11.037720,-11.156717
627,-11.073346,-11.033284,-11.157665
628,-11.072392,-11.027690,-11.156882
629,-11.069309,-11.025205,-11.151682
630,-11.070117,-11.026664,-11.145823
631,-11.073227,-11.025097,-11.141622
632,-11.066604,-11.023325,-11.140894
633,-11.064120,-11.025091,-11.140971
634,-11.063818,-11.024856,-11.142132
635,-11.063452,-11.019877,-11.139687
636,-11.060843,-11.016301,-11.138615
637,-11.056485,-11.013756,-11.136209
638,-11.049883,-11.011400,-11.137478
639,-11.048035,-11.011275,-11.138178
640,-11.046035,-11.011629,-11.136961
641,-11.047961,-11.007800,-11.131209
642,-11.048021,-11.003049,-11.124073
643,-11.043469,-11.005309,-11.120945
644,-11.040585,-11.003142,-11.119700
645,-11.041032,-11.002928,-11.116366
646,-11.038259,-10.998113,-11.116249
647,-11.036699,-10.998820,-11.116861
648,-11.029665,-10.997047,-11.116672
649,-11.027716,-10.997615,-11.112291
650,-11.025579,-10.994663,-11.109803
651,-11.024921,-10.992599,-11.105748
652,-11.024967,-10.987012,-11.101562
653,-11.023009,-10.984399,-11.099697
654,-11.019634,-10.985629,-11.096378
655,-11.016591,-10.985745,-11.095822
656,-11.015602,-10.981595,-11.093412
657,-11.012689,-10.977921,-11.090864
658,-11.010723,-10.976707,-11.089121
659,-11.012448,-10.976366,-11.090517
660,-11.015370,-10.973202,-11.088375
661,-11.015991,-10.973797,-11.082239
662,-11.012262,-10.973739,-11.077919
663,-11.008770,-10.972674,-11.076681
664,-11.002458,-10.969908,-11.074792
665,-11.001129,-10.970476,-11.075894
666,-11.000146,-10.968836,-11.073609
667,-11.000616,-10.967023,-11.072289
668,-11.001415,-10.960157,-11.068870
669,-10.999122,-10.958513,-11.067769
670,-10.993096,-10.956860,-11.065682
671,-10.991942,-10.956746,-11.065568
672,-10.988991,-10.954330,-11.060776
673,-10.986228,-10.955069,-11.055658
674,-10.988214,-10.954555,-11.053408
675,-10.986123,-10.953696,-11.053920
676,-10.981615,-10.951134,-11.050190
677,-10.978736,-10.949404,-11.049800
678,-10.978840,-10.951897,-11.050217
679,-10.976927,-10.948984,-11.049544
680,-10.975574,-10.947479,-11.049409
681,-10.971296,-10.943962,-11.046838
682,-10.972121,-10.942315,-11.043938
683,-10.971261,-10.939514,-11.043311
684,-10.969365,-10.937560,-11.043279
685,-10.969657,-10.936951,-11.036915
686,-10.966193,-10.930765,-11.034819
687,-10.964076,-10.927732,-11.030803
688,-10.963640,-10.926328,-11.026761
689,-10.963358,-10.923991,-11.021644
690,-10.965155,-10.922613,-11.019705
691,-10.963284,-10.924507,-11.019232
692,-10.959643,-10.926878,-11.018366
693,-10.956186,-10.924722,-11.019960
694,-10.952002,-10.924389,-11.016579
695,-10.949637,-10.928542,-11.012395
696,-10.944663,-10.922469,-11.008824
697,-10.942593,-10.917542,-11.010220
698,-10.944961,-10.913636,-11.008354
699,-10.945548,-10.914068,-11.010659
700,-10.944408,-10.913976,-11.013074
701,-10.942722,-10.912069,-11.008632
702,-10.936659,-10.911036,-11.006611
703,-10.932349,-10.908255,-11.004686
704,-10.928022,-10.906176,-11.003411
705,-10.926038,-10.903294,-11.002997
706,-10.925290,-10.898056,-11.001592
707,-10.923878,-10.892844,-11.000145
708,-10.925619,-10.896767,-10.996282
709,-10.926027,-10.898028,-10.991382
710,-10.923066,-10.895038,-10.989638
711,-10.923554,-10.893693,-10.986706
712,-10.923166,-10.889131,-10.985285
713,-10.918080,-10.886443,-10.983485
714,-10.917878,-10.883614,-10.982009
715,-10.915525,-10.883161,-10.980270
716,-10.916244,-10.884706,-10.979887
717,-10.916847,-10.887654,-10.977822
718,-10.918763,-10.884829,-10.971935
719,-10.917329,-10.880425,-10.970646
720,-10.922425,-10.878686,-10.970970
721,-10.917832,-10.877022,-10.969059
722,-10.909783,-10.874738,-10.967294
723,-10.903493,-10.870872,-10.966487
724,-10.899946,-10.872272,-10.961494
725,-10.894647,-10.871384,-10.960406
726,-10.891577,-10.874106,-10.960511
727,-10.894691,-10.870088,-10.962399
728,-10.893861,-10.866045,-10.964725
729,-10.894078,-10.865074,-10.967160
730,-10.893482,-10.864972,-10.962744
731,-10.889312,-10.864854,-10.957057
732,-10.888515,-10.863561,-10.955959
733,-10.887480,-10.859530,-10.956601
734,-10.885776,-10.858794,-10.956284
735,-10.882328,-10.858615,-10.953471
736,-10.880841,-10.855755,-10.944319
737,-10.880213,-10.852874,-10.941483
738,-10.877767,-10.852604,-10.939837
739,-10.879011,-10.850920,-10.940678
740,-10.877936,-10.848238,-10.939637
741,-10.876333,-10.846550,-10.936818
742,-10.874343,-10.844743,-10.939726
743,-10.873520,-10.842637,-10.935193
744,-10.870975,-10.841345,-10.929832
745,-10.870785,-10.835524,-10.930042
746,-10.872076,-10.829912,-10.928643
747,-10.870456,-10.830937,-10.927277
748,-10.867161,-10.832648,-10.921987
749,-10.863995,-10.832429,-10.920773
750,-10.863561,-10.834811,-10.918508
751,-10.860758,-10.837085,-10.919622
752,-10.860712,-10.834428,-10.917281
753,-10.860908,-10.833494,-10.917036
754,-10.861517,-10.830109,-10.916186
755,-10.860371,-10.827180,-10.913859
756,-10.857546,-10.824314,-10.910138
757,-10.854612,-10.822744,-10.908849
758,-10.848738,-10.819368,-10.909859
759,-10.846295,-10.816741,-10.907247
760,-10.843137,-10.814317,-10.906488
761,-10.843781,-10.814215,-10.903987
762,-10.844239,-10.815711,-10.904443
763,-10.847627,-10.812461,-10.900549
764,-10.846268,-10.815259,-10.895705
765,-10.844259,-10.812563,-10.892096
766,-10.837762,-10.810877,-10.890710
767,-10.836050,-10.809662,-10.892161
768,-10.832930,-10.803695,-10.894064
769,-10.833521,-10.798317,-10.890934
770,-10.832124,-10.794131,-10.886024
771,-10.830961,-10.793170,-10.886852
772,-10.828981,-10.793110,-10.885099
773,-10.824310,-10.792017,-10.883476
774,-10.821975,-10.791487,-10.882394
775,-10.817563,-10.793296,-10.880879
776,-10.815191,-10.793213,-10.878211
777,-10.816673,-10.792817,-10.877151
778,-10.818463,-10.794749,-10.878466
779,-10.821875,-10.793594,-10.879646
780,-10.816125,-10.790321,-10.879095
781,-10.814822,-10.783993,-10.873895
782,-10.811547,-10.781681,-10.875634
783,-10.808880,-10.781160,-10.872904
784,-10.805512,-10.781682,-10.867966
785,-10.802624,-10.778255,-10.862461
786,-10.805047,-10.778177,-10.860621
787,-10.800023,-10.776523,-10.859140
788,-10.797382,-10.776356,-10.858275
789,-10.797522,-10.777921,-10.856020
790,-10.795607,-10.776271,-10.854338
791,-10.792144,-10.770467,-10.852046
792,-10.790274,-10.763255,-10.854458
793,-10.788638,-10.763186,-10.852813
794,-10.786037,-10.763188,-10.848131
795,-10.783254,-10.762797,-10.842793
796,-10.783742,-10.759200,-10.844013
797,-10.784959,-10.756737,-10.845726
798,-10.785487,-10.757036,-10.843312
799,-10.786727,-10.759412,-10.842799
800,-10.790089,-10.757653,-10.840450
801,-10.785608,-10.754404,-10.839999
802,-10.783696,-10.755121,-10.838584
803,-10.780363,-10.753553,-10.834817
804,-10.776668,-10.750189,-10.837513
805,-10.775298,-10.748780,-10.837541
806,-10.773418,-10.750060,-10.834369
807,-10.772312,-10.747143,-10.830451
808,-10.770293,-10.749468,-10.829793
809,-10.768069,-10.746674,-10.827154
810,-10.768427,-10.743158,-10.825868
811,-10.770165,-10.739734,-10.829089
812,-10.768826,-10.739892,-10.830772
813,-10.764375,-10.739667,-10.826481
814,-10.760866,-10.741383,-10.822441
815,-10.759563,-10.741522,-10.824521
816,-10.758787,-10.737363,-10.824037
817,-10.757412,-10.736818,-10.818893
818,-10.754792,-10.736043,-10.816523
819,-10.756472,-10.736835,-10.815253
820,-10.755116,-10.737914,-10.813270
821,-10.751746,-10.738784,-10.815308
822,-10.751743,-10.735727,-10.814066
823,-10.753505,-10.728793,-10.809225
824,-10.750561,-10.723428,-10.805004
825,-10.749665,-10.721063,-10.803254
826,-10.749898,-10.719090,-10.805373
827,-10.748904,-10.718128,-10.802999
828,-10.748803,-10.715180,-10.801874
829,-10.750222,-10.712867,-10.797715
830,-10.748363,-10.712197,-10.794623
831,-10.743290,-10.711016,-10.795194
832,-10.740678,-10.711633,-10.792479
833,-10.743061,-10.710070,-10.791284
834,-10.743822,-10.710178,-10.787221
835,-10.739597,-10.709641,-10.781003
836,-10.734948,-10.709828,-10.780504
837,-10.733276,-10.706931,-10.783572
838,-10.734421,-10.703404,-10.785257
839,-10.734577,-10.700423,-10.782140
840,-10.732308,-10.698771,-10.779235
841,-10.733926,-10.698971,-10.779867
842,-10.739615,-10.700426,-10.777739
843,-10.738736,-10.699796,-10.775970
844,-10.735368,-10.696573,-10.776036
845,-10.730157,-10.695502,-10.773772
846,-10.726903,-10.694966,-10.771979
847,-10.726090,-10.693275,-10.774153
848,-10.724719,-10.690385,-10.775180
849,-10.719077,-10.685895,-10.774209
850,-10.715485,-10.684733,-10.772756
851,-10.714316,-10.681288,-10.770840
852,-10.713971,-10.680516,-10.766802
853,-10.712556,-10.683032,-10.764319
854,-10.712043,-10.682143,-10.760547
855,-10.712958,-10.684470,-10.757387
856,-10.712076,-10.686098,-10.755954
857,-10.709541,-10.687628,-10.758297
858,-10.706273,-10.684569,-10.758659
859,-10.705090,-10.677530,-10.758669
860,-10.704990,-10.675725,-10.755813
861,-10.703493,-10.676340,-10.751511
862,-10.700290,-10.676429,-10.752713
863,-10.698142,-10.675917,-10.752918
864,-10.699545,-10.669972,-10.748930
865,-10.697787,-10.664748,-10.745681
866,-10.693259,-10.665512,-10.745280
867,-10.689626,-10.663862,-10.746974
868,-10.683619,-10.663932,-10.748796
869,-10.681882,-10.662980,-10.745423
870,-10.684108,-10.661938,-10.744849
871,-10.692575,-10.662624,-10.744278
872,-10.697597,-10.665113,-10.737298
873,-10.692162,-10.663493,-10.733956
874,-10.684335,-10.662980,-10.735131
875,-10.679947,-10.661855,-10.732862
876,-10.677630,-10.660491,-10.729008
877,-10.674263,-10.658316,-10.726642
878,-10.673073,-10.657132,-10.724423
879,-10.676037,-10.655060,-10.723938
880,-10.678184,-10.649175,-10.725739
881,-10.677162,-10.646167,-10.723741
882,-10.673470,-10.646839,-10.725623
883,-10.669998,-10.649642,-10.722750
884,-10.668263,-10.651164,-10.720334
885,-10.666209,-10.650001,-10.720046
886,-10.667599,-10.645798,-10.720604
887,-10.668177,-10.640834,-10.720671
888,-10.667751,-10.639321,-10.718997
889,-10.663346,-10.637321,-10.714521
890,-10.661318,-10.634884,-10.709007
891,-10.657946,-10.633989,-10.707662
892,-10.657916,-10.636435,-10.704894
893,-10.656744,-10.637230,-10.702807
894,-10.654002,-10.638099,-10.702231
895,-10.655658,-10.636806,-10.700916
896,-10.657339,-10.634574,-10.697789
897,-10.654744,-10.639543,-10.696181
898,-10.651918,-10.637808,-10.697102
899,-10.652749,-10.632938,-10.697870
900,-10.650707,-10.635282,-10.696135
901,-10.645264,-10.635861,-10.694954
902,-10.646096,-10.630980,-10.694545
903,-10.643575,-10.625932,-10.692343
904,-10.640550,-10.622789,-10.691099
905,-10.641901,-10.622850,-10.691274
906,-10.644861,-10.625029,-10.689826
907,-10.641525,-10.621793,-10.688376
908,-10.636474,-10.619080,-10.684759
909,-10.633038,-10.617994,-10.685506
910,-10.626982,-10.618168,-10.685651
911,-10.627246,-10.618081,-10.682247
912,-10.628504,-10.615235,-10.677063
913,-10.626389,-10.614361,-10.675270
914,-10.625943,-10.609855,-10.678931
915,-10.627322,-10.604416,-10.678663
916,-10.629352,-10.599549,-10.676869
917,-10.629758,-10.594958,-10.673489
918,-10.627088,-10.593661,-10.669596
919,-10.628193,-10.593845,-10.667852
920,-10.627022,-10.592832,-10.668705
921,-10.626938,-10.597441,-10.670248
922,-10.624463,-10.598599,-10.669765
923,-10.622004,-10.598003,-10.670283
924,-10.618970,-10.596093,-10.667655
925,-10.615582,-10.595381,-10.667327
926,-10.614474,-10.594204,-10.668430
927,-10.611623,-10.593038,-10.669282
928,-10.608155,-10.589717,-10.666732
929,-10.607472,-10.589236,-10.667162
930,-10.608557,-10.590899,-10.667299
931,-10.608337,-10.593526,-10.668150
932,-10.604569,-10.592915,-10.664074
933,-10.602778,-10.593863,-10.659762
934,-10.603198,-10.595323,-10.656692
935,-10.602373,-10.592867,-10.654208
936,-10.599979,-10.590708,-10.647982
937,-10.601807,-10.591628,-10.647903
938,-10.604224,-10.591151,-10.647251
939,-10.601588,-10.588455,-10.646408
940,-10.597804,-10.583957,-10.646832
941,-10.592543,-10.581235,-10.645896
942,-10.588573,-10.580898,-10.645084
943,-10.587775,-10.579718,-10.646430
944,-10.587604,-10.576665,-10.647484
945,-10.589408,-10.576011,-10.645602
946,-10.590030,-10.573612,-10.644169
947,-10.589190,-10.575053,-10.644918
948,-10.588291,-10.576395,-10.642387
949,-10.585254,-10.571855,-10.637587
950,-10.583264,-10.571930,-10.634796
951,-10.587522,-10.570058,-10.634090
952,-10.587241,-10.571585,-10.632372
953,-10.587186,-10.571262,-10.634542
954,-10.584876,-10.569456,-10.634912
955,-10.582813,-10.564197,-10.632474
956,-10.580174,-10.559895,-10.628844
957,-10.579510,-10.557753,-10.626431
958,-10.576178,-10.557781,-10.628385
959,-10.574251,-10.555350,-10.629417
960,-10.574174,-10.556266,-10.628421
961,-10.573350,-10.555756,-10.625814
962,-10.572060,-10.553616,-10.626151
963,-10.569061,-10.553216,-10.625077
964,-10.571717,-10.550951,-10.622905
965,-10.571942,-10.550514,-10.620387
966,-10.569444,-10.548527,-10.620943
967,-10.566789,-10.548530,-10.617575
968,-10.565324,-10.548700,-10.617787
969,-10.567066,-10.546694,-10.618831
970,-10.564503,-10.550868,-10.615788
971,-10.557132,-10.548866,-10.612649
972,-10.556969,-10.544690,-10.608293
973,-10.559224,-10.543361,-10.605189
974,-10.558412,-10.543840,-10.607102
975,-10.558658,-10.545690,-10.608099
976,-10.560381,-10.546926,-10.610460
977,-10.561046,-10.541292,-10.611178
978,-10.556893,-10.537210,-10.606057
979,-10.549356,-10.533102,-10.604093
980,-10.549047,-10.539132,-10.603915
981,-10.547248,-10.544576,-10.602460
982,-10.549537,-10.543203,-10.597746
983,-10.550346,-10.539664,-10.593739
984,-10.551458,-10.532935,-10.593905
985,-10.551858,-10.531573,-10.593435
986,-10.552510,-10.532263,-10.594104
987,-10.550727,-10.528251,-10.593234
988,-10.548895,-10.525888,-10.593972
989,-10.552697,-10.525199,-10.592999
990,-10.544215,-10.524921,-10.590246
991,-10.539350,-10.525653,-10.590375
992,-10.536176,-10.526024,-10.588467
993,-10.535002,-10.526520,-10.586657
994,-10.536526,-10.525829,-10.585085
995,-10.535904,-10.520040,-10.582067
996,-10.536746,-10.521453,-10.580851
997,-10.537094,-10.519379,-10.577342
998,-10.537977,-10.520309,-10.574857
999,-10.535732,-10.518477,-10.572751
1000,-10.533673,-10.518632,-10.573081
1001,-10.533243,-10.518714,-10.575281
1002,-10.533372,-10.516100,-10.573827
1003,-10.526233,-10.512892,-10.570346
1004,-10.526891,-10.508251,-10.568453
1005,-10.524583,-10.507814,-10.565254
1006,-10.521799,-10.505351,-10.562574
1007,-10.518791,-10.508527,-10.563565
1008,-10.517248,-10.508479,-10.564953
1009,-10.519572,-10.507029,-10.563715
1010,-10.518759,-10.504539,-10.562741
1011,-10.515999,-10.501424,-10.560726
1012,-10.514881,-10.499400,-10.559626
1013,-10.516993,-10.498464,-10.559792
1014,-10.516770,-10.498698,-10.562172
1015,-10.515645,-10.500144,-10.560251
1016,-10.514329,-10.497104,-10.561565
1017,-10.515072,-10.497838,-10.558495
1018,-10.509016,-10.495232,-10.557504
1019,-10.503542,-10.497540,-10.553421
1020,-10.501490,-10.495884,-10.551593
1021,-10.501478,-10.497966,-10.546430
1022,-10.501847,-10.495375,-10.547579
1023,-10.502365,-10.495060,-10.550105
1024,-10.502455,-10.494491,-10.550687
1025,-10.504529,-10.493414,-10.549014
1026,-10.502031,-10.490618,-10.550569
1027,-10.499951,-10.487965,-10.547718
1028,-10.501220,-10.485786,-10.545532
1029,-10.499773,-10.485639,-10.543790
1030,-10.494905,-10.481636,-10.540967
1031,-10.494488,-10.477413,-10.539841
1032,-10.495407,-10.476855,-10.538946
1033,-10.491353,-10.480363,-10.538444
1034,-10.488126,-10.478341,-10.537422
1035,-10.486089,-10.475576,-10.542959
1036,-10.488491,-10.478539,-10.542975
1037,-10.490606,-10.477077,-10.540109
1038,-10.494992,-10.474288,-10.539525
1039,-10.493227,-10.475149,-10.538291
1040,-10.492247,-10.474833,-10.534790
1041,-10.489748,-10.472926,-10.529733
1042,-10.486068,-10.472145,-10.530294
1043,-10.484986,-10.468599,-10.529347
1044,-10.487333,-10.466637,-10.527290
1045,-10.484624,-10.467762,-10.525327
1046,-10.483517,-10.470553,-10.523308
1047,-10.480329,-10.470854,-10.521778
1048,-10.476085,-10.471122,-10.522977
1049,-10.473778,-10.468836,-10.521081
1050,-10.470193,-10.470304,-10.519564
1051,-10.468103,-10.470031,-10.518504
1052,-10.467046,-10.463187,-10.520081
1053,-10.465347,-10.458958,-10.518678
1054,-10.465059,-10.455032,-10.517410
1055,-10.468553,-10.455088,-10.514859
1056,-10.469762,-10.454736,-10.513542
1057,-10.464720,-10.454269,-10.514612
1058,-10.461221,-10.451067,-10.516796
1059,-10.463293,-10.450716,-10.513891
1060,-10.464631,-10.452725,-10.517691
1061,-10.464040,-10.451933,-10.515553
1062,-10.460357,-10.447657,-10.512307
1063,-10.454240,-10.447597,-10.508579
1064,-10.452757,-10.445721,-10.506028
1065,-10.454635,-10.442637,-10.507511
1066,-10.454318,-10.443055,-10.507421
1067,-10.453206,-10.442088,-10.505088
1068,-10.451922,-10.442602,-10.507950
1069,-10.445625,-10.443378,-10.505543
1070,-10.442687,-10.441202,-10.503108
1071,-10.443469,-10.442059,-10.499706
1072,-10.443999,-10.437865,-10.492492
1073,-10.445182,-10.435316,-10.494586
1074,-10.444566,-10.433432,-10.497237
1075,-10.439907,-10.432736,-10.495924
1076,-10.442164,-10.429930,-10.490576
1077,-10.445336,-10.431521,-10.487526
1078,-10.439188,-10.432060,-10.482438
1079,-10.436962,-10.428430,-10.481898
1080,-10.439127,-10.426674,-10.484311
1081,-10.443424,-10.425024,-10.483794
1082,-10.443571,-10.424361,-10.486188
1083,-10.440736,-10.426862,-10.485258
1084,-10.442188,-10.426417,-10.482879
1085,-10.442370,-10.423918,-10.480266
1086,-10.441002,-10.421019,-10.481421
1087,-10.438904,-10.423237,-10.482684
1088,-10.435621,-10.420482,-10.480547
1089,-10.432649,-10.416523,-10.481324
1090,-10.432529,-10.415737,-10.475636
1091,-10.432230,-10.419403,-10.473910
1092,-10.429126,-10.419346,-10.473199
1093,-10.425377,-10.418770,-10.472695
1094,-10.427351,-10.422478,-10.474892
1095,-10.428296,-10.418137,-10.473134
1096,-10.428179,-10.415794,-10.470587
1097,-10.426479,-10.415823,-10.468816
1098,-10.427330,-10.414680,-10.468027
1099,-10.427076,-10.416354,-10.464111
1100,-10.424119,-10.415303,-10.462353
1101,-10.420761,-10.414563,-10.461686
1102,-10.420142,-10.413033,-10.461311
1103,-10.420459,-10.411601,-10.463028
1104,-10.417931,-10.408020,-10.465732
1105,-10.418030,-10.409990,-10.465319
1106,-10.416854,-10.408552,-10.465663
1107,-10.411022,-10.406780,-10.464762
1108,-10.410651,-10.404672,-10.461086
1109,-10.413038,-10.403848,-10.461292
1110,-10.414345,-10.400521,-10.461961
1111,-10.415887,-10.400704,-10.463484
1112,-10.415743,-10.398870,-10.460580
1113,-10.414845,-10.399724,-10.457845
1114,-10.409640,-10.401123,-10.451791
1115,-10.407306,-10.401698,-10.450085
1116,-10.406883,-10.403429,-10.450392
1117,-10.407499,-10.397671,-10.451532
1118,-10.403550,-10.395423,-10.450351
1119,-10.402269,-10.391631,-10.450332
1120,-10.404062,-10.387773,-10.452811
1121,-10.401495,-10.389184,-10.450407
1122,-10.399877,-10.390977,-10.448820
1123,-10.396599,-10.392169,-10.444253
1124,-10.393524,-10.395788,-10.438856
1125,-10.394682,-10.394472,-10.435974
1126,-10.395820,-10.388953,-10.437306
1127,-10.398979,-10.387111,-10.439475
1128,-10.396013,-10.383636,-10.442049
1129,-10.393055,-10.385433,-10.444789
1130,-10.390615,-10.382552,-10.440781
1131,-10.392676,-10.380158,-10.437945
1132,-10.395827,-10.380590,-10.439621
1133,-10.393641,-10.378668,-10.443599
1134,-10.395429,-10.380258,-10.441359
1135,-10.390090,-10.385760,-10.436558
1136,-10.386975,-10.387235,-10.436632
1137,-10.388808,-10.388294,-10.433905
1138,-10.389186,-10.386690,-10.432452
1139,-10.388420,-10.381350,-10.432085
1140,-10.386522,-10.379267,-10.430610
1141,-10.392574,-10.379052,-10.430485
1142,-10.394574,-10.381517,-10.428511
1143,-10.395465,-10.376899,-10.427925
1144,-10.388651,-10.374292,-10.424952
1145,-10.385771,-10.378325,-10.424480
1146,-10.383951,-10.377875,-10.424902
1147,-10.381961,-10.377046,-10.422861
1148,-10.381456,-10.375081,-10.422460
1149,-10.385861,-10.372732,-10.422656
1150,-10.386690,-10.368018,-10.422039
1151,-10.381231,-10.362641,-10.421682
1152,-10.378414,-10.360290,-10.425662
1153,-10.372939,-10.355916,-10.424716
1154,-10.369908,-10.355489,-10.418634
1155,-10.367904,-10.355929,-10.417279
1156,-10.365446,-10.361431,-10.417492
1157,-10.364419,-10.359614,-10.418428
1158,-10.360899,-10.353658,-10.420369
1159,-10.358216,-10.348992,-10.415743
1160,-10.356706,-10.349098,-10.410419
1161,-10.359621,-10.350714,-10.411320
1162,-10.362986,-10.349663,-10.410151
1163,-10.364798,-10.348406,-10.410410
1164,-10.362499,-10.350867,-10.413370
1165,-10.359658,-10.355561,-10.411940
1166,-10.355759,-10.354682,-10.409528
1167,-10.357377,-10.352144,-10.406405
1168,-10.358639,-10.351959,-10.407688
1169,-10.354101,-10.350931,-10.406926
1170,-10.352199,-10.345170,-10.407178
1171,-10.351354,-10.341583,-10.404504
1172,-10.351651,-10.344658,-10.400851
1173,-10.353933,-10.344866,-10.396141
1174,-10.351336,-10.341119,-10.399470
1175,-10.353031,-10.336698,-10.402345
1176,-10.349102,-10.335049,-10.403236
1177,-10.346888,-10.335247,-10.403029
1178,-10.349404,-10.335581,-10.400006
1179,-10.350769,-10.334750,-10.400650
1180,-10.350528,-10.333779,-10.398491
1181,-10.351035,-10.329022,-10.392759
1182,-10.348639,-10.328294,-10.387807
1183,-10.346557,-10.328887,-10.386878
1184,-10.346963,-10.332147,-10.386976
1185,-10.346654,-10.333748,-10.386901
1186,-10.346380,-10.333938,-10.386856
1187,-10.344645,-10.328861,-10.386021
1188,-10.340386,-10.326703,-10.384237
1189,-10.335954,-10.326986,-10.383453
1190,-10.335854,-10.325820,-10.383547
1191,-10.336175,-10.327101,-10.379484
1192,-10.339483,-10.331030,-10.376148
1193,-10.337385,-10.331212,-10.375221
1194,-10.329957,-10.330109,-10.376730
1195,-10.327852,-10.333144,-10.375224
1196,-10.331110,-10.332851,-10.374094
1197,-10.330858,-10.331734,-10.379231
1198,-10.327581,-10.328258,-10.380983
1199,-10.327355,-10.325838,-10.378930
1200,-10.326108,-10.330051,-10.379108
1201,-10.328608,-10.329461,-10.374980
1202,-10.326605,-10.327006,-10.366898
1203,-10.328272,-10.320015,-10.364446
1204,-10.332854,-10.317216,-10.365813
1205,-10.329689,-10.316373,-10.363766
1206,-10.326379,-10.316122,-10.365646
1207,-10.323798,-10.315254,-10.369266
1208,-10.324043,-10.314358,-10.368616
1209,-10.327232,-10.311243,-10.367038
1210,-10.334798,-10.310852,-10.364800
1211,-10.338858,-10.311893,-10.363784
1212,-10.335446,-10.308397,-10.367841
1213,-10.335734,-10.306479,-10.366452
1214,-10.335299,-10.305145,-10.366604
1215,-10.327900,-10.304090,-10.365050
1216,-10.323261,-10.304822,-10.365844
1217,-10.322946,-10.304025,-10.366909
1218,-10.323556,-10.304054,-10.368533
1219,-10.325745,-10.305601,-10.366065
1220,-10.325732,-10.303650,-10.363109
1221,-10.322025,-10.299364,-10.358821
1222,-10.318243,-10.300571,-10.355197
1223,-10.315250,-10.296955,-10.357095
1224,-10.313010,-10.296007,-10.354953
1225,-10.316568,-10.296648,-10.351875
1226,-10.318633,-10.294130,-10.348188
1227,-10.313973,-10.292660,-10.346774
1228,-10.313933,-10.289451,-10.348867
1229,-10.312189,-10.289315,-10.353638
1230,-10.307134,-10.288118,-10.353509
1231,-10.303272,-10.291951,-10.352275
1232,-10.303364,-10.291476,-10.351978
1233,-10.299332,-10.291481,-10.351283
1234,-10.296585,-10.288716,-10.348621
1235,-10.297570,-10.288759,-10.348762
1236,-10.299303,-10.287241,-10.350365
1237,-10.300023,-10.290466,-10.351172
1238,-10.301019,-10.291677,-10.353444
1239,-10.296100,-10.286882,-10.350982
1240,-10.289290,-10.287623,-10.348572
1241,-10.285154,-10.289726,-10.349676
1242,-10.288065,-10.286633,-10.351169
1243,-10.294276,-10.286599,-10.351085
1244,-10.294220,-10.286450,-10.351986
1245,-10.297129,-10.284531,-10.352259
1246,-10.298806,-10.282612,-10.347353
1247,-10.297640,-10.282107,-10.343976
1248,-10.295667,-10.281226,-10.347435
1249,-10.289313,-10.281196,-10.346219
1250,-10.288678,-10.279520,-10.341829
1251,-10.290597,-10.279698,-10.339224
1252,-10.291428,-10.279741,-10.338104
1253,-10.296863,-10.281652,-10.335690
1254,-10.295139,-10.279764,-10.335901
1255,-10.294633,-10.274789,-10.338842
1256,-10.291030,-10.271939,-10.345032
1257,-10.287470,-10.269412,-10.344654
1258,-10.288403,-10.274276,-10.339425
1259,-10.287354,-10.272240,-10.338291
1260,-10.285608,-10.269346,-10.341223
1261,-10.281094,-10.268819,-10.339694
1262,-10.276545,-10.268416,-10.337439
1263,-10.276179,-10.267149,-10.338167
1264,-10.277611,-10.268513,-10.334702
1265,-10.278290,-10.269067,-10.330006
1266,-10.282204,-10.264277,-10.329902
1267,-10.279510,-10.261805,-10.327079
1268,-10.277613,-10.259482,-10.325786
1269,-10.279163,-10.260250,-10.321821
1270,-10.278653,-10.259352,-10.323996
1271,-10.281435,-10.260120,-10.324764
1272,-10.276054,-10.261597,-10.324914
1273,-10.272139,-10.259468,-10.324625
1274,-10.268087,-10.258574,-10.322932
1275,-10.263127,-10.257151,-10.319905
1276,-10.262952,-10.255383,-10.317362
1277,-10.263580,-10.252398,-10.314812
1278,-10.265337,-10.250375,-10.312586
1279,-10.264075,-10.253466,-10.308475
1280,-10.261614,-10.253464,-10.307848
1281,-10.255342,-10.254417,-10.310261
1282,-10.255666,-10.254679,-10.309506
1283,-10.257452,-10.254751,-10.306207
1284,-10.252778,-10.255062,-10.304491
1285,-10.250208,-10.250597,-10.301592
1286,-10.252675,-10.246913,-10.298947
1287,-10.260057,-10.245711,-10.301086
1288,-10.266373,-10.244846,-10.305600
1289,-10.263969,-10.245890,-10.304346
1290,-10.261389,-10.249538,-10.305976
1291,-10.258842,-10.247462,-10.303815
1292,-10.254566,-10.249132,-10.306001
1293,-10.255164,-10.247426,-10.304642
1294,-10.258340,-10.245197,-10.308851
1295,-10.254569,-10.245722,-10.308032
1296,-10.252927,-10.244004,-10.304879
1297,-10.253014,-10.243108,-10.300961
1298,-10.249189,-10.245673,-10.302978
1299,-10.246277,-10.248060,-10.306242
1300,-10.247072,-10.247937,-10.302691
1301,-10.246807,-10.241854,-10.300184
1302,-10.246185,-10.237530,-10.300239
1303,-10.246665,-10.235117,-10.300060
1304,-10.247912,-10.234804,-10.294742
1305,-10.247726,-10.236796,-10.289728
1306,-10.246520,-10.239292,-10.286459
1307,-10.241924,-10.240454,-10.285134
1308,-10.239093,-10.235437,-10.285635
1309,-10.241380,-10.231672,-10.285895
1310,-10.239679,-10.227824,-10.287762
1311,-10.236749,-10.226075,-10.291041
1312,-10.235128,-10.223829,-10.291128
1313,-10.229886,-10.227471,-10.291142
1314,-10.229359,-10.229029,-10.294070
1315,-10.235267,-10.225565,-10.298618
1316,-10.238946,-10.224367,-10.294608
1317,-10.235715,-10.220735,-10.290254
1318,-10.237134,-10.218766,-10.287172
1319,-10.240334,-10.221430,-10.285381
1320,-10.240039,-10.220255,-10.282815
1321,-10.239423,-10.220305,-10.281516
1322,-10.238382,-10.225900,-10.279206
1323,-10.237808,-10.225265,-10.283128
1324,-10.238346,-10.222407,-10.282548
1325,-10.233766,-10.221594,-10.278748
1326,-10.233199,-10.222761,-10.276717
1327,-10.232230,-10.221773,-10.277097
1328,-10.231025,-10.217785,-10.276575
1329,-10.230418,-10.213841,-10.276717
1330,-10.228900,-10.210407,-10.276492
1331,-10.227254,-10.211297,-10.274324
1332,-10.225223,-10.209418,-10.276405
1333,-10.227910,-10.208887,-10.278046
1334,-10.228052,-10.210498,-10.277432
1335,-10.229726,-10.213716,-10.274784
1336,-10.231681,-10.215708,-10.275355
1337,-10.235756,-10.214542,-10.273459
1338,-10.233829,-10.210889,-10.267479
1339,-10.231716,-10.207200,-10.268600
1340,-10.232222,-10.207006,-10.269114
1341,-10.232384,-10.202581,-10.267959
1342,-10.232515,-10.202770,-10.270070
1343,-10.228625,-10.203291,-10.271561
1344,-10.226147,-10.202301,-10.268986
1345,-10.221565,-10.208113,-10.263537
1346,-10.219247,-10.208746,-10.261195
1347,-10.223173,-10.209031,-10.261576
1348,-10.221941,-10.203907,-10.263462
1349,-10.223956,-10.199497,-10.261365
1350,-10.224570,-10.201626,-10.262358
1351,-10.221369,-10.198764,-10.265783
1352,-10.217883,-10.199605,-10.263241
1353,-10.212805,-10.197268,-10.262141
1354,-10.210982,-10.199253,-10.263637
1355,-10.212150,-10.201640,-10.259037
1356,-10.211740,-10.199968,-10.257679
1357,-10.212129,-10.198728,-10.255231
1358,-10.214774,-10.192000,-10.256407
1359,-10.217532,-10.191639,-10.257312
1360,-10.218294,-10.189336,-10.259546
1361,-10.219125,-10.188881,-10.262756
1362,-10.218156,-10.187894,-10.261731
1363,-10.213992,-10.189775,-10.254202
1364,-10.216083,-10.193909,-10.247071
1365,-10.214993,-10.192958,-10.241372
1366,-10.215256,-10.190267,-10.247309
1367,-10.213169,-10.188583,-10.245784
1368,-10.207539,-10.186751,-10.248179
1369,-10.199994,-10.187380,-10.248357
1370,-10.198488,-10.188016,-10.248707
1371,-10.195430,-10.188605,-10.252428
1372,-10.198762,-10.188607,-10.255401
1373,-10.199739,-10.190973,-10.255784
1374,-10.202126,-10.185649,-10.251944
1375,-10.206549,-10.177408,-10.244477
1376,-10.205031,-10.176822,-10.241471
1377,-10.202615,-10.176147,-10.242297
1378,-10.198484,-10.177672,-10.241153
1379,-10.196821,-10.175861,-10.241459
1380,-10.200719,-10.172097,-10.242466
1381,-10.205782,-10.177424,-10.241183
1382,-10.207916,-10.176585,-10.238139
1383,-10.206528,-10.175665,-10.236300
1384,-10.201062,-10.178748,-10.236601
1385,-10.199825,-10.178524,-10.236892
1386,-10.197996,-10.176617,-10.237583
1387,-10.196342,-10.172329,-10.235598
1388,-10.196825,-10.173054,-10.235012
1389,-10.199070,-10.170113,-10.234569
1390,-10.193834,-10.173115,-10.234087
1391,-10.193217,-10.175106,-10.236608
1392,-10.192339,-10.173872,-10.236695
1393,-10.196466,-10.172182,-10.236259
1394,-10.195156,-10.171697,-10.236484
1395,-10.194712,-10.170954,-10.238433
1396,-10.193128,-10.168618,-10.235838
1397,-10.197905,-10.167452,-10.232925
1398,-10.198939,-10.168183,-10.235280
1399,-10.199803,-10.171000,-10.234730
1400,-10.193105,-10.170689,-10.230153
1401,-10.191939,-10.173407,-10.225615
1402,-10.191059,-10.170023,-10.225961
1403,-10.188486,-10.165995,-10.223485
1404,-10.183973,-10.163569,-10.221625
1405,-10.181577,-10.163328,-10.224707
1406,-10.179074,-10.163399,-10.222947
1407,-10.175314,-10.165447,-10.221978
1408,-10.176184,-10.165461,-10.220664
1409,-10.180702,-10.166779,-10.216941
1410,-10.182648,-10.165775,-10.217519
1411,-10.176242,-10.162410,-10.219918
1412,-10.176867,-10.163612,-10.223383
1413,-10.176893,-10.160649,-10.224851
1414,-10.178854,-10.158924,-10.221568
1415,-10.173843,-10.158614,-10.223451
1416,-10.169476,-10.158618,-10.221827
1417,-10.170028,-10.160997,-10.222054
1418,-10.172604,-10.162105,-10.220988
1419,-10.176974,-10.166544,-10.220438
1420,-10.175253,-10.164191,-10.215116
1421,-10.174046,-10.161761,-10.213850
1422,-10.174457,-10.161430,-10.214611
1423,-10.174327,-10.164443,-10.219725
1424,-10.176211,-10.162799,-10.225103
1425,-10.178507,-10.160688,-10.222875
1426,-10.177335,-10.156878,-10.220016
1427,-10.176113,-10.156560,-10.221331
1428,-10.173990,-10.157485,-10.220856
1429,-10.168497,-10.158307,-10.218047
1430,-10.165564,-10.157885,-10.212241
1431,-10.166441,-10.157124,-10.207356
1432,-10.163543,-10.154386,-10.203672
1433,-10.162072,-10.151028,-10.204701
1434,-10.162087,-10.151021,-10.203842
1435,-10.162945,-10.156253,-10.199271
1436,-10.160594,-10.159676,-10.200189
1437,-10.159823,-10.166622,-10.199343
1438,-10.152628,-10.162822,-10.198796
1439,-10.146062,-10.162024,-10.198443
1440,-10.145002,-10.157105,-10.198053
1441,-10.146157,-10.151586,-10.199476
1442,-10.152379,-10.145873,-10.198417
1443,-10.153001,-10.144099,-10.195361
1444,-10.150208,-10.142465,-10.193121
1445,-10.152827,-10.141198,-10.192971
1446,-10.148713,-10.138844,-10.196814
1447,-10.145951,-10.137273,-10.195214
1448,-10.144087,-10.137737,-10.194715
1449,-10.144052,-10.140545,-10.194897
1450,-10.146333,-10.138906,-10.198486
1451,-10.145147,-10.134683,-10.197583
1452,-10.146112,-10.132952,-10.197426
1453,-10.143130,-10.138197,-10.201322
1454,-10.149134,-10.141646,-10.203315
1455,-10.153353,-10.140205,-10.201597
1456,-10.150700,-10.140263,-10.199842
1457,-10.149661,-10.136111,-10.200956
1458,-10.150946,-10.135835,-10.195593
1459,-10.151841,-10.138295,-10.190270
1460,-10.149818,-10.135854,-10.191933
1461,-10.151258,-10.137800,-10.191069
1462,-10.154570,-10.139465,-10.196296
1463,-10.156579,-10.140731,-10.198129
1464,-10.154401,-10.139808,-10.196429
1465,-10.149470,-10.142604,-10.196435
1466,-10.143042,-10.143163,-10.198131
1467,-10.146392,-10.140311,-10.196274
1468,-10.146329,-10.135638,-10.192508
1469,-10.143752,-10.131051,-10.185928
1470,-10.140277,-10.125623,-10.184433
1471,-10.140439,-10.122164,-10.184371
1472,-10.142187,-10.122124,-10.183438
1473,-10.140635,-10.124013,-10.185857
1474,-10.139525,-10.127915,-10.184548
1475,-10.137333,-10.129062,-10.182908
1476,-10.134392,-10.130351,-10.182534
1477,-10.132861,-10.132408,-10.182892
1478,-10.132130,-10.126322,-10.179911
1479,-10.131460,-10.126695,-10.177075
1480,-10.133630,-10.125112,-10.174981
1481,-10.134524,-10.123261,-10.175886
1482,-10.130940,-10.125090,-10.178914
1483,-10.132843,-10.124205,-10.180711
1484,-10.133225,-10.125112,-10.183105
1485,-10.139518,-10.123311,-10.181702
1486,-10.139533,-10.122222,-10.180312
1487,-10.138817,-10.121388,-10.178299
1488,-10.136812,-10.121696,-10.177389
1489,-10.136137,-10.121207,-10.174276
1490,-10.135572,-10.121071,-10.174001
1491,-10.135497,-10.119228,-10.180060
1492,-10.138139,-10.121722,-10.177850
1493,-10.141808,-10.120826,-10.174285
1494,-10.139729,-10.120273,-10.171460
1495,-10.134457,-10.121215,-10.169929
1496,-10.131562,-10.121467,-10.164911
1497,-10.126389,-10.121129,-10.164366
1498,-10.126359,-10.117982,-10.164746
1499,-10.127457,-10.116191,-10.165594
1500,-10.128210,-10.117869,-10.163188
1501,-10.129650,-10.114489,-10.160980
1502,-10.129065,-10.109851,-10.160694
1503,-10.127445,-10.109221,-10.156759
1504,-10.120313,-10.107570,-10.153307
1505,-10.123201,-10.105421,-10.155820
1506,-10.122899,-10.102880,-10.156336
1507,-10.120867,-10.103461,-10.158410
1508,-10.122567,-10.102967,-10.161492
1509,-10.122471,-10.105293,-10.162076
1510,-10.124125,-10.107245,-10.160318
1511,-10.123680,-10.105058,-10.160372
1512,-10.122803,-10.105050,-10.158849
1513,-10.121926,-10.104911,-10.157626
1514,-10.123651,-10.101491,-10.158127
1515,-10.121628,-10.100641,-10.163118
1516,-10.120538,-10.104320,-10.162274
1517,-10.119583,-10.105730,-10.160327
1518,-10.113368,-10.101939,-10.159118
1519,-10.112608,-10.098392,-10.160050
1520,-10.110463,-10.098863,-10.155374
1521,-10.108650,-10.099825,-10.149058
1522,-10.109927,-10.098718,-10.143247
1523,-10.110460,-10.100813,-10.141463
1524,-10.112618,-10.101985,-10.147135
1525,-10.112946,-10.107224,-10.150042
1526,-10.110669,-10.112668,-10.150165
1527,-10.116887,-10.111605,-10.149865
1528,-10.119627,-10.108958,-10.146692
1529,-10.116787,-10.109549,-10.145286
1530,-10.114390,-10.108752,-10.143612
1531,-10.111749,-10.110732,-10.142683
1532,-10.108164,-10.114536,-10.140648
1533,-10.105491,-10.110621,-10.140913
1534,-10.099971,-10.107096,-10.140581
1535,-10.097339,-10.107923,-10.139144
1536,-10.096026,-10.106134,-10.140493
1537,-10.097593,-10.107544,-10.139458
1538,-10.100916,-10.102433,-10.140807
1539,-10.096530,-10.100602,-10.138187
1540,-10.097506,-10.096688,-10.133717
1541,-10.096326,-10.097297,-10.135405
1542,-10.096036,-10.098658,-10.134153
1543,-10.096043,-10.098680,-10.130801
1544,-10.096094,-10.096173,-10.129360
1545,-10.099804,-10.097246,-10.129998
1546,-10.099167,-10.093198,-10.131113
1547,-10.096446,-10.094388,-10.133672
1548,-10.092490,-10.095174,-10.138947
1549,-10.093176,-10.088533,-10.142193
1550,-10.097799,-10.086687,-10.142917
1551,-10.095640,-10.083701,-10.144299
1552,-10.095046,-10.085144,-10.148425
1553,-10.097189,-10.084353,-10.147725
1554,-10.102953,-10.082393,-10.138305
1555,-10.102776,-10.080740,-10.133294
1556,-10.103760,-10.076848,-10.134872
1557,-10.104285,-10.077309,-10.134675
1558,-10.105071,-10.081242,-10.130433
1559,-10.106627,-10.084623,-10.127119
1560,-10.106267,-10.091471,-10.126376
1561,-10.101467,-10.091480,-10.129116
1562,-10.095846,-10.089616,-10.127668
1563,-10.091626,-10.089247,-10.126499
1564,-10.090855,-10.089122,-10.124938
1565,-10.094152,-10.086036,-10.122973
1566,-10.095411,-10.085183,-10.125625
1567,-10.098561,-10.080229,-10.125738
1568,-10.101280,-10.076653,-10.121093
1569,-10.106260,-10.077775,-10.118311
1570,-10.106579,-10.075266,-10.116439
1571,-10.102342,-10.075084,-10.122367
1572,-10.097555,-10.074036,-10.121939
1573,-10.093985,-10.074374,-10.120637
1574,-10.088855,-10.069076,-10.121582
1575,-10.090236,-10.071363,-10.119705
1576,-10.095327,-10.069794,-10.112440
1577,-10.097222,-10.070672,-10.107128
1578,-10.095597,-10.069776,-10.107898
1579,-10.095179,-10.074118,-10.111817
1580,-10.086928,-10.080155,-10.120734
1581,-10.085510,-10.081024,-10.126115
1582,-10.084596,-10.079980,-10.126925
1583,-10.083711,-10.080300,-10.130752
1584,-10.084306,-10.081121,-10.123923
1585,-10.083956,-10.077455,-10.120388
1586,-10.085783,-10.080128,-10.120098
1587,-10.081955,-10.077780,-10.117077
1588,-10.077307,-10.076936,-10.113794
1589,-10.077194,-10.075637,-10.112805
1590,-10.079741,-10.076330,-10.115871
1591,-10.079298,-10.077233,-10.119550
1592,-10.075268,-10.077313,-10.126477
1593,-10.072719,-10.077957,-10.125535
1594,-10.073077,-10.080040,-10.121089
1595,-10.075534,-10.077342,-10.118197
1596,-10.076099,-10.077884,-10.117692
1597,-10.076019,-10.077057,-10.117256
1598,-10.070321,-10.075078,-10.117586
1599,-10.076760,-10.073128,-10.120434
1600,-10.075268,-10.072865,-10.125217
1601,-10.077724,-10.071406,-10.119083
1602,-10.070922,-10.068254,-10.113257
1603,-10.067945,-10.068239,-10.109924
1604,-10.071738,-10.072099,-10.110566
1605,-10.076761,-10.073181,-10.107077
1606,-10.080570,-10.074519,-10.110199
1607,-10.074535,-10.075814,-10.118789
1608,-10.070003,-10.079240,-10.118177
1609,-10.068351,-10.083852,-10.110784
1610,-10.069190,-10.080543,-10.107852
1611,-10.071462,-10.083373,-10.105871
1612,-10.069663,-10.078344,-10.111220
1613,-10.069540,-10.074637,-10.111454
1614,-10.066611,-10.069379,-10.113866
1615,-10.067272,-10.064877,-10.119150
1616,-10.068352,-10.060623,-10.116011
1617,-10.065687,-10.057924,-10.109239
1618,-10.059102,-10.060276,-10.105720
1619,-10.057747,-10.062996,-10.106915
1620,-10.057107,-10.061114,-10.110768
1621,-10.056624,-10.064083,-10.108609
1622,-10.051813,-10.069235,-10.106954
1623,-10.049741,-10.070188,-10.107709
1624,-10.048887,-10.065125,-10.110583
1625,-10.053004,-10.064204,-10.103434
1626,-10.057672,-10.069170,-10.097926
1627,-10.055623,-10.072904,-10.094624
1628,-10.054819,-10.073104,-10.096568
1629,-10.052666,-10.076436,-10.094149
1630,-10.055912,-10.073457,-10.092797
1631,-10.054652,-10.075950,-10.091664
1632,-10.054272,-10.068154,-10.090275
1633,-10.050068,-10.065823,-10.092965
1634,-10.050435,-10.068324,-10.096012
1635,-10.055131,-10.068596,-10.094672
1636,-10.057542,-10.066607,-10.095591
1637,-10.058561,-10.062337,-10.093598
1638,-10.054818,-10.063012,-10.090469
1639,-10.052241,-10.055501,-10.086009
1640,-10.054002,-10.054454,-10.083546
1641,-10.058476,-10.049212,-10.084635
1642,-10.060389,-10.048656,-10.085808
1643,-10.059670,-10.044578,-10.084740
1644,-10.060537,-10.045381,-10.086438
1645,-10.058678,-10.043755,-10.089833
1646,-10.057712,-10.043335,-10.088084
1647,-10.054988,-10.040803,-10.088956
1648,-10.051835,-10.037842,-10.092412
1649,-10.048166,-10.035441,-10.094645
1650,-10.045478,-10.034789,-10.098705
1651,-10.043081,-10.035967,-10.094727
1652,-10.038357,-10.039773,-10.093526
1653,-10.040483,-10.039319,-10.097379
1654,-10.041864,-10.040599,-10.095801
1655,-10.040084,-10.039921,-10.093340
1656,-10.038704,-10.037864,-10.092263
1657,-10.036438,-10.034641,-10.092478
1658,-10.034326,-10.036125,-10.088529
1659,-10.034826,-10.038455,-10.084828
1660,-10.032643,-10.040210,-10.079846
1661,-10.031607,-10.039336,-10.080968
1662,-10.030846,-10.035554,-10.083987
1663,-10.030914,-10.030419,-10.084228
1664,-10.029916,-10.030954,-10.083468
1665,-10.027848,-10.034225,-10.083249
1666,-10.025332,-10.039066,-10.081548
1667,-10.019887,-10.042957,-10.082183
1668,-10.020790,-10.045454,-10.084379
1669,-10.023677,-10.045031,-10.086687
1670,-10.028814,-10.044565,-10.088822
1671,-10.025822,-10.044648,-10.087125
1672,-10.024090,-10.040950,-10.077673
1673,-10.023619,-10.043031,-10.076627
1674,-10.023146,-10.043245,-10.080574
1675,-10.026909,-10.043393,-10.079535
1676,-10.029816,-10.045412,-10.080907
1677,-10.028024,-10.041984,-10.080212
1678,-10.028903,-10.042942,-10.075661
1679,-10.026953,-10.038127,-10.074231
1680,-10.022218,-10.037564,-10.081023
1681,-10.023291,-10.040787,-10.079712
1682,-10.024940,-10.040243,-10.082281
1683,-10.029583,-10.042472,-10.082932
1684,-10.030827,-10.045840,-10.086131
1685,-10.031698,-10.042404,-10.087854
1686,-10.035872,-10.037690,-10.078095
1687,-10.035089,-10.035105,-10.073798
1688,-10.036022,-10.032082,-10.072009
1689,-10.028241,-10.031209,-10.073190
1690,-10.024781,-10.030468,-10.074104
1691,-10.026687,-10.031567,-10.076653
1692,-10.030051,-10.031248,-10.075031
1693,-10.028831,-10.031194,-10.072827
1694,-10.023865,-10.029100,-10.069884
1695,-10.023823,-10.034068,-10.073929
1696,-10.023356,-10.044686,-10.075518
1697,-10.023193,-10.042484,-10.073576
1698,-10.023076,-10.039582,-10.076582
1699,-10.022948,-10.038568,-10.073893
1700,-10.024955,-10.033829,-10.066348
1701,-10.026062,-10.033984,-10.066669
1702,-10.023805,-10.033072,-10.067979
1703,-10.020875,-10.029566,-10.067269
1704,-10.020432,-10.026102,-10.068416
1705,-10.022445,-10.025071,-10.068489
1706,-10.024214,-10.023016,-10.069081
1707,-10.031059,-10.023486,-10.066944
1708,-10.031258,-10.027061,-10.064905
1709,-10.029533,-10.024832,-10.063269
1710,-10.025921,-10.026525,-10.060792
1711,-10.024733,-10.031632,-10.062504
1712,-10.020096,-10.030088,-10.062912
1713,-10.019538,-10.028286,-10.060739
1714,-10.021745,-10.027115,-10.053461
1715,-10.025626,-10.025331,-10.051411
1716,-10.028122,-10.019761,-10.053010
1717,-10.024414,-10.015631,-10.052400
1718,-10.023390,-10.016548,-10.053152
1719,-10.021181,-10.016839,-10.053957
1720,-10.020686,-10.014894,-10.051076
1721,-10.022400,-10.014551,-10.053865
1722,-10.021993,-10.014865,-10.055281
1723,-10.019246,-10.014509,-10.055292
1724,-10.022276,-10.015503,-10.056283
1725,-10.024757,-10.012229,-10.059794
1726,-10.026317,-10.015114,-10.059150
1727,-10.025347,-10.016343,-10.060278
1728,-10.025022,-10.018251,-10.059390
1729,-10.030921,-10.018884,-10.057757
1730,-10.030155,-10.020583,-10.055892
1731,-10.027099,-10.022702,-10.054831
1732,-10.028178,-10.021346,-10.055678
1733,-10.025238,-10.017407,-10.058756
1734,-10.024810,-10.016919,-10.060709
1735,-10.026067,-10.016404,-10.055704
1736,-10.025884,-10.012393,-10.055744
1737,-10.024781,-10.010247,-10.055145
1738,-10.025288,-10.009841,-10.056686
1739,-10.022058,-10.012854,-10.057025
1740,-10.019006,-10.014151,-10.055114
1741,-10.020731,-10.017740,-10.055184
1742,-10.020372,-10.022892,-10.053422
1743,-10.016622,-10.023288,-10.050279
1744,-10.015582,-10.016804,-10.046315
1745,-10.011633,-10.010420,-10.045759
1746,-10.008205,-10.007850,-10.046145
1747,-10.007013,-10.008633,-10.047869
1748,-10.006121,-10.012514,-10.047192
1749,-10.004085,-10.011061,-10.044331
1750,-10.010441,-10.012838,-10.043835
1751,-10.012401,-10.014776,-10.036207
1752,-10.012898,-10.014635,-10.037451
1753,-10.016202,-10.018400,-10.038368
1754,-10.016021,-10.019856,-10.037215
1755,-10.013976,-10.021478,-10.038100
1756,-10.018390,-10.017081,-10.035412
1757,-10.021648,-10.011266,-10.031756
1758,-10.016366,-10.007403,-10.026178
1759,-10.012344,-10.003606,-10.023816
1760,-10.012375,-10.004070,-10.026354
1761,-10.016121,-10.001340,-10.026799
1762,-10.017318,-10.001531,-10.022528
1763,-10.019800,-10.002336,-10.023590
1764,-10.020675,-10.005057,-10.024679
1765,-10.015571,-10.004036,-10.024346
1766,-10.011500,-10.002533,-10.021779
1767,-10.012140,-10.003147,-10.017751
1768,-10.016547,-10.008252,-10.015587
1769,-10.018654,-10.013543,-10.019267
1770,-10.019556,-10.013435,-10.021543
1771,-10.021722,-10.012705,-10.025842
1772,-10.019579,-10.011144,-10.022748
1773,-10.014713,-10.012298,-10.020246
1774,-10.012627,-10.010442,-10.021606
1775,-10.010185,-10.013949,-10.027337
1776,-10.012261,-10.011341,-10.029209
1777,-10.008893,-10.009506,-10.027496
1778,-10.008355,-10.009406,-10.025779
1779,-10.007845,-10.014000,-10.025507
1780,-10.006496,-10.013797,-10.026685
1781,-10.002999,-10.009016,-10.026463
1782,-10.000097,-10.011978,-10.027550
1783,-9.996664,-10.008917,-10.028419
1784,-9.997131,-10.009977,-10.028836
1785,-10.000331,-10.007652,-10.024521
1786,-9.999425,-10.004946,-10.025450
1787,-10.002624,-10.007600,-10.023644
1788,-10.007841,-10.005872,-10.024227
1789,-10.008660,-10.007326,-10.026279
1790,-10.006270,-10.006730,-10.026400
1791,-9.997679,-10.003875,-10.024619
1792,-9.995041,-10.007110,-10.025145
1793,-9.997767,-10.011312,-10.022650
1794,-9.997715,-10.011562,-10.025917
1795,-9.995718,-10.008183,-10.023127
1796,-9.994698,-10.008805,-10.019358
1797,-9.999644,-10.003110,-10.019074
1798,-10.004694,-10.002105,-10.021783
1799,-10.002844,-9.997688,-10.021106
1800,-9.995676,-9.994924,-10.018186
1801,-9.998147,-9.999902,-10.022439
1802,-10.002497,-9.995865,-10.024490
1803,-10.007531,-9.996592,-10.022965
1804,-10.005625,-9.999256,-10.022076
1805,-10.005657,-9.998111,-10.024609
1806,-9.999884,-9.997983,-10.024190
1807,-9.994223,-10.001419,-10.026584
1808,-9.987593,-9.999526,-10.024983
1809,-9.981206,-9.997840,-10.020796
1810,-9.982184,-9.994652,-10.021867
1811,-9.986657,-9.995348,-10.026036
1812,-9.988980,-9.997680,-10.025522
1813,-9.989973,-9.999361,-10.024925
1814,-9.983796,-9.993273,-10.025038
1815,-9.981792,-9.989830,-10.024005
1816,-9.984297,-9.991774,-10.018461
1817,-9.988777,-9.989741,-10.015133
1818,-9.987110,-9.988350,-10.013245
1819,-9.983616,-9.983455,-10.011341
1820,-9.981448,-9.980531,-10.017597
1821,-9.979764,-9.987417,-10.022338
1822,-9.976819,-9.992335,-10.021631
1823,-9.978388,-9.991034,-10.018806
1824,-9.977648,-9.991982,-10.018870
1825,-9.976766,-9.990842,-10.018115
1826,-9.973904,-9.991727,-10.017819
1827,-9.973392,-9.988011,-10.017419
1828,-9.976236,-9.985004,-10.012941
1829,-9.974981,-9.983741,-10.016153
1830,-9.976388,-9.984743,-10.016247
1831,-9.976994,-9.986538,-10.014519
1832,-9.981090,-9.989833,-10.012816
1833,-9.981774,-9.994778,-10.011784
1834,-9.981442,-9.997883,-10.011150
1835,-9.975789,-9.998029,-10.008750
1836,-9.973186,-9.990840,-10.008603
1837,-9.971685,-9.992635,-10.006791
1838,-9.976211,-9.991184,-10.001623
1839,-9.975270,-9.991253,-10.002262
1840,-9.973248,-9.993767,-10.007414
1841,-9.975894,-9.992430,-10.009324
1842,-9.978573,-9.994490,-10.005849
1843,-9.978069,-9.994646,-10.000922
1844,-9.977719,-9.998261,-10.000889
1845,-9.978157,-9.992965,-10.003356
1846,-9.977863,-9.989718,-10.003269
1847,-9.975429,-9.985329,-10.002826
1848,-9.975906,-9.982863,-10.007833
1849,-9.977667,-9.983100,-10.009913
1850,-9.978487,-9.981745,-10.009974
1851,-9.978086,-9.987295,-10.010445
1852,-9.975813,-9.987946,-10.010480
1853,-9.973459,-9.986852,-10.007983
1854,-9.972725,-9.985584,-10.006100
1855,-9.969997,-9.983678,-10.006310
1856,-9.973313,-9.984504,-10.008423
1857,-9.974188,-9.988923,-10.007503
1858,-9.970983,-9.986490,-10.004302
1859,-9.970883,-9.982422,-10.004897
1860,-9.968845,-9.982121,-10.007739
1861,-9.966956,-9.984080,-10.009887
1862,-9.971877,-9.982618,-10.009338
1863,-9.974309,-9.983221,-10.010210
1864,-9.972940,-9.982328,-10.013098
1865,-9.972231,-9.981643,-10.009157
1866,-9.975883,-9.983527,-10.008474
1867,-9.974739,-9.980807,-10.004176
1868,-9.976170,-9.978067,-10.003417
1869,-9.974607,-9.977471,-9.998811
1870,-9.977840,-9.981348,-9.996966
1871,-9.977437,-9.984461,-10.002497
1872,-9.974765,-9.981029,-10.007170
1873,-9.974995,-9.984882,-10.012077
1874,-9.976287,-9.989335,-10.012293
1875,-9.976849,-9.989074,-10.010979
1876,-9.973911,-9.987757,-10.013502
1877,-9.971513,-9.985322,-10.011689
1878,-9.972781,-9.987251,-10.007378
1879,-9.968498,-9.982889,-10.004015
1880,-9.968468,-9.979864,-10.001422
1881,-9.968267,-9.979153,-9.999543
1882,-9.965263,-9.980468,-9.996812
1883,-9.967223,-9.979796,-9.999826
1884,-9.962311,-9.977366,-9.998201
1885,-9.960519,-9.972077,-9.997033
1886,-9.960657,-9.968793,-9.998440
1887,-9.964873,-9.963439,-10.001702
1888,-9.964258,-9.960952,-10.002148
1889,-9.961885,-9.964735,-9.998829
1890,-9.957924,-9.968496,-10.000264
1891,-9.956974,-9.969679,-9.996201
1892,-9.957798,-9.970581,-9.989677
1893,-9.960597,-9.976338,-9.987879
1894,-9.958280,-9.978912,-9.989159
1895,-9.957125,-9.986404,-9.994726
1896,-9.955891,-9.988008,-9.993529
1897,-9.958755,-9.985014,-9.998017
1898,-9.963129,-9.979930,-9.999031
1899,-9.965256,-9.976164,-9.998916
1900,-9.965054,-9.972904,-9.998692
1901,-9.961881,-9.969179,-9.994950
1902,-9.960523,-9.966071,-9.993502
1903,-9.957259,-9.965628,-9.997072
1904,-9.951902,-9.966019,-10.002490
1905,-9.951329,-9.966775,-10.007036
1906,-9.948561,-9.965829,-10.002132
1907,-9.954294,-9.960791,-10.003796
1908,-9.956817,-9.959889,-9.994432
1909,-9.955916,-9.960013,-9.988302
1910,-9.958164,-9.968212,-9.985960
1911,-9.959680,-9.970334,-9.982688
1912,-9.960945,-9.975738,-9.985569
1913,-9.961015,-9.977219,-9.980045
1914,-9.965595,-9.979218,-9.982764
1915,-9.967301,-9.977651,-9.983849
1916,-9.971294,-9.981188,-9.982377
1917,-9.968510,-9.980975,-9.981951
1918,-9.963150,-9.976906,-9.980935
1919,-9.959768,-9.972458,-9.981529
1920,-9.954996,-9.968014,-9.981612
1921,-9.956679,-9.958723,-9.984259
1922,-9.959000,-9.960582,-9.982989
1923,-9.958333,-9.964055,-9.986094
1924,-9.956094,-9.966643,-9.984520
1925,-9.949195,-9.961995,-9.984122
1926,-9.949905,-9.958421,-9.976041
1927,-9.951073,-9.957685,-9.977276
1928,-9.951925,-9.961057,-9.978986
1929,-9.950822,-9.960024,-9.978548
1930,-9.949354,-9.961180,-9.981074
1931,-9.948539,-9.955975,-9.980429
1932,-9.948337,-9.952926,-9.979849
1933,-9.946929,-9.956811,-9.978026
1934,-9.951570,-9.959805,-9.978678
1935,-9.958610,-9.961366,-9.981404
1936,-9.959873,-9.963249,-9.984656
1937,-9.955100,-9.961506,-9.982850
1938,-9.953313,-9.961533,-9.978343
1939,-9.949386,-9.967316,-9.975350
1940,-9.947423,-9.969736,-9.972574
1941,-9.944520,-9.969131,-9.971939
1942,-9.943270,-9.971082,-9.971700
1943,-9.946195,-9.971702,-9.970594
1944,-9.948044,-9.976266,-9.969290
1945,-9.946562,-9.980192,-9.968895
1946,-9.946763,-9.984417,-9.970458
1947,-9.950492,-9.977532,-9.970860
1948,-9.950886,-9.974397,-9.969527
1949,-9.949055,-9.974866,-9.971272
1950,-9.951019,-9.970447,-9.975768
1951,-9.953444,-9.961941,-9.979236
1952,-9.949278,-9.959934,-9.981263
1953,-9.950040,-9.957449,-9.979393
1954,-9.948211,-9.955278,-9.978985
1955,-9.949730,-9.953153,-9.975275
1956,-9.949169,-9.949953,-9.972437
1957,-9.951251,-9.958668,-9.968609
1958,-9.952564,-9.959818,-9.968127
1959,-9.948360,-9.960324,-9.974588
1960,-9.943346,-9.955755,-9.981652
1961,-9.941594,-9.952048,-9.980063
1962,-9.944679,-9.954457,-9.979203
1963,-9.944378,-9.951424,-9.974784
1964,-9.947139,-9.951357,-9.975197
1965,-9.949938,-9.955778,-9.976419
1966,-9.950808,-9.957895,-9.980457
1967,-9.952212,-9.962842,-9.979567
1968,-9.953524,-9.963113,-9.975358
1969,-9.953699,-9.957786,-9.974021
1970,-9.951235,-9.949653,-9.967976
1971,-9.946166,-9.945603,-9.964971
1972,-9.947391,-9.946987,-9.960518
1973,-9.949916,-9.952291,-9.961240
1974,-9.947569,-9.954587,-9.961390
1975,-9.945168,-9.955641,-9.961581
1976,-9.942416,-9.954864,-9.962251
1977,-9.942116,-9.957850,-9.959491
1978,-9.940849,-9.955396,-9.954881
1979,-9.943904,-9.949093,-9.951886
1980,-9.945790,-9.948729,-9.955265
1981,-9.942524,-9.953728,-9.965042
1982,-9.943261,-9.950415,-9.970941
1983,-9.946781,-9.949376,-9.973992
1984,-9.946465,-9.950136,-9.974995
1985,-9.947030,-9.949502,-9.973171
1986,-9.945798,-9.946818,-9.974807
1987,-9.946007,-9.947581,-9.972142
1988,-9.949292,-9.950471,-9.966676
1989,-9.943763,-9.952083,-9.969496
1990,-9.940955,-9.952575,-9.973018
1991,-9.940518,-9.956926,-9.973365
1992,-9.939761,-9.954600,-9.966539
1993,-9.943814,-9.954581,-9.961941
1994,-9.941975,-9.956593,-9.965579
1995,-9.940365,-9.957069,-9.961943
1996,-9.938729,-9.956925,-9.957522
1997,-9.941900,-9.958851,-9.956325
1998,-9.943086,-9.958389,-9.958067
1999,-9.942941,-9.961626,-9.957723
2000,-9.938197,-9.963894,-9.953940
2001,-9.935612,-9.961372,-9.956168
2002,-9.933067,-9.956871,-9.955146
2003,-9.933942,-9.950509,-9.952563
2004,-9.930089,-9.945058,-9.951954
2005,-9.929006,-9.942885,-9.952239
2006,-9.930695,-9.944071,-9.958101
2007,-9.930008,-9.946638,-9.959304
2008,-9.931080,-9.949114,-9.956499
2009,-9.929293,-9.941598,-9.956733
2010,-9.930700,-9.937296,-9.955484
2011,-9.934089,-9.938533,-9.950417
2012,-9.929969,-9.939181,-9.949520
2013,-9.929019,-9.937378,-9.949341
2014,-9.934649,-9.942609,-9.952026
2015,-9.937514,-9.946480,-9.956112
2016,-9.936626,-9.953262,-9.957840
2017,-9.935663,-9.950026,-9.951869
2018,-9.937483,-9.941923,-9.949282
2019,-9.938443,-9.940034,-9.950351
2020,-9.932598,-9.940786,-9.949874
2021,-9.929913,-9.941348,-9.949737
2022,-9.928821,-9.940048,-9.945821
2023,-9.926370,-9.939841,-9.947278
2024,-9.923426,-9.939850,-9.950213
2025,-9.918846,-9.942127,-9.949178
2026,-9.918425,-9.939684,-9.951007
2027,-9.920030,-9.935774,-9.950492
2028,-9.925430,-9.941106,-9.951710
2029,-9.930310,-9.940912,-9.950206
2030,-9.931002,-9.938848,-9.951140
2031,-9.928639,-9.940376,-9.948814
2032,-9.925724,-9.942774,-9.948201
2033,-9.925023,-9.940345,-9.945101
2034,-9.921390,-9.936668,-9.942246
2035,-9.919911,-9.936042,-9.948951
2036,-9.917540,-9.936911,-9.949877
2037,-9.916825,-9.941886,-9.953086
2038,-9.919311,-9.947988,-9.952907
2039,-9.913430,-9.944793,-9.951058
2040,-9.914946,-9.943111,-9.949952
2041,-9.920276,-9.941173,-9.945043
2042,-9.926460,-9.936283,-9.942376
2043,-9.932216,-9.946744,-9.938232
2044,-9.935959,-9.948297,-9.936102
2045,-9.934893,-9.947397,-9.938064
2046,-9.931181,-9.945968,-9.939330
2047,-9.927254,-9.945083,-9.941329
2048,-9.922827,-9.948054,-9.950134
2049,-9.923637,-9.945556,-9.951154
2050,-9.920377,-9.940669,-9.954900
2051,-9.914167,-9.938228,-9.952876
2052,-9.914467,-9.941781,-9.945504
2053,-9.913171,-9.938096,-9.940773
2054,-9.912600,-9.940073,-9.940560
2055,-9.917538,-9.943127,-9.937006
2056,-9.918909,-9.939779,-9.937917
2057,-9.921998,-9.938464,-9.938394
2058,-9.927849,-9.935963,-9.943606
2059,-9.926782,-9.933537,-9.941365
2060,-9.927900,-9.933916,-9.940557
2061,-9.928425,-9.936620,-9.943332
2062,-9.925158,-9.937243,-9.945929
2063,-9.921581,-9.936441,-9.946989
2064,-9.921618,-9.935398,-9.945247
2065,-9.925263,-9.941516,-9.947860
2066,-9.927189,-9.942652,-9.951119
2067,-9.925800,-9.943567,-9.953940
2068,-9.928802,-9.943150,-9.958038
2069,-9.927860,-9.939835,-9.961116
2070,-9.929167,-9.937918,-9.957029
2071,-9.922488,-9.937922,-9.954481
2072,-9.918999,-9.938410,-9.954330
2073,-9.916709,-9.941957,-9.954949
2074,-9.917201,-9.946061,-9.953814
2075,-9.915282,-9.944130,-9.952441
2076,-9.913207,-9.939946,-9.954836
2077,-9.914968,-9.940564,-9.952442
2078,-9.914423,-9.939802,-9.949170
2079,-9.910022,-9.939275,-9.953021
2080,-9.909436,-9.944831,-9.951177
2081,-9.912875,-9.944067,-9.949072
2082,-9.915664,-9.945050,-9.944011
2083,-9.919686,-9.943806,-9.942633
2084,-9.923027,-9.944642,-9.944176
2085,-9.925122,-9.938979,-9.946012
2086,-9.926603,-9.934922,-9.948897
2087,-9.925806,-9.932200,-9.946919
2088,-9.919343,-9.930971,-9.950689
2089,-9.918251,-9.926703,-9.947795
2090,-9.916366,-9.923887,-9.937109
2091,-9.910734,-9.924613,-9.930859
2092,-9.912048,-9.922987,-9.926280
2093,-9.914217,-9.922112,-9.929811
2094,-9.915928,-9.919404,-9.933712
2095,-9.914323,-9.917262,-9.933678
2096,-9.913910,-9.919632,-9.935451
2097,-9.918764,-9.921260,-9.940226
2098,-9.919080,-9.918764,-9.943302
2099,-9.914661,-9.915456,-9.946910
2100,-9.912388,-9.916201,-9.945607
2101,-9.911035,-9.915147,-9.947499
2102,-9.911205,-9.912012,-9.941230
2103,-9.911848,-9.911963,-9.939627
2104,-9.911720,-9.914022,-9.937275
2105,-9.909977,-9.914508,-9.943394
2106,-9.908869,-9.910477,-9.945978
2107,-9.915596,-9.917005,-9.945992
2108,-9.915793,-9.926244,-9.945195
2109,-9.913692,-9.925697,-9.941048
2110,-9.912573,-9.927563,-9.939355
2111,-9.918568,-9.928560,-9.938561
2112,-9.922917,-9.932474,-9.937858
2113,-9.924664,-9.931986,-9.934867
2114,-9.929638,-9.931164,-9.930587
2115,-9.932387,-9.932212,-9.931715
2116,-9.930505,-9.933102,-9.933558
2117,-9.927683,-9.932295,-9.935940
2118,-9.929807,-9.927310,-9.940610
2119,-9.923299,-9.922185,-9.940444
2120,-9.924233,-9.924137,-9.934927
2121,-9.925978,-9.928652,-9.926599
2122,-9.922072,-9.930531,-9.928599
2123,-9.919163,-9.932398,-9.931539
2124,-9.913968,-9.930756,-9.936456
2125,-9.913840,-9.929768,-9.933472
2126,-9.912454,-9.924073,-9.931041
2127,-9.914995,-9.923539,-9.929178
2128,-9.916142,-9.919288,-9.929093
2129,-9.920261,-9.919228,-9.930215
2130,-9.921421,-9.915715,-9.929161
2131,-9.919390,-9.916202,-9.931253
2132,-9.926359,-9.913698,-9.926848
2133,-9.929479,-9.917714,-9.926265
2134,-9.932008,-9.919287,-9.922585
2135,-9.924927,-9.922842,-9.916147
2136,-9.922828,-9.929258,-9.915980
2137,-9.921060,-9.929822,-9.914817
2138,-9.923067,-9.926724,-9.915662
2139,-9.925749,-9.926775,-9.921892
2140,-9.922145,-9.921961,-9.928124
2141,-9.917991,-9.923909,-9.930878
2142,-9.914780,-9.923609,-9.929875
2143,-9.911862,-9.924069,-9.926743
2144,-9.913411,-9.922410,-9.927440
2145,-9.913189,-9.920452,-9.929399
2146,-9.915466,-9.919222,-9.932392
2147,-9.915121,-9.923197,-9.934637
2148,-9.919973,-9.930409,-9.931125
2149,-9.926979,-9.933906,-9.921404
2150,-9.927896,-9.936312,-9.920980
2151,-9.927774,-9.932081,-9.917925
2152,-9.925143,-9.928110,-9.917706
2153,-9.921268,-9.924684,-9.922476
2154,-9.915592,-9.926966,-9.922187
2155,-9.912977,-9.923987,-9.923467
2156,-9.913504,-9.927823,-9.924232
2157,-9.912782,-9.930072,-9.927239
2158,-9.911059,-9.930254,-9.921118
2159,-9.911400,-9.929990,-9.915540
2160,-9.915874,-9.925240,-9.912781
2161,-9.920942,-9.923879,-9.914986
2162,-9.919836,-9.927368,-9.914935
2163,-9.917145,-9.930750,-9.911382
2164,-9.911766,-9.932804,-9.911568
2165,-9.907794,-9.925791,-9.912173
2166,-9.910270,-9.924691,-9.915712
2167,-9.919063,-9.923469,-9.913849
2168,-9.916295,-9.919726,-9.910741
2169,-9.918679,-9.918368,-9.912172
2170,-9.920530,-9.920394,-9.910836
2171,-9.917313,-9.918737,-9.908813
2172,-9.909208,-9.920431,-9.909590
2173,-9.903639,-9.920643,-9.910045
2174,-9.904009,-9.919351,-9.909774
2175,-9.898097,-9.914232,-9.913591
2176,-9.898072,-9.909756,-9.909446
2177,-9.898625,-9.912026,-9.913973
2178,-9.901904,-9.917151,-9.916721
2179,-9.905259,-9.925724,-9.919956
2180,-9.905303,-9.929889,-9.923559
2181,-9.908358,-9.928995,-9.919760
2182,-9.916096,-9.931633,-9.921108
2183,-9.919552,-9.934996,-9.921475
2184,-9.918768,-9.934063,-9.919842
2185,-9.917146,-9.931251,-9.918809
2186,-9.917217,-9.929025,-9.917671
2187,-9.919412,-9.923932,-9.920834
2188,-9.917096,-9.916542,-9.922208
2189,-9.909629,-9.912831,-9.919183
2190,-9.907737,-9.912615,-9.912710
2191,-9.905450,-9.909317,-9.912985
2192,-9.907395,-9.910545,-9.916355
2193,-9.910563,-9.914741,-9.916323
2194,-9.915406,-9.916627,-9.913904
2195,-9.916864,-9.916347,-9.915582
2196,-9.910930,-9.914740,-9.916830
2197,-9.904040,-9.914669,-9.917148
2198,-9.900769,-9.917947,-9.918967
2199,-9.904413,-9.915174,-9.919805
2200,-9.909044,-9.915745,-9.915431
2201,-9.911357,-9.920407,-9.913398
2202,-9.913451,-9.916074,-9.910760
2203,-9.912128,-9.910681,-9.915345
2204,-9.906402,-9.909610,-9.915924
2205,-9.904998,-9.910424,-9.921728
2206,-9.909071,-9.911111,-9.925716
2207,-9.915132,-9.907385,-9.922746
2208,-9.912642,-9.902437,-9.915766
2209,-9.902989,-9.905492,-9.914166
2210,-9.900777,-9.911977,-9.911124
2211,-9.898571,-9.911808,-9.907266
2212,-9.899719,-9.910234,-9.905414
2213,-9.903096,-9.915606,-9.901887
2214,-9.906536,-9.919109,-9.908944
2215,-9.905786,-9.917936,-9.913821
2216,-9.908138,-9.917799,-9.913544
2217,-9.908454,-9.912104,-9.917549
2218,-9.903680,-9.911187,-9.917224
2219,-9.905983,-9.909555,-9.919419
2220,-9.910640,-9.910541,-9.915019
2221,-9.910478,-9.907254,-9.907946
2222,-9.906485,-9.904632,-9.903526
2223,-9.906317,-9.915144,-9.906800
2224,-9.903572,-9.915954,-9.905065
2225,-9.901128,-9.921271,-9.903221
2226,-9.900694,-9.920977,-9.903263
2227,-9.903395,-9.919548,-9.907968
2228,-9.908095,-9.919229,-9.911853
2229,-9.914478,-9.914563,-9.911070
2230,-9.915089,-9.912556,-9.906889
2231,-9.917417,-9.914839,-9.906820
2232,-9.914898,-9.916332,-9.905689
2233,-9.913099,-9.910187,-9.902589
2234,-9.912431,-9.907871,-9.903960
2235,-9.911014,-9.904657,-9.912295
2236,-9.912668,-9.905557,-9.914185
2237,-9.913184,-9.910017,-9.910719
2238,-9.908968,-9.911711,-9.906725
2239,-9.911343,-9.911289,-9.906595
2240,-9.905895,-9.906805,-9.906329
2241,-9.902151,-9.900538,-9.902957
2242,-9.901374,-9.897775,-9.905085
2243,-9.898342,-9.897660,-9.909933
2244,-9.896847,-9.893770,-9.910473
2245,-9.893208,-9.892488,-9.908969
2246,-9.894475,-9.894272,-9.913035
2247,-9.892692,-9.896070,-9.908998
2248,-9.890392,-9.897767,-9.902201
2249,-9.894409,-9.902294,-9.902431
2250,-9.893353,-9.903390,-9.900325
2251,-9.889610,-9.904392,-9.900277
2252,-9.892441,-9.909896,-9.897413
2253,-9.893036,-9.916546,-9.900260
2254,-9.895511,-9.920829,-9.900487
2255,-9.892740,-9.920654,-9.900773
2256,-9.894453,-9.913786,-9.900262
2257,-9.891274,-9.909139,-9.900767
2258,-9.889427,-9.909420,-9.903986
2259,-9.890187,-9.915242,-9.902325
2260,-9.891787,-9.913888,-9.900853
2261,-9.889078,-9.913291,-9.901074
2262,-9.887104,-9.912942,-9.909106
2263,-9.884563,-9.918687,-9.908443
2264,-9.889296,-9.917019,-9.900103
2265,-9.894793,-9.912864,-9.898379
2266,-9.897948,-9.909345,-9.900960
2267,-9.903055,-9.909978,-9.902920
2268,-9.905507,-9.904591,-9.905297
2269,-9.903974,-9.897788,-9.911722
2270,-9.903646,-9.892594,-9.916688
2271,-9.899622,-9.894206,-9.917390
2272,-9.901355,-9.896366,-9.913016
2273,-9.903640,-9.898841,-9.904168
2274,-9.906935,-9.903837,-9.904581
2275,-9.906360,-9.903632,-9.906132
2276,-9.906559,-9.900389,-9.900278
2277,-9.907936,-9.904730,-9.893412
2278,-9.912586,-9.911859,-9.889335
2279,-9.917245,-9.913719,-9.886689
2280,-9.911974,-9.913994,-9.886410
2281,-9.916119,-9.912722,-9.890403
2282,-9.917109,-9.913126,-9.897511
2283,-9.915996,-9.914012,-9.898261
2284,-9.917311,-9.916428,-9.893876
2285,-9.917079,-9.913557,-9.891785
2286,-9.914074,-9.908139,-9.887730
2287,-9.913773,-9.902597,-9.887956
2288,-9.907781,-9.907483,-9.890624
2289,-9.897377,-9.911048,-9.892526
2290,-9.888916,-9.908238,-9.891235
2291,-9.891325,-9.907295,-9.891598
2292,-9.887590,-9.912172,-9.892459
2293,-9.887002,-9.909902,-9.891736
2294,-9.894691,-9.911731,-9.894883
2295,-9.896770,-9.917302,-9.892791
2296,-9.897435,-9.914395,-9.893914
2297,-9.904334,-9.915176,-9.896923
2298,-9.903437,-9.904542,-9.898088
2299,-9.903725,-9.895705,-9.894731
2300,-9.905979,-9.899235,-9.898507
2301,-9.908990,-9.903720,-9.900777
2302,-9.906830,-9.905944,-9.899682
2303,-9.903489,-9.906483,-9.899488
2304,-9.904145,-9.902709,-9.899339
2305,-9.904595,-9.906194,-9.907194
2306,-9.905869,-9.913134,-9.902663
2307,-9.905553,-9.920805,-9.900850
2308,-9.906927,-9.921707,-9.900246
2309,-9.910248,-9.916357,-9.898487
2310,-9.913113,-9.916013,-9.900171
2311,-9.909982,-9.917569,-9.897205
2312,-9.913975,-9.917184,-9.893894
2313,-9.915647,-9.920339,-9.891678
2314,-9.913374,-9.911559,-9.888306
2315,-9.914256,-9.907030,-9.887407
2316,-9.914515,-9.904172,-9.892814
2317,-9.911439,-9.903188,-9.898372
2318,-9.916672,-9.901564,-9.900674
2319,-9.921196,-9.898282,-9.902258
2320,-9.920923,-9.899830,-9.894859
2321,-9.918682,-9.897299,-9.889690
2322,-9.918273,-9.900597,-9.890294
2323,-9.912149,-9.904687,-9.890819
2324,-9.904122,-9.900901,-9.887966
2325,-9.896985,-9.900587,-9.884544
2326,-9.897847,-9.899229,-9.883808
2327,-9.896766,-9.909675,-9.880680
2328,-9.896572,-9.917304,-9.883638
2329,-9.892808,-9.916161,-9.885055
2330,-9.892473,-9.917599,-9.881386
2331,-9.891473,-9.921248,-9.877773
2332,-9.897127,-9.923463,-9.878571
2333,-9.899083,-9.922227,-9.884992
2334,-9.897903,-9.918717,-9.887805
2335,-9.898462,-9.920747,-9.888268
2336,-9.902989,-9.919540,-9.888145
2337,-9.903829,-9.919698,-9.883557
2338,-9.898605,-9.916108,-9.882976
2339,-9.894513,-9.917431,-9.885291
2340,-9.891304,-9.909597,-9.881483
2341,-9.891215,-9.908832,-9.881267
2342,-9.888738,-9.912772,-9.881276
2343,-9.891315,-9.909281,-9.877219
2344,-9.886546,-9.905949,-9.878800
2345,-9.888118,-9.907083,-9.878389
2346,-9.891702,-9.904822,-9.877244
2347,-9.893199,-9.899395,-9.877300
2348,-9.901106,-9.902375,-9.875744
2349,-9.901497,-9.914160,-9.876028
2350,-9.904701,-9.911354,-9.878553
2351,-9.901658,-9.911495,-9.876962
2352,-9.898102,-9.912234,-9.882884
2353,-9.894921,-9.909015,-9.885150
2354,-9.894492,-9.909163,-9.883763
2355,-9.895137,-9.910458,-9.885929
2356,-9.899329,-9.915687,-9.888003
2357,-9.902021,-9.915201,-9.887117
2358,-9.903256,-9.910057,-9.893018
2359,-9.901261,-9.910252,-9.890452
2360,-9.900899,-9.910817,-9.886626
2361,-9.900165,-9.909798,-9.882101
2362,-9.901081,-9.908169,-9.882319
2363,-9.899533,-9.901218,-9.883446
2364,-9.898092,-9.903292,-9.883070
2365,-9.895081,-9.901889,-9.879694
2366,-9.901812,-9.902834,-9.883807
2367,-9.911695,-9.900957,-9.894229
2368,-9.910586,-9.896994,-9.896270
2369,-9.911194,-9.895238,-9.898661
2370,-9.913538,-9.893550,-9.901821
2371,-9.909364,-9.898198,-9.901180
2372,-9.904946,-9.895051,-9.901138
2373,-9.904248,-9.894176,-9.899656
2374,-9.901552,-9.891832,-9.896010
2375,-9.902013,-9.894942,-9.896659
2376,-9.900774,-9.897166,-9.893582
2377,-9.902112,-9.894666,-9.898158
2378,-9.901374,-9.893627,-9.895192
2379,-9.901437,-9.898545,-9.896489
2380,-9.899675,-9.900715,-9.896097
2381,-9.897443,-9.902520,-9.895833
2382,-9.893841,-9.906261,-9.890053
2383,-9.895081,-9.907787,-9.884897
2384,-9.893485,-9.909407,-9.882938
2385,-9.896390,-9.903538,-9.880456
2386,-9.902088,-9.899855,-9.879753
2387,-9.902589,-9.895660,-9.890302
2388,-9.898821,-9.897758,-9.893286
2389,-9.891497,-9.901988,-9.894566
2390,-9.890406,-9.900093,-9.895113
2391,-9.891976,-9.904521,-9.895773
2392,-9.898143,-9.905733,-9.893848
2393,-9.904705,-9.902414,-9.882948
2394,-9.907046,-9.897694,-9.882121
2395,-9.902964,-9.897662,-9.882004
2396,-9.901762,-9.901678,-9.883002
2397,-9.900693,-9.900382,-9.882464
2398,-9.897350,-9.900535,-9.876608
2399,-9.896123,-9.898788,-9.876804
2400,-9.893340,-9.898999,-9.876958
2401,-9.892008,-9.900400,-9.880831
2402,-9.891319,-9.901388,-9.882279
2403,-9.890300,-9.901541,-9.883510
2404,-9.888370,-9.900399,-9.882550
2405,-9.889840,-9.900605,-9.880093
2406,-9.888932,-9.905189,-9.878583
2407,-9.885346,-9.907277,-9.879436
2408,-9.888529,-9.907417,-9.881668
2409,-9.891058,-9.907740,-9.879667
2410,-9.886593,-9.907873,-9.875004
2411,-9.881636,-9.908147,-9.873035
2412,-9.883616,-9.906253,-9.875695
2413,-9.885561,-9.905835,-9.880239
2414,-9.885114,-9.907187,-9.881654
2415,-9.888466,-9.911605,-9.878309
2416,-9.886791,-9.911164,-9.878049
2417,-9.881025,-9.912635,-9.880101
2418,-9.882560,-9.910895,-9.883183
2419,-9.887881,-9.914376,-9.887122
2420,-9.888700,-9.915932,-9.883610
2421,-9.888722,-9.911578,-9.882802
2422,-9.887893,-9.905001,-9.883511
2423,-9.884574,-9.902964,-9.887105
2424,-9.885354,-9.904584,-9.883358
2425,-9.882707,-9.900915,-9.876882
2426,-9.875434,-9.903862,-9.879927
2427,-9.876885,-9.899840,-9.881819
2428,-9.876535,-9.900667,-9.880884
2429,-9.870745,-9.904481,-9.885768
2430,-9.868923,-9.907250,-9.888669
2431,-9.874225,-9.904187,-9.893686
2432,-9.873429,-9.899835,-9.894711
2433,-9.873882,-9.901932,-9.898033
2434,-9.878541,-9.904335,-9.890220
2435,-9.880523,-9.905240,-9.888629
2436,-9.879567,-9.905895,-9.887866
2437,-9.879451,-9.901416,-9.889287
2438,-9.881581,-9.900240,-9.890050
2439,-9.877762,-9.898591,-9.893290
2440,-9.880945,-9.896427,-9.888143
2441,-9.881143,-9.897921,-9.885684
2442,-9.879190,-9.902323,-9.878102
2443,-9.881007,-9.905862,-9.874244
2444,-9.881962,-9.906060,-9.876551
2445,-9.884832,-9.909897,-9.880475
2446,-9.887510,-9.919937,-9.878182
2447,-9.887006,-9.920302,-9.876867
2448,-9.884649,-9.917497,-9.876652
2449,-9.887658,-9.913003,-9.881669
2450,-9.888833,-9.908687,-9.880008
2451,-9.892212,-9.912624,-9.878744
2452,-9.893938,-9.912581,-9.876044
2453,-9.892573,-9.916936,-9.878844
2454,-9.894014,-9.919298,-9.876543
2455,-9.896380,-9.920634,-9.878705
2456,-9.896874,-9.918823,-9.877705
2457,-9.901944,-9.922849,-9.878570
2458,-9.901006,-9.920917,-9.880138
2459,-9.903494,-9.917231,-9.880576
2460,-9.909268,-9.910509,-9.876190
2461,-9.905908,-9.916886,-9.873867
2462,-9.899597,-9.915780,-9.869502
2463,-9.900000,-9.914879,-9.865041
2464,-9.899769,-9.913262,-9.867566
2465,-9.901890,-9.911881,-9.865189
2466,-9.897716,-9.914665,-9.871779
2467,-9.898811,-9.917554,-9.873593
2468,-9.901120,-9.921270,-9.871877
2469,-9.907486,-9.929705,-9.879585
2470,-9.901769,-9.932605,-9.881587
2471,-9.902006,-9.931519,-9.884048
2472,-9.897977,-9.925454,-9.888271
2473,-9.893127,-9.932066,-9.889520
2474,-9.885937,-9.935490,-9.887211
2475,-9.882739,-9.929002,-9.889579
2476,-9.881643,-9.927557,-9.888416
2477,-9.886960,-9.918179,-9.887165
2478,-9.886986,-9.911752,-9.877352
2479,-9.881944,-9.910461,-9.871937
2480,-9.882182,-9.916957,-9.869064
2481,-9.878893,-9.919857,-9.872719
2482,-9.873036,-9.919595,-9.869190
2483,-9.873256,-9.916157,-9.873923
2484,-9.876223,-9.912526,-9.878182
2485,-9.877890,-9.911611,-9.881859
2486,-9.878647,-9.909580,-9.887216
2487,-9.877377,-9.911757,-9.886669
2488,-9.873361,-9.908876,-9.887776
2489,-9.879200,-9.905702,-9.880517
2490,-9.880590,-9.909224,-9.878490
2491,-9.885982,-9.912352,-9.881251
2492,-9.886812,-9.918178,-9.880287
2493,-9.889600,-9.915848,-9.881629
2494,-9.888309,-9.915362,-9.883134
2495,-9.885567,-9.915640,-9.879056
2496,-9.887351,-9.912214,-9.870531
2497,-9.887292,-9.905063,-9.864613
2498,-9.881949,-9.896961,-9.860414
2499,-9.878279,-9.893600,-9.865366
2500,-9.886133,-9.895575,-9.869913
