Epoch,beta_max/4,beta_max,4beta_max
1,-18.363537,-19.480246,-113.842172
2,-18.263262,-19.210472,-110.050270
3,-18.132547,-18.970055,-106.519486
4,-17.972876,-18.753741,-103.236439
5,-17.789597,-18.562457,-99.976470
6,-17.601713,-18.388540,-96.970605
7,-17.437220,-18.230587,-94.106627
8,-17.317108,-18.083373,-91.336776
9,-17.236707,-17.954391,-88.771434
10,-17.184448,-17.838021,-86.250944
11,-17.142715,-17.732690,-83.899551
12,-17.106148,-17.635148,-81.538360
13,-17.072729,-17.549668,-79.235994
14,-17.037426,-17.474291,-77.147157
15,-17.007259,-17.404706,-75.121214
16,-16.977029,-17.339391,-73.153433
17,-16.949168,-17.281405,-71.284661
18,-16.924349,-17.229681,-69.567499
19,-16.900043,-17.179960,-67.906400
20,-16.877853,-17.135200,-66.225954
21,-16.857007,-17.090220,-64.614543
22,-16.836636,-17.049932,-63.064013
23,-16.817376,-17.012806,-61.587922
24,-16.798581,-16.977923,-60.198327
25,-16.781106,-16.943236,-58.891186
26,-16.764845,-16.910885,-57.608549
27,-16.746917,-16.878756,-56.340028
28,-16.729585,-16.847967,-55.079990
29,-16.715119,-16.820835,-53.897905
30,-16.701456,-16.794554,-52.747692
31,-16.686931,-16.769196,-51.646742
32,-16.674310,-16.745820,-50.564226
33,-16.660929,-16.723587,-49.537284
34,-16.647306,-16.698638,-48.529136
35,-16.633593,-16.676440,-47.530867
36,-16.620222,-16.655400,-46.603833
37,-16.607457,-16.633710,-45.648363
38,-16.595109,-16.613225,-44.763848
39,-16.583472,-16.593783,-43.922098
40,-16.568788,-16.575651,-43.096163
41,-16.554413,-16.558316,-42.262426
42,-16.541267,-16.540344,-41.434671
43,-16.528850,-16.523426,-40.666320
44,-16.515850,-16.506512,-39.939600
45,-16.503010,-16.490696,-39.203038
46,-16.493317,-16.473715,-38.461833
47,-16.480273,-16.457153,-37.770311
48,-16.467718,-16.439627,-37.122091
49,-16.455031,-16.424087,-36.479501
50,-16.443962,-16.408853,-35.873560
51,-16.433097,-16.395068,-35.274035
52,-16.420768,-16.383349,-34.679223
53,-16.405442,-16.368671,-34.113254
54,-16.394178,-16.355448,-33.560139
55,-16.381347,-16.341121,-33.016391
56,-16.367906,-16.327069,-32.499581
57,-16.354113,-16.311959,-32.021006
58,-16.341403,-16.297638,-31.555645
59,-16.329850,-16.283527,-31.110797
60,-16.319797,-16.270486,-30.676470
61,-16.310052,-16.258571,-30.249131
62,-16.301031,-16.246109,-29.835418
63,-16.289800,-16.232982,-29.420991
64,-16.279093,-16.220127,-29.014378
65,-16.266886,-16.207453,-28.629373
66,-16.254832,-16.195312,-28.261008
67,-16.244038,-16.182651,-27.876802
68,-16.229340,-16.171881,-27.511246
69,-16.216135,-16.158904,-27.170169
70,-16.203069,-16.145712,-26.853083
71,-16.192966,-16.133243,-26.549398
72,-16.183572,-16.122022,-26.238672
73,-16.172291,-16.110820,-25.933703
74,-16.161417,-16.100991,-25.635891
75,-16.149651,-16.091657,-25.352425
76,-16.137247,-16.080887,-25.062367
77,-16.126403,-16.069435,-24.789626
78,-16.114952,-16.056280,-24.525687
79,-16.103535,-16.044809,-24.277317
80,-16.092352,-16.033112,-24.040201
81,-16.083917,-16.023313,-23.801618
82,-16.074011,-16.011138,-23.561810
83,-16.060849,-16.000120,-23.328263
84,-16.048183,-15.989399,-23.104298
85,-16.035008,-15.979298,-22.885932
86,-16.024437,-15.968558,-22.673334
87,-16.017218,-15.957939,-22.477755
88,-16.008331,-15.946755,-22.291294
89,-15.998230,-15.934957,-22.108023
90,-15.988225,-15.924288,-21.923586
91,-15.976565,-15.914524,-21.739309
92,-15.964346,-15.905752,-21.568776
93,-15.952767,-15.898536,-21.403476
94,-15.942562,-15.888810,-21.247801
95,-15.931587,-15.879199,-21.097933
96,-15.920877,-15.869814,-20.946994
97,-15.910763,-15.859572,-20.805419
98,-15.899795,-15.850842,-20.661013
99,-15.887287,-15.841374,-20.528091
100,-15.879142,-15.831697,-20.398091
101,-15.869861,-15.821487,-20.263069
102,-15.858524,-15.811537,-20.138306
103,-15.848567,-15.801726,-20.010491
104,-15.841928,-15.793314,-19.885669
105,-15.829948,-15.784835,-19.762756
106,-15.821096,-15.776877,-19.647827
107,-15.811908,-15.767210,-19.531436
108,-15.801914,-15.757559,-19.421640
109,-15.790598,-15.747320,-19.310908
110,-15.778331,-15.738149,-19.210534
111,-15.767771,-15.726904,-19.112478
112,-15.758367,-15.716066,-19.012807
113,-15.749239,-15.707714,-18.918065
114,-15.738906,-15.698910,-18.827185
115,-15.729700,-15.689848,-18.741344
116,-15.722190,-15.681913,-18.656114
117,-15.713468,-15.674283,-18.570562
118,-15.705049,-15.666074,-18.482667
119,-15.697546,-15.657759,-18.404820
120,-15.690133,-15.650095,-18.329877
121,-15.682080,-15.640842,-18.254034
122,-15.674888,-15.630560,-18.182807
123,-15.664654,-15.622407,-18.112825
124,-15.655523,-15.615753,-18.046278
125,-15.645372,-15.610182,-17.981767
126,-15.636919,-15.604459,-17.915852
127,-15.625829,-15.598340,-17.853512
128,-15.614908,-15.589845,-17.791202
129,-15.606120,-15.578087,-17.731462
130,-15.598085,-15.568224,-17.675986
131,-15.587729,-15.558068,-17.620464
132,-15.579652,-15.550565,-17.565763
133,-15.570707,-15.544263,-17.508479
134,-15.564348,-15.535159,-17.451679
135,-15.557055,-15.524821,-17.399540
136,-15.551310,-15.515853,-17.344948
137,-15.544757,-15.507770,-17.291176
138,-15.533728,-15.497201,-17.240778
139,-15.523338,-15.487722,-17.193364
140,-15.515289,-15.478758,-17.150919
141,-15.508733,-15.472150,-17.108420
142,-15.499686,-15.466162,-17.066232
143,-15.491453,-15.459653,-17.021287
144,-15.479813,-15.452516,-16.978607
145,-15.469766,-15.445374,-16.939474
146,-15.461255,-15.436805,-16.900427
147,-15.455708,-15.430256,-16.861436
148,-15.449912,-15.423415,-16.822820
149,-15.442844,-15.416238,-16.785397
150,-15.434410,-15.410859,-16.748712
151,-15.424575,-15.403619,-16.711469
152,-15.416881,-15.396112,-16.677504
153,-15.408785,-15.389593,-16.643626
154,-15.400566,-15.381160,-16.612360
155,-15.392867,-15.371458,-16.583133
156,-15.383930,-15.362048,-16.553820
157,-15.376091,-15.355096,-16.523806
158,-15.368566,-15.348613,-16.492644
159,-15.361485,-15.338241,-16.464156
160,-15.355050,-15.329396,-16.434867
161,-15.348079,-15.322832,-16.407030
162,-15.340730,-15.318226,-16.378611
163,-15.333544,-15.310034,-16.354380
164,-15.330573,-15.300642,-16.325753
165,-15.325147,-15.292613,-16.297548
166,-15.316191,-15.283449,-16.267113
167,-15.307171,-15.276132,-16.237398
168,-15.300732,-15.271400,-16.212060
169,-15.294636,-15.266956,-16.187860
170,-15.290124,-15.257739,-16.164323
171,-15.285576,-15.247851,-16.141461
172,-15.279716,-15.239251,-16.116306
173,-15.271524,-15.233043,-16.090125
174,-15.261193,-15.225955,-16.066513
175,-15.252764,-15.219360,-16.044420
176,-15.246554,-15.213292,-16.023117
177,-15.239712,-15.208617,-16.001764
178,-15.232910,-15.203582,-15.980093
179,-15.226747,-15.198307,-15.958852
180,-15.221583,-15.194395,-15.937540
181,-15.216801,-15.187977,-15.918593
182,-15.210887,-15.180271,-15.900376
183,-15.205504,-15.176598,-15.883268
184,-15.199085,-15.170321,-15.864451
185,-15.195214,-15.161471,-15.848834
186,-15.186898,-15.153834,-15.830940
187,-15.176925,-15.149631,-15.814616
188,-15.170555,-15.146306,-15.797054
189,-15.164384,-15.140015,-15.779162
190,-15.159094,-15.137225,-15.762664
191,-15.153870,-15.134184,-15.747707
192,-15.146428,-15.131188,-15.730140
193,-15.138036,-15.123902,-15.715060
194,-15.134099,-15.117363,-15.701949
195,-15.130666,-15.110590,-15.687268
196,-15.125515,-15.104077,-15.671236
197,-15.119988,-15.096364,-15.657771
198,-15.113155,-15.088488,-15.643070
199,-15.107149,-15.083088,-15.628156
200,-15.102880,-15.076660,-15.615882
201,-15.098643,-15.071060,-15.603690
202,-15.092569,-15.065088,-15.590974
203,-15.088062,-15.060746,-15.576795
204,-15.081692,-15.054782,-15.565353
205,-15.073503,-15.049946,-15.553702
206,-15.068092,-15.046099,-15.542441
207,-15.062692,-15.040184,-15.528867
208,-15.055860,-15.034995,-15.517141
209,-15.051359,-15.030556,-15.507717
210,-15.044433,-15.025206,-15.496897
211,-15.038605,-15.016147,-15.485490
212,-15.033139,-15.007404,-15.474220
213,-15.025337,-15.000515,-15.464161
214,-15.018968,-14.996200,-15.454712
215,-15.015491,-14.991487,-15.445532
216,-15.010402,-14.983842,-15.432973
217,-15.005272,-14.976276,-15.422631
218,-14.999892,-14.970276,-15.413743
219,-14.994096,-14.964724,-15.404367
220,-14.989228,-14.960633,-15.394353
221,-14.985008,-14.957918,-15.383829
222,-14.979835,-14.954899,-15.372863
223,-14.977164,-14.949332,-15.364175
224,-14.974145,-14.941406,-15.355418
225,-14.971609,-14.934705,-15.346530
226,-14.966254,-14.928425,-15.337974
227,-14.960725,-14.923001,-15.328563
228,-14.953237,-14.916872,-15.318118
229,-14.946384,-14.907290,-15.308833
230,-14.941594,-14.901615,-15.300212
231,-14.936351,-14.894857,-15.291276
232,-14.932955,-14.890290,-15.282293
233,-14.925782,-14.885190,-15.272542
234,-14.919645,-14.881847,-15.261903
235,-14.916767,-14.876850,-15.252552
236,-14.912496,-14.873078,-15.243219
237,-14.905650,-14.869524,-15.234468
238,-14.898786,-14.867571,-15.225142
239,-14.891369,-14.867337,-15.218426
240,-14.884634,-14.865640,-15.212140
241,-14.880959,-14.864551,-15.205785
242,-14.878808,-14.862802,-15.199653
243,-14.876600,-14.855712,-15.191428
244,-14.870471,-14.851152,-15.181020
245,-14.863464,-14.845186,-15.173137
246,-14.853132,-14.839758,-15.166190
247,-14.844178,-14.834434,-15.160438
248,-14.835145,-14.828317,-15.154723
249,-14.828799,-14.824655,-15.146464
250,-14.824262,-14.821691,-15.136366
251,-14.821389,-14.816689,-15.129502
252,-14.817555,-14.812399,-15.122913
253,-14.813440,-14.805867,-15.114559
254,-14.811472,-14.801740,-15.105960
255,-14.808538,-14.796704,-15.098921
256,-14.801558,-14.794540,-15.094524
257,-14.797984,-14.794807,-15.089589
258,-14.793229,-14.790867,-15.083897
259,-14.787970,-14.786574,-15.074224
260,-14.781696,-14.778731,-15.066503
261,-14.776963,-14.771315,-15.057036
262,-14.772398,-14.765805,-15.048455
263,-14.768944,-14.760773,-15.042156
264,-14.766401,-14.755200,-15.035470
265,-14.763871,-14.750826,-15.030200
266,-14.759537,-14.747133,-15.022478
267,-14.754606,-14.742703,-15.014933
268,-14.748569,-14.736793,-15.006005
269,-14.743790,-14.733283,-14.998269
270,-14.738245,-14.729015,-14.991491
271,-14.732810,-14.724624,-14.983579
272,-14.726126,-14.721278,-14.977425
273,-14.720678,-14.718830,-14.970045
274,-14.715958,-14.716093,-14.964783
275,-14.711284,-14.715817,-14.959668
276,-14.706172,-14.714963,-14.955530
277,-14.700814,-14.713078,-14.951320
278,-14.696567,-14.709541,-14.946219
279,-14.692567,-14.702116,-14.940419
280,-14.689332,-14.698273,-14.935034
281,-14.685886,-14.693565,-14.930093
282,-14.683924,-14.692297,-14.926927
283,-14.681639,-14.688710,-14.923076
284,-14.679118,-14.685572,-14.918658
285,-14.676461,-14.679376,-14.911994
286,-14.673460,-14.674605,-14.905410
287,-14.669360,-14.668575,-14.900182
288,-14.667746,-14.662666,-14.895071
289,-14.668009,-14.661028,-14.889170
290,-14.664792,-14.658696,-14.883063
291,-14.661268,-14.656165,-14.878632
292,-14.658609,-14.650777,-14.875265
293,-14.655531,-14.646056,-14.871923
294,-14.654695,-14.643477,-14.868163
295,-14.650918,-14.639600,-14.864100
296,-14.647706,-14.636138,-14.857575
297,-14.642608,-14.635024,-14.851749
298,-14.637653,-14.630195,-14.848024
299,-14.636049,-14.625875,-14.846620
300,-14.636427,-14.622496,-14.839058
301,-14.631037,-14.618970,-14.831796
302,-14.620617,-14.614809,-14.823296
303,-14.614828,-14.611520,-14.819586
304,-14.612902,-14.607329,-14.815826
305,-14.608222,-14.605328,-14.812664
306,-14.603173,-14.599276,-14.809729
307,-14.598688,-14.594491,-14.803976
308,-14.592320,-14.589781,-14.799675
309,-14.587499,-14.586497,-14.794449
310,-14.581496,-14.578824,-14.788657
311,-14.578015,-14.572400,-14.784158
312,-14.572489,-14.568534,-14.781701
313,-14.567720,-14.567818,-14.779526
314,-14.562737,-14.571191,-14.773386
315,-14.561425,-14.569536,-14.768008
316,-14.559965,-14.568401,-14.761812
317,-14.555757,-14.564865,-14.758425
318,-14.550038,-14.562309,-14.752831
319,-14.546988,-14.556560,-14.750483
320,-14.545959,-14.551515,-14.745970
321,-14.542831,-14.549578,-14.742418
322,-14.542219,-14.545169,-14.737889
323,-14.543231,-14.536868,-14.733668
324,-14.542610,-14.533823,-14.728922
325,-14.541460,-14.532978,-14.725645
326,-14.539851,-14.528438,-14.722775
327,-14.538640,-14.525493,-14.721474
328,-14.537142,-14.520913,-14.719353
329,-14.531582,-14.516681,-14.717858
330,-14.525102,-14.515993,-14.715671
331,-14.516876,-14.515079,-14.709404
332,-14.511827,-14.512192,-14.705697
333,-14.507826,-14.508550,-14.700099
334,-14.504744,-14.504356,-14.694835
335,-14.501722,-14.500003,-14.689855
336,-14.498994,-14.493344,-14.684503
337,-14.496926,-14.489283,-14.679283
338,-14.494935,-14.487129,-14.672199
339,-14.492893,-14.482963,-14.669447
340,-14.489879,-14.484160,-14.665456
341,-14.489760,-14.480594,-14.661008
342,-14.487259,-14.479526,-14.657075
343,-14.484770,-14.476451,-14.654849
344,-14.480848,-14.472629,-14.651265
345,-14.477901,-14.469392,-14.645768
346,-14.472449,-14.465930,-14.641919
347,-14.468573,-14.460994,-14.637779
348,-14.466864,-14.457874,-14.634303
349,-14.463960,-14.453602,-14.628256
350,-14.465464,-14.450858,-14.622024
351,-14.465159,-14.448950,-14.616658
352,-14.462821,-14.445037,-14.612624
353,-14.457209,-14.446787,-14.607292
354,-14.451675,-14.448866,-14.602874
355,-14.445973,-14.444278,-14.599890
356,-14.441768,-14.438614,-14.598568
357,-14.440738,-14.435643,-14.596933
358,-14.439034,-14.436062,-14.592283
359,-14.438994,-14.437271,-14.590109
360,-14.434510,-14.433797,-14.585535
361,-14.432699,-14.430218,-14.583341
362,-14.428563,-14.431334,-14.579904
363,-14.427190,-14.429638,-14.574656
364,-14.424836,-14.424256,-14.569700
365,-14.421410,-14.419093,-14.564782
366,-14.414959,-14.416548,-14.560695
367,-14.412251,-14.410444,-14.555728
368,-14.416877,-14.408609,-14.552910
369,-14.419384,-14.408395,-14.551575
370,-14.419301,-14.408801,-14.553172
371,-14.417293,-14.407657,-14.551596
372,-14.418696,-14.404113,-14.547674
373,-14.415779,-14.401843,-14.545076
374,-14.410903,-14.400323,-14.542075
375,-14.402918,-14.400263,-14.540136
376,-14.398825,-14.398005,-14.537715
377,-14.397919,-14.394769,-14.533914
378,-14.397245,-14.387334,-14.530561
379,-14.400331,-14.382385,-14.530329
380,-14.396157,-14.374727,-14.529352
381,-14.391166,-14.373219,-14.524633
382,-14.384234,-14.371940,-14.518987
383,-14.378169,-14.374529,-14.514800
384,-14.373979,-14.373934,-14.510729
385,-14.372047,-14.369342,-14.507256
386,-14.371735,-14.364936,-14.502763
387,-14.376552,-14.364168,-14.498795
388,-14.376289,-14.361710,-14.494611
389,-14.376443,-14.356704,-14.490052
390,-14.373857,-14.356878,-14.483777
391,-14.371345,-14.357376,-14.480998
392,-14.371795,-14.358730,-14.478281
393,-14.370761,-14.360582,-14.476547
394,-14.364186,-14.360260,-14.474821
395,-14.361140,-14.355573,-14.473256
396,-14.358654,-14.351968,-14.473377
397,-14.357293,-14.350694,-14.471508
398,-14.357591,-14.349275,-14.471000
399,-14.355985,-14.344372,-14.467618
400,-14.349572,-14.339544,-14.463504
401,-14.342350,-14.331531,-14.458936
402,-14.336921,-14.326659,-14.459653
403,-14.332474,-14.327300,-14.456817
404,-14.327443,-14.326104,-14.455174
405,-14.321691,-14.323207,-14.456891
406,-14.318503,-14.323158,-14.451126
407,-14.316405,-14.322292,-14.445358
408,-14.312681,-14.321120,-14.444387
409,-14.305724,-14.321167,-14.444926
410,-14.299313,-14.317225,-14.442592
411,-14.295171,-14.314934,-14.442297
412,-14.291472,-14.311880,-14.438848
413,-14.290918,-14.311018,-14.433648
414,-14.291292,-14.309681,-14.431192
415,-14.290796,-14.306538,-14.426187
416,-14.291808,-14.302244,-14.417188
417,-14.294231,-14.301390,-14.413930
418,-14.296980,-14.300750,-14.408686
419,-14.299687,-14.298232,-14.405430
420,-14.299244,-14.293494,-14.402933
421,-14.301668,-14.290392,-14.399703
422,-14.301674,-14.289155,-14.395753
423,-14.301873,-14.287483,-14.394956
424,-14.293840,-14.283336,-14.391087
425,-14.289425,-14.280920,-14.386449
426,-14.284396,-14.279358,-14.381540
427,-14.283074,-14.274689,-14.376274
428,-14.284694,-14.268528,-14.373476
429,-14.287076,-14.264805,-14.371748
430,-14.283005,-14.260886,-14.373768
431,-14.276852,-14.258391,-14.374584
432,-14.271708,-14.254288,-14.371294
433,-14.266204,-14.252641,-14.366026
434,-14.265540,-14.248369,-14.363980
435,-14.264972,-14.245078,-14.363669
436,-14.264200,-14.241330,-14.363152
437,-14.263080,-14.240806,-14.359408
438,-14.262667,-14.238755,-14.355617
439,-14.261296,-14.237287,-14.353547
440,-14.260852,-14.236037,-14.350751
441,-14.256732,-14.233951,-14.349509
442,-14.249309,-14.230482,-14.351501
443,-14.247282,-14.228101,-14.355094
444,-14.242654,-14.225225,-14.356103
445,-14.240737,-14.223359,-14.353909
446,-14.238841,-14.220580,-14.351933
447,-14.234796,-14.219254,-14.348340
448,-14.234734,-14.219193,-14.345324
449,-14.235536,-14.219020,-14.339557
450,-14.235021,-14.219867,-14.334206
451,-14.236328,-14.217063,-14.329038
452,-14.236865,-14.213839,-14.328506
453,-14.236096,-14.216550,-14.325797
454,-14.236572,-14.216924,-14.323502
455,-14.230068,-14.214829,-14.321615
456,-14.226115,-14.210785,-14.321944
457,-14.223981,-14.213356,-14.323113
458,-14.224949,-14.210768,-14.324720
459,-14.219644,-14.209196,-14.324566
460,-14.214958,-14.205305,-14.321251
461,-14.213245,-14.197472,-14.315886
462,-14.210744,-14.193915,-14.314643
463,-14.213899,-14.191238,-14.314225
464,-14.214683,-14.191085,-14.313091
465,-14.208718,-14.190705,-14.310974
466,-14.202896,-14.193619,-14.308840
467,-14.201632,-14.192644,-14.303822
468,-14.200378,-14.188282,-14.299770
469,-14.196223,-14.186686,-14.294466
470,-14.196226,-14.186795,-14.293560
471,-14.194896,-14.183617,-14.292569
472,-14.192971,-14.182687,-14.294039
473,-14.189691,-14.182658,-14.289070
474,-14.182611,-14.182161,-14.284772
475,-14.181287,-14.179193,-14.279598
476,-14.181984,-14.180482,-14.280106
477,-14.184760,-14.182351,-14.279069
478,-14.186792,-14.184384,-14.276106
479,-14.187987,-14.185324,-14.274472
480,-14.185262,-14.185200,-14.277750
481,-14.183512,-14.180941,-14.276118
482,-14.180448,-14.176909,-14.273515
483,-14.179531,-14.175045,-14.267976
484,-14.180719,-14.169159,-14.261951
485,-14.183366,-14.165036,-14.257647
486,-14.185648,-14.161478,-14.253438
487,-14.180034,-14.160240,-14.251478
488,-14.178755,-14.160280,-14.246449
489,-14.174139,-14.160334,-14.239927
490,-14.173204,-14.158671,-14.241355
491,-14.171224,-14.156754,-14.243865
492,-14.166691,-14.154206,-14.244492
493,-14.163498,-14.154588,-14.242960
494,-14.164735,-14.156289,-14.240714
495,-14.165412,-14.151482,-14.238200
496,-14.163796,-14.146740,-14.237633
497,-14.166188,-14.145415,-14.238856
498,-14.166061,-14.146353,-14.234187
499,-14.160942,-14.148989,-14.230695
500,-14.153244,-14.148723,-14.226644
501,-14.150285,-14.148063,-14.224375
502,-14.147432,-14.145541,-14.225522
503,-14.145505,-14.139007,-14.221627
504,-14.146136,-14.133054,-14.219925
505,-14.146553,-14.130003,-14.224172
506,-14.140599,-14.130269,-14.225404
507,-14.137519,-14.127320,-14.225499
508,-14.133737,-14.124488,-14.221917
509,-14.128731,-14.123151,-14.220178
510,-14.126078,-14.122376,-14.222692
511,-14.123251,-14.120920,-14.219209
512,-14.124710,-14.118737,-14.218312
513,-14.126155,-14.116458,-14.212818
514,-14.129965,-14.116865,-14.207324
515,-14.132594,-14.120609,-14.205614
516,-14.133843,-14.120453,-14.201304
517,-14.133867,-14.115256,-14.199061
518,-14.131448,-14.112057,-14.199166
519,-14.127596,-14.105970,-14.201802
520,-14.126741,-14.104601,-14.202714
521,-14.122895,-14.105325,-14.201064
522,-14.124306,-14.103399,-14.198202
523,-14.126558,-14.099626,-14.196040
524,-14.123549,-14.098697,-14.196090
525,-14.124610,-14.099461,-14.196787
526,-14.121219,-14.096359,-14.197993
527,-14.111294,-14.096113,-14.196119
528,-14.104378,-14.094770,-14.199900
529,-14.101858,-14.095124,-14.199094
530,-14.103583,-14.096517,-14.188216
531,-14.105811,-14.100867,-14.181918
532,-14.103662,-14.103044,-14.177330
533,-14.101728,-14.102125,-14.175068
534,-14.103180,-14.100441,-14.175056
535,-14.099331,-14.093174,-14.170005
536,-14.096758,-14.090738,-14.169598
537,-14.095509,-14.092681,-14.169757
538,-14.092253,-14.091745,-14.171729
539,-14.089850,-14.090860,-14.170654
540,-14.085680,-14.093204,-14.168062
541,-14.082311,-14.091290,-14.167302
542,-14.080342,-14.088568,-14.165329
543,-14.078378,-14.083523,-14.168665
544,-14.076726,-14.082520,-14.166905
545,-14.078599,-14.082398,-14.163025
546,-14.078261,-14.086463,-14.159009
547,-14.075990,-14.088827,-14.160400
548,-14.072527,-14.090751,-14.162996
549,-14.067048,-14.090029,-14.166207
550,-14.067087,-14.086716,-14.163813
551,-14.067479,-14.081310,-14.159427
552,-14.064688,-14.079310,-14.156148
553,-14.063756,-14.075573,-14.150260
554,-14.064099,-14.073202,-14.146976
555,-14.067195,-14.073987,-14.147108
556,-14.069838,-14.074156,-14.147625
557,-14.070184,-14.073531,-14.146579
558,-14.066867,-14.070773,-14.141922
559,-14.064434,-14.067249,-14.139544
560,-14.063251,-14.066416,-14.144396
561,-14.061040,-14.065288,-14.143206
562,-14.060609,-14.065474,-14.145649
563,-14.057502,-14.063733,-14.147417
564,-14.051854,-14.063688,-14.146548
565,-14.050168,-14.058778,-14.140662
566,-14.046419,-14.055930,-14.133506
567,-14.045631,-14.054998,-14.124780
568,-14.040358,-14.054421,-14.121136
569,-14.039251,-14.052020,-14.120793
570,-14.038143,-14.049805,-14.122267
571,-14.037040,-14.047967,-14.126756
572,-14.036854,-14.043198,-14.125585
573,-14.032439,-14.037414,-14.127545
574,-14.028235,-14.032180,-14.125038
575,-14.025610,-14.032286,-14.117903
576,-14.026203,-14.034596,-14.118303
577,-14.025527,-14.034415,-14.118822
578,-14.026522,-14.031586,-14.122371
579,-14.025192,-14.032071,-14.120068
580,-14.019840,-14.029145,-14.115401
581,-14.015361,-14.027288,-14.113338
582,-14.016844,-14.029236,-14.116230
583,-14.014642,-14.023100,-14.112893
584,-14.012045,-14.018767,-14.110523
585,-14.011110,-14.016835,-14.108463
586,-14.015404,-14.018421,-14.106224
587,-14.014460,-14.017460,-14.106571
588,-14.014057,-14.018459,-14.102236
589,-14.014918,-14.021152,-14.103268
590,-14.017723,-14.023688,-14.099755
591,-14.015838,-14.028494,-14.094835
592,-14.018457,-14.022736,-14.094824
593,-14.015827,-14.019763,-14.097971
594,-14.011137,-14.015711,-14.105288
595,-14.006793,-14.014393,-14.106873
596,-14.002080,-14.016080,-14.111099
597,-13.999285,-14.012340,-14.108996
598,-13.995376,-14.010387,-14.102190
599,-13.992238,-14.009980,-14.095039
600,-13.991205,-14.010230,-14.091294
601,-13.994478,-14.010682,-14.089818
602,-13.991770,-14.004587,-14.090177
603,-13.988725,-14.002011,-14.090940
604,-13.985731,-13.998150,-14.083709
605,-13.984666,-13.994585,-14.080192
606,-13.984594,-13.995726,-14.077946
607,-13.986992,-13.994965,-14.077547
608,-13.991718,-13.993233,-14.075728
609,-13.991179,-13.989690,-14.071236
610,-13.989061,-13.987877,-14.064712
611,-13.988911,-13.990724,-14.061014
612,-13.988108,-13.992847,-14.057030
613,-13.983594,-13.989412,-14.054437
614,-13.978676,-13.987106,-14.052965
615,-13.976349,-13.987836,-14.057703
616,-13.974381,-13.984619,-14.061145
617,-13.975006,-13.985223,-14.063943
618,-13.974110,-13.986499,-14.057835
619,-13.973733,-13.985450,-14.056152
620,-13.970692,-13.984227,-14.055232
621,-13.968404,-13.980088,-14.056497
622,-13.968029,-13.976983,-14.053588
623,-13.966258,-13.977200,-14.052821
624,-13.968814,-13.975242,-14.051706
625,-13.971270,-13.974434,-14.049259
626,-13.968952,-13.969369,-14.045202
627,-13.968878,-13.971428,-14.042306
628,-13.971780,-13.969729,-14.042207
629,-13.971737,-13.965242,-14.038100
630,-13.966782,-13.959447,-14.035077
631,-13.964152,-13.952469,-14.030968
632,-13.963994,-13.954101,-14.029300
633,-13.962218,-13.956973,-14.027903
634,-13.960670,-13.956151,-14.023868
635,-13.959699,-13.953418,-14.023757
636,-13.956501,-13.951015,-14.023602
637,-13.952966,-13.949355,-14.023122
638,-13.951648,-13.951055,-14.023214
639,-13.952691,-13.952524,-14.025296
640,-13.953243,-13.951866,-14.026041
641,-13.952564,-13.948705,-14.029252
642,-13.951257,-13.946712,-14.024357
643,-13.947004,-13.943171,-14.019659
644,-13.944122,-13.940083,-14.013025
645,-13.946827,-13.939919,-14.012100
646,-13.952942,-13.940206,-14.005702
647,-13.955308,-13.940839,-14.008138
648,-13.957432,-13.939545,-14.003421
649,-13.954432,-13.940082,-14.002572
650,-13.953503,-13.936271,-14.008035
651,-13.948919,-13.934914,-14.006561
652,-13.945709,-13.931475,-14.005963
653,-13.944107,-13.931323,-14.004809
654,-13.946289,-13.933095,-14.005621
655,-13.949388,-13.931973,-14.008387
656,-13.947923,-13.928850,-14.008848
657,-13.945747,-13.926243,-14.001784
658,-13.945614,-13.925687,-14.001465
659,-13.941231,-13.925452,-13.997855
660,-13.937846,-13.925523,-13.997900
661,-13.936374,-13.923756,-13.992454
662,-13.933955,-13.923936,-13.989514
663,-13.933323,-13.924412,-13.991170
664,-13.932977,-13.925978,-13.990756
665,-13.930782,-13.924963,-13.989683
666,-13.928261,-13.916596,-13.990383
667,-13.929215,-13.907200,-13.990891
668,-13.928572,-13.902990,-13.988614
669,-13.929668,-13.898011,-13.986176
670,-13.929411,-13.898150,-13.982517
671,-13.926795,-13.899905,-13.983064
672,-13.919873,-13.896659,-13.985863
673,-13.917867,-13.893770,-13.983119
674,-13.913103,-13.896381,-13.983717
675,-13.910715,-13.900123,-13.980713
676,-13.913436,-13.901285,-13.980065
677,-13.910303,-13.898740,-13.982329
678,-13.905003,-13.896916,-13.980586
679,-13.906365,-13.894937,-13.983027
680,-13.907140,-13.895046,-13.983362
681,-13.903747,-13.896146,-13.987590
682,-13.901537,-13.895677,-13.986700
683,-13.901701,-13.892795,-13.983650
684,-13.903637,-13.889397,-13.981371
685,-13.900954,-13.885489,-13.979370
686,-13.900641,-13.883712,-13.974725
687,-13.902134,-13.881866,-13.976498
688,-13.902628,-13.881285,-13.978469
689,-13.904139,-13.876872,-13.978760
690,-13.903450,-13.875834,-13.973990
691,-13.901256,-13.878670,-13.968109
692,-13.898172,-13.880431,-13.966920
693,-13.894443,-13.878986,-13.961203
694,-13.893611,-13.877019,-13.958836
695,-13.893973,-13.876642,-13.956091
696,-13.893680,-13.875958,-13.949648
697,-13.889977,-13.870721,-13.946881
698,-13.889311,-13.866596,-13.947622
699,-13.890164,-13.860579,-13.945695
700,-13.887976,-13.858390,-13.947852
701,-13.886214,-13.859027,-13.945282
702,-13.885013,-13.855383,-13.944577
703,-13.882464,-13.854724,-13.945249
704,-13.882893,-13.856968,-13.944833
705,-13.886423,-13.857395,-13.942397
706,-13.889510,-13.858437,-13.938743
707,-13.888454,-13.860255,-13.938539
708,-13.886600,-13.868769,-13.942953
709,-13.884522,-13.874365,-13.945324
710,-13.881982,-13.880371,-13.942216
711,-13.882385,-13.883892,-13.934709
712,-13.882497,-13.880990,-13.929363
713,-13.880207,-13.878339,-13.932472
714,-13.879330,-13.870868,-13.935805
715,-13.877938,-13.872083,-13.936987
716,-13.873888,-13.874353,-13.939644
717,-13.872194,-13.876077,-13.942637
718,-13.872466,-13.873144,-13.948573
719,-13.871552,-13.873942,-13.942814
720,-13.870069,-13.878558,-13.932909
721,-13.874489,-13.877786,-13.926044
722,-13.878213,-13.878503,-13.925600
723,-13.876346,-13.875599,-13.924864
724,-13.881081,-13.875259,-13.926563
725,-13.882463,-13.876068,-13.932103
726,-13.882077,-13.875523,-13.926515
727,-13.876170,-13.871795,-13.920195
728,-13.870387,-13.868629,-13.914039
729,-13.866674,-13.867826,-13.911088
730,-13.867699,-13.868333,-13.912335
731,-13.867934,-13.867597,-13.914244
732,-13.866491,-13.869688,-13.913934
733,-13.865401,-13.868118,-13.908183
734,-13.861468,-13.873015,-13.908476
735,-13.861682,-13.870876,-13.907239
736,-13.861499,-13.871324,-13.908972
737,-13.856419,-13.865272,-13.903396
738,-13.851972,-13.860276,-13.900707
739,-13.856359,-13.860463,-13.897435
740,-13.857129,-13.862268,-13.899534
741,-13.856807,-13.869955,-13.896906
742,-13.853224,-13.866907,-13.898219
743,-13.850275,-13.867709,-13.893939
744,-13.845283,-13.866042,-13.892024
745,-13.841406,-13.863693,-13.894315
746,-13.841162,-13.865808,-13.893926
747,-13.844794,-13.867130,-13.894811
748,-13.841760,-13.871685,-13.891686
749,-13.835857,-13.867849,-13.885777
750,-13.833830,-13.864429,-13.880293
751,-13.833975,-13.864297,-13.877179
752,-13.833442,-13.866314,-13.875921
753,-13.833129,-13.864504,-13.875951
754,-13.833225,-13.856131,-13.875525
755,-13.832065,-13.851310,-13.872591
756,-13.831663,-13.848040,-13.868961
757,-13.829891,-13.842632,-13.867078
758,-13.825393,-13.842403,-13.864664
759,-13.825872,-13.839832,-13.867076
760,-13.824206,-13.837215,-13.867703
761,-13.824208,-13.837258,-13.870863
762,-13.823649,-13.837656,-13.874641
763,-13.823465,-13.836384,-13.875793
764,-13.821866,-13.834033,-13.872916
765,-13.821575,-13.828386,-13.872188
766,-13.822411,-13.823381,-13.873689
767,-13.823628,-13.822137,-13.870338
768,-13.823057,-13.819992,-13.863354
769,-13.822048,-13.816917,-13.859589
770,-13.821886,-13.811311,-13.858281
771,-13.820361,-13.809096,-13.858869
772,-13.819158,-13.807408,-13.857830
773,-13.815671,-13.809214,-13.858348
774,-13.815317,-13.811907,-13.860591
775,-13.817083,-13.815280,-13.865809
776,-13.816609,-13.813382,-13.868521
777,-13.815672,-13.810793,-13.871431
778,-13.816849,-13.805439,-13.872637
779,-13.815988,-13.803862,-13.871218
780,-13.813997,-13.803062,-13.871339
781,-13.813135,-13.805730,-13.874580
782,-13.811299,-13.808073,-13.878111
783,-13.809371,-13.810361,-13.876087
784,-13.809865,-13.811475,-13.873922
785,-13.808150,-13.809243,-13.871867
786,-13.803353,-13.805125,-13.868891
787,-13.804826,-13.801083,-13.868436
788,-13.804278,-13.795871,-13.863999
789,-13.801776,-13.790806,-13.860811
790,-13.800653,-13.789789,-13.856655
791,-13.798344,-13.790946,-13.856018
792,-13.799044,-13.795900,-13.855063
793,-13.797348,-13.798390,-13.852831
794,-13.795847,-13.802987,-13.850239
795,-13.795015,-13.803110,-13.846645
796,-13.791698,-13.799944,-13.842265
797,-13.791077,-13.797482,-13.839962
798,-13.791724,-13.795929,-13.837617
799,-13.794183,-13.794552,-13.831873
800,-13.797380,-13.792134,-13.829049
801,-13.799370,-13.793064,-13.831321
802,-13.799792,-13.786486,-13.836942
803,-13.798503,-13.781140,-13.840239
804,-13.794582,-13.779377,-13.847077
805,-13.793994,-13.778174,-13.853471
806,-13.794622,-13.774597,-13.856757
807,-13.790898,-13.773214,-13.856604
808,-13.789560,-13.771939,-13.850100
809,-13.785504,-13.770423,-13.850260
810,-13.784169,-13.771317,-13.849660
811,-13.785331,-13.771186,-13.845407
812,-13.781075,-13.772962,-13.841696
813,-13.778566,-13.770074,-13.839136
814,-13.778510,-13.767128,-13.838529
815,-13.780658,-13.771763,-13.843173
816,-13.779398,-13.776215,-13.843298
817,-13.780297,-13.779061,-13.840055
818,-13.781064,-13.779859,-13.836643
819,-13.784922,-13.779005,-13.833630
820,-13.786733,-13.773255,-13.834112
821,-13.782923,-13.772946,-13.830761
822,-13.780545,-13.772176,-13.826284
823,-13.779227,-13.769924,-13.822338
824,-13.778823,-13.771369,-13.822273
825,-13.778028,-13.769017,-13.824468
826,-13.776642,-13.762473,-13.821501
827,-13.773199,-13.762626,-13.822204
828,-13.772973,-13.757339,-13.822280
829,-13.778045,-13.756863,-13.824968
830,-13.776379,-13.756679,-13.821383
831,-13.773741,-13.756737,-13.816851
832,-13.776342,-13.755370,-13.813454
833,-13.778337,-13.756171,-13.813953
834,-13.781721,-13.754671,-13.816613
835,-13.782637,-13.750173,-13.820108
836,-13.784425,-13.745663,-13.819346
837,-13.783312,-13.747052,-13.815027
838,-13.781045,-13.749755,-13.811078
839,-13.781407,-13.753706,-13.807729
840,-13.781299,-13.752371,-13.807142
841,-13.783365,-13.749334,-13.808868
842,-13.779886,-13.751151,-13.804745
843,-13.777114,-13.754454,-13.799583
844,-13.775670,-13.756548,-13.797391
845,-13.775021,-13.752642,-13.802118
846,-13.775295,-13.750842,-13.805002
847,-13.770589,-13.748502,-13.799032
848,-13.769802,-13.750583,-13.794854
849,-13.768313,-13.752222,-13.794442
850,-13.768327,-13.753165,-13.794781
851,-13.769895,-13.756167,-13.790783
852,-13.769931,-13.754991,-13.787194
853,-13.768802,-13.752306,-13.786939
854,-13.765121,-13.751402,-13.786260
855,-13.765446,-13.750209,-13.785233
856,-13.767702,-13.751858,-13.789508
857,-13.765062,-13.753235,-13.797042
858,-13.764737,-13.750842,-13.798906
859,-13.769842,-13.749253,-13.802172
860,-13.773172,-13.743380,-13.802732
861,-13.770103,-13.741083,-13.805483
862,-13.768537,-13.738716,-13.803887
863,-13.765486,-13.737407,-13.802405
864,-13.761799,-13.733710,-13.804504
865,-13.762419,-13.730487,-13.805348
866,-13.762412,-13.730801,-13.804202
867,-13.760496,-13.733320,-13.806125
868,-13.761937,-13.735394,-13.807021
869,-13.761667,-13.736145,-13.798732
870,-13.759360,-13.733935,-13.796864
871,-13.757278,-13.729927,-13.793900
872,-13.758358,-13.730973,-13.795959
873,-13.757817,-13.734073,-13.800253
874,-13.755180,-13.734498,-13.802143
875,-13.752252,-13.728217,-13.798294
876,-13.752019,-13.727916,-13.797390
877,-13.754494,-13.728058,-13.795165
878,-13.754950,-13.725838,-13.794334
879,-13.750225,-13.726419,-13.794347
880,-13.747473,-13.724563,-13.791825
881,-13.748607,-13.726062,-13.795195
882,-13.746986,-13.727255,-13.796777
883,-13.743047,-13.723980,-13.794532
884,-13.737973,-13.724313,-13.796709
885,-13.737624,-13.724061,-13.791471
886,-13.738369,-13.727164,-13.785778
887,-13.737290,-13.726425,-13.785743
888,-13.738250,-13.726691,-13.787260
889,-13.738412,-13.729364,-13.783852
890,-13.736172,-13.726965,-13.781029
891,-13.736327,-13.725684,-13.776880
892,-13.735647,-13.722621,-13.775804
893,-13.735831,-13.720997,-13.775628
894,-13.736102,-13.719044,-13.780452
895,-13.734687,-13.718365,-13.775946
896,-13.734519,-13.721143,-13.771340
897,-13.733761,-13.721392,-13.771272
898,-13.733653,-13.721242,-13.775682
899,-13.731617,-13.724603,-13.777266
900,-13.728012,-13.721933,-13.775414
901,-13.728590,-13.717336,-13.771480
902,-13.726989,-13.715549,-13.769692
903,-13.723202,-13.716536,-13.769105
904,-13.723156,-13.719452,-13.769561
905,-13.725102,-13.725588,-13.771340
906,-13.727235,-13.726734,-13.768669
907,-13.730087,-13.722793,-13.769064
908,-13.728678,-13.717893,-13.763106
909,-13.724192,-13.716283,-13.755217
910,-13.725869,-13.712871,-13.750303
911,-13.725751,-13.708790,-13.746096
912,-13.723758,-13.708921,-13.745034
913,-13.724931,-13.709313,-13.749549
914,-13.725202,-13.708631,-13.752495
915,-13.724600,-13.707571,-13.750792
916,-13.728132,-13.708246,-13.747783
917,-13.729046,-13.711452,-13.745760
918,-13.729216,-13.717458,-13.743962
919,-13.725277,-13.716425,-13.741719
920,-13.725258,-13.713089,-13.747262
921,-13.725322,-13.712407,-13.747722
922,-13.721161,-13.714108,-13.741650
923,-13.719730,-13.713219,-13.736309
924,-13.720785,-13.712270,-13.732545
925,-13.721913,-13.711451,-13.730701
926,-13.720694,-13.710599,-13.732819
927,-13.719239,-13.708794,-13.733871
928,-13.718096,-13.702334,-13.735479
929,-13.716404,-13.698629,-13.736686
930,-13.713166,-13.699281,-13.739680
931,-13.711332,-13.696953,-13.742080
932,-13.710842,-13.694753,-13.740215
933,-13.709616,-13.695840,-13.738719
934,-13.710990,-13.698617,-13.738909
935,-13.712858,-13.698467,-13.743148
936,-13.713370,-13.695674,-13.740135
937,-13.715474,-13.697162,-13.733806
938,-13.715952,-13.696435,-13.731056
939,-13.711849,-13.692430,-13.728746
940,-13.710066,-13.688995,-13.726418
941,-13.706999,-13.686989,-13.727967
942,-13.703902,-13.685296,-13.726552
943,-13.703149,-13.685960,-13.723594
944,-13.701542,-13.684639,-13.725067
945,-13.698286,-13.683718,-13.724090
946,-13.695257,-13.682207,-13.727365
947,-13.691654,-13.680498,-13.730477
948,-13.689898,-13.677181,-13.731264
949,-13.687622,-13.678136,-13.734666
950,-13.685123,-13.683131,-13.731298
951,-13.683848,-13.685159,-13.727202
952,-13.684208,-13.683828,-13.719913
953,-13.685763,-13.684877,-13.719782
954,-13.687854,-13.681805,-13.720313
955,-13.690961,-13.681270,-13.721933
956,-13.693081,-13.682886,-13.720713
957,-13.693456,-13.682391,-13.721438
958,-13.693027,-13.677248,-13.721614
959,-13.690105,-13.676692,-13.718417
960,-13.691893,-13.677375,-13.712569
961,-13.691439,-13.674149,-13.707657
962,-13.691833,-13.673207,-13.705843
963,-13.688562,-13.674497,-13.706432
964,-13.687450,-13.672941,-13.706692
965,-13.682533,-13.669187,-13.708387
966,-13.678390,-13.667328,-13.712658
967,-13.675727,-13.670480,-13.714494
968,-13.673946,-13.670276,-13.710427
969,-13.674404,-13.668898,-13.705994
970,-13.674482,-13.668062,-13.704236
971,-13.676765,-13.668317,-13.705957
972,-13.678087,-13.667206,-13.703682
973,-13.678253,-13.668876,-13.700493
974,-13.677367,-13.668927,-13.699968
975,-13.676179,-13.671796,-13.699234
976,-13.675106,-13.672887,-13.705767
977,-13.672165,-13.671797,-13.710362
978,-13.669874,-13.669709,-13.708278
979,-13.669587,-13.663855,-13.712515
980,-13.670477,-13.663011,-13.712863
981,-13.671719,-13.664784,-13.706898
982,-13.672866,-13.669348,-13.706529
983,-13.671894,-13.669181,-13.708268
984,-13.671869,-13.662699,-13.713635
985,-13.672648,-13.658658,-13.715313
986,-13.672093,-13.659100,-13.712564
987,-13.671059,-13.657678,-13.711164
988,-13.671487,-13.658893,-13.714232
989,-13.670961,-13.659985,-13.719217
990,-13.669693,-13.658498,-13.716848
991,-13.665921,-13.656791,-13.717350
992,-13.662188,-13.657195,-13.716885
993,-13.660597,-13.658768,-13.711919
994,-13.658925,-13.655878,-13.710601
995,-13.655436,-13.649618,-13.711018
996,-13.653373,-13.649833,-13.712022
997,-13.653520,-13.649623,-13.711496
998,-13.654695,-13.645311,-13.705291
999,-13.654557,-13.642132,-13.698878
1000,-13.655719,-13.639612,-13.697940
