Epoch,beta_max/4,beta_max,4beta_max
1,-14.131359,-15.098565,-84.258483
2,-14.046355,-14.851151,-80.881016
3,-13.928365,-14.640411,-77.688504
4,-13.780663,-14.457729,-74.731838
5,-13.622361,-14.296110,-71.963466
6,-13.489240,-14.156229,-69.325009
7,-13.402298,-14.032242,-66.851352
8,-13.357119,-13.922714,-64.542499
9,-13.332617,-13.824732,-62.385438
10,-13.315695,-13.739314,-60.313156
11,-13.301066,-13.664394,-58.338629
12,-13.288328,-13.598823,-56.469455
13,-13.276281,-13.541167,-54.719632
14,-13.264163,-13.490714,-53.032945
15,-13.252419,-13.446141,-51.397409
16,-13.241242,-13.406305,-49.858679
17,-13.230682,-13.370549,-48.378771
18,-13.219970,-13.338543,-46.979985
19,-13.209044,-13.309016,-45.650899
20,-13.197958,-13.282017,-44.378662
21,-13.187570,-13.257629,-43.163086
22,-13.177247,-13.234839,-41.999782
23,-13.167116,-13.213585,-40.894769
24,-13.157436,-13.193570,-39.821497
25,-13.147470,-13.174540,-38.798930
26,-13.137400,-13.156709,-37.807451
27,-13.127803,-13.139722,-36.864976
28,-13.118350,-13.123550,-35.963969
29,-13.108302,-13.108162,-35.086356
30,-13.098516,-13.093022,-34.245756
31,-13.088839,-13.078918,-33.450805
32,-13.079815,-13.065244,-32.692994
33,-13.070697,-13.052121,-31.948521
34,-13.061304,-13.039585,-31.235188
35,-13.052494,-13.027837,-30.559155
36,-13.043563,-13.016282,-29.909376
37,-13.034779,-13.004693,-29.276685
38,-13.026420,-12.993629,-28.671136
39,-13.017639,-12.982917,-28.083116
40,-13.008804,-12.972341,-27.524316
41,-13.000166,-12.962413,-26.985603
42,-12.991142,-12.952414,-26.460848
43,-12.983042,-12.942535,-25.961061
44,-12.975361,-12.933109,-25.481614
45,-12.967175,-12.924216,-25.008926
46,-12.959175,-12.915229,-24.544997
47,-12.951526,-12.906392,-24.110609
48,-12.944011,-12.897681,-23.695860
49,-12.936017,-12.888872,-23.293155
50,-12.928263,-12.880302,-22.902756
51,-12.920723,-12.871892,-22.528116
52,-12.912905,-12.863655,-22.167834
53,-12.905575,-12.855572,-21.824045
54,-12.898613,-12.847373,-21.496125
55,-12.890661,-12.839555,-21.172661
56,-12.883311,-12.831898,-20.864894
57,-12.875712,-12.824277,-20.565472
58,-12.868264,-12.816647,-20.277628
59,-12.861288,-12.809313,-20.003651
60,-12.854287,-12.802045,-19.737267
61,-12.847364,-12.795237,-19.479163
62,-12.840620,-12.788544,-19.231988
63,-12.833711,-12.781454,-18.990730
64,-12.826887,-12.774721,-18.760189
65,-12.820212,-12.768121,-18.534533
66,-12.813601,-12.761624,-18.319533
67,-12.807511,-12.755067,-18.114774
68,-12.800612,-12.748648,-17.917622
69,-12.793320,-12.742168,-17.727707
70,-12.787081,-12.735447,-17.545020
71,-12.780889,-12.728859,-17.367395
72,-12.774902,-12.722542,-17.199337
73,-12.768664,-12.716528,-17.037268
74,-12.761867,-12.710218,-16.878327
75,-12.755030,-12.704121,-16.723581
76,-12.749231,-12.697765,-16.574442
77,-12.744216,-12.691813,-16.432124
78,-12.737560,-12.686044,-16.297079
79,-12.730998,-12.680251,-16.166605
80,-12.724989,-12.674677,-16.041405
81,-12.719058,-12.669007,-15.919269
82,-12.712900,-12.663634,-15.800017
83,-12.706897,-12.658029,-15.685780
84,-12.701414,-12.652640,-15.575231
85,-12.695491,-12.646636,-15.469930
86,-12.689872,-12.641572,-15.369019
87,-12.684698,-12.636337,-15.272948
88,-12.679403,-12.630640,-15.179037
89,-12.673823,-12.625842,-15.091401
90,-12.668671,-12.620386,-15.005487
91,-12.663705,-12.614830,-14.920193
92,-12.657672,-12.609714,-14.836240
93,-12.651933,-12.604721,-14.755637
94,-12.646741,-12.600061,-14.678609
95,-12.641417,-12.595408,-14.604025
96,-12.636465,-12.590388,-14.534376
97,-12.631502,-12.585251,-14.466302
98,-12.626500,-12.580984,-14.400135
99,-12.621612,-12.576002,-14.336787
100,-12.616476,-12.571276,-14.274831
101,-12.611282,-12.567095,-14.215816
102,-12.606813,-12.563320,-14.158164
103,-12.602127,-12.558703,-14.102645
104,-12.596976,-12.553636,-14.049557
105,-12.592188,-12.548680,-13.996978
106,-12.587976,-12.543897,-13.946301
107,-12.583646,-12.539534,-13.897386
108,-12.578855,-12.535542,-13.850128
109,-12.574740,-12.530743,-13.803558
110,-12.569724,-12.526199,-13.759717
111,-12.565507,-12.522384,-13.717766
112,-12.560859,-12.517942,-13.677462
113,-12.556403,-12.513634,-13.637600
114,-12.552138,-12.509444,-13.598528
115,-12.548429,-12.504956,-13.561270
116,-12.544164,-12.500650,-13.525791
117,-12.539502,-12.496582,-13.492021
118,-12.534187,-12.492710,-13.458372
119,-12.529779,-12.488617,-13.425930
120,-12.525631,-12.485328,-13.395308
121,-12.520957,-12.481530,-13.365095
122,-12.517377,-12.477769,-13.336009
123,-12.513240,-12.474643,-13.307579
124,-12.509546,-12.469878,-13.279878
125,-12.506288,-12.465997,-13.253476
126,-12.502246,-12.462908,-13.227244
127,-12.498972,-12.459392,-13.201428
128,-12.494771,-12.456075,-13.176903
129,-12.491135,-12.452192,-13.153046
130,-12.487006,-12.448370,-13.130271
131,-12.483748,-12.444567,-13.108340
132,-12.480089,-12.440801,-13.087864
133,-12.476166,-12.437512,-13.067973
134,-12.472708,-12.435095,-13.048027
135,-12.469677,-12.432467,-13.028792
136,-12.466106,-12.429146,-13.009878
137,-12.463139,-12.426407,-12.991081
138,-12.459880,-12.422516,-12.972499
139,-12.456876,-12.418384,-12.955121
140,-12.454104,-12.414872,-12.938524
141,-12.450499,-12.411170,-12.922364
142,-12.446812,-12.407903,-12.906268
143,-12.443370,-12.404983,-12.890069
144,-12.438890,-12.401592,-12.874383
145,-12.435337,-12.397965,-12.859714
146,-12.432774,-12.396062,-12.845723
147,-12.430192,-12.392926,-12.832087
148,-12.426792,-12.389841,-12.818903
149,-12.424300,-12.387134,-12.806136
150,-12.421505,-12.384441,-12.793778
151,-12.418615,-12.381637,-12.781322
152,-12.415604,-12.378284,-12.769639
153,-12.411806,-12.375042,-12.757726
154,-12.409128,-12.372024,-12.746094
155,-12.405389,-12.368671,-12.735513
156,-12.402084,-12.365441,-12.725278
157,-12.398817,-12.362376,-12.715089
158,-12.396091,-12.359116,-12.704102
159,-12.393530,-12.355635,-12.693979
160,-12.390672,-12.352057,-12.684279
161,-12.388201,-12.349793,-12.674548
162,-12.386536,-12.347961,-12.665369
163,-12.384427,-12.345557,-12.656194
164,-12.381502,-12.342779,-12.647672
165,-12.378499,-12.339191,-12.639251
166,-12.375809,-12.335961,-12.631063
167,-12.373042,-12.333643,-12.623113
168,-12.369979,-12.332469,-12.615325
169,-12.366907,-12.330228,-12.607599
170,-12.364618,-12.327281,-12.599837
171,-12.362415,-12.323185,-12.592392
172,-12.360330,-12.319887,-12.585321
173,-12.358119,-12.316697,-12.578337
174,-12.356099,-12.313965,-12.571442
175,-12.354184,-12.311930,-12.564645
176,-12.351189,-12.310051,-12.558061
177,-12.348541,-12.307588,-12.551602
178,-12.345037,-12.304390,-12.545236
179,-12.342628,-12.302305,-12.538949
180,-12.340652,-12.299481,-12.532693
181,-12.338869,-12.296743,-12.526931
182,-12.337257,-12.293633,-12.520808
183,-12.334557,-12.290103,-12.514935
184,-12.331682,-12.288369,-12.508762
185,-12.329193,-12.286153,-12.503231
186,-12.327191,-12.282848,-12.497908
187,-12.324548,-12.281070,-12.492642
188,-12.322295,-12.278576,-12.487138
189,-12.319422,-12.274988,-12.481828
190,-12.317230,-12.273212,-12.477201
191,-12.314945,-12.271834,-12.472282
192,-12.312412,-12.269033,-12.467071
193,-12.309037,-12.265119,-12.462323
194,-12.306720,-12.262361,-12.457350
195,-12.304843,-12.259502,-12.452722
196,-12.302673,-12.257062,-12.448329
197,-12.300572,-12.255907,-12.443994
198,-12.298842,-12.253454,-12.439809
199,-12.295333,-12.249260,-12.435660
200,-12.292672,-12.245473,-12.431184
201,-12.291128,-12.243307,-12.427034
202,-12.289033,-12.241031,-12.423704
203,-12.287957,-12.238452,-12.419802
204,-12.287505,-12.236889,-12.415611
205,-12.284904,-12.235117,-12.411109
206,-12.281721,-12.232770,-12.407120
207,-12.278813,-12.229399,-12.403341
208,-12.277534,-12.227122,-12.399973
209,-12.275234,-12.223611,-12.396368
210,-12.271938,-12.221794,-12.392279
211,-12.269439,-12.219184,-12.387963
212,-12.268806,-12.216439,-12.383971
213,-12.267292,-12.213283,-12.380477
214,-12.264465,-12.210230,-12.377112
215,-12.262964,-12.207466,-12.373508
216,-12.261593,-12.204673,-12.369922
217,-12.259763,-12.201477,-12.366533
218,-12.258102,-12.200227,-12.363181
219,-12.255846,-12.198780,-12.359846
220,-12.254652,-12.196362,-12.356549
221,-12.253106,-12.193378,-12.353808
222,-12.250453,-12.191200,-12.350777
223,-12.248281,-12.189637,-12.348421
224,-12.247214,-12.186348,-12.345049
225,-12.245536,-12.182238,-12.341617
226,-12.243652,-12.180254,-12.338508
227,-12.241505,-12.178576,-12.335878
228,-12.238902,-12.175646,-12.333079
229,-12.234684,-12.172235,-12.330081
230,-12.232080,-12.170638,-12.327209
231,-12.230870,-12.166998,-12.324044
232,-12.230709,-12.165967,-12.320862
233,-12.229845,-12.164015,-12.317856
234,-12.226617,-12.161515,-12.314756
235,-12.225859,-12.157131,-12.311916
236,-12.224714,-12.153459,-12.308937
237,-12.222972,-12.152262,-12.306616
238,-12.221031,-12.151024,-12.303966
239,-12.217785,-12.149211,-12.301079
240,-12.214850,-12.146350,-12.298591
241,-12.213285,-12.143463,-12.296077
242,-12.211186,-12.140550,-12.294063
243,-12.210408,-12.137090,-12.291788
244,-12.208023,-12.134691,-12.289450
245,-12.205627,-12.131718,-12.287373
246,-12.204056,-12.128879,-12.284115
247,-12.201628,-12.127286,-12.281634
248,-12.199122,-12.124631,-12.279588
249,-12.196595,-12.120681,-12.276763
250,-12.194468,-12.118488,-12.273923
251,-12.191293,-12.115742,-12.271449
252,-12.189398,-12.113090,-12.268990
253,-12.187004,-12.111453,-12.265917
254,-12.185111,-12.108828,-12.262716
255,-12.183788,-12.104284,-12.259734
256,-12.183123,-12.101275,-12.256062
257,-12.181613,-12.098193,-12.253927
258,-12.180724,-12.095866,-12.251379
259,-12.179692,-12.094250,-12.248233
260,-12.176709,-12.090283,-12.245627
261,-12.173030,-12.085197,-12.243165
262,-12.170398,-12.082336,-12.241154
263,-12.169494,-12.080111,-12.238372
264,-12.167348,-12.078289,-12.235324
265,-12.163540,-12.075840,-12.232825
266,-12.160584,-12.073396,-12.230217
267,-12.158781,-12.070346,-12.228032
268,-12.155971,-12.067751,-12.226980
269,-12.154841,-12.065773,-12.224422
270,-12.154215,-12.064623,-12.222983
271,-12.151969,-12.063068,-12.221274
272,-12.149611,-12.058595,-12.219676
273,-12.149415,-12.055351,-12.217520
274,-12.145791,-12.052193,-12.215121
275,-12.143357,-12.050353,-12.212756
276,-12.141202,-12.046759,-12.209710
277,-12.139492,-12.043882,-12.207308
278,-12.137053,-12.040974,-12.204270
279,-12.134992,-12.039598,-12.200924
280,-12.133696,-12.036896,-12.198114
281,-12.132341,-12.035211,-12.195982
282,-12.129899,-12.033713,-12.194302
283,-12.126987,-12.030345,-12.192223
284,-12.123046,-12.028058,-12.190095
285,-12.118863,-12.025749,-12.187966
286,-12.116674,-12.022029,-12.186461
287,-12.115658,-12.019371,-12.183644
288,-12.114962,-12.018544,-12.181199
289,-12.112034,-12.015744,-12.178943
290,-12.108892,-12.013676,-12.176945
291,-12.106241,-12.010831,-12.174564
292,-12.104163,-12.009202,-12.171439
293,-12.100907,-12.007520,-12.167630
294,-12.099038,-12.004158,-12.164852
295,-12.096713,-12.001254,-12.163111
296,-12.095886,-11.996567,-12.160902
297,-12.093901,-11.993645,-12.158892
298,-12.091537,-11.990852,-12.157024
299,-12.088684,-11.989572,-12.155559
300,-12.087084,-11.987442,-12.153536
301,-12.085857,-11.985568,-12.150291
302,-12.082709,-11.981883,-12.148555
303,-12.080377,-11.978723,-12.146000
304,-12.076768,-11.975735,-12.143275
305,-12.074404,-11.972810,-12.142296
306,-12.072622,-11.969687,-12.139501
307,-12.070072,-11.967499,-12.136815
308,-12.067012,-11.965153,-12.134085
309,-12.064472,-11.963075,-12.132243
310,-12.062642,-11.960957,-12.129111
311,-12.060661,-11.958446,-12.125856
312,-12.060463,-11.956185,-12.123836
313,-12.059889,-11.954421,-12.121344
314,-12.058932,-11.951137,-12.119611
315,-12.056160,-11.947165,-12.117319
316,-12.052372,-11.944140,-12.115287
317,-12.049380,-11.943002,-12.112808
318,-12.046986,-11.941678,-12.110662
319,-12.043319,-11.940735,-12.107852
320,-12.039666,-11.938417,-12.106025
321,-12.037325,-11.934238,-12.103719
322,-12.034729,-11.930686,-12.100195
323,-12.032962,-11.927865,-12.098118
324,-12.030432,-11.925614,-12.097114
325,-12.028887,-11.924068,-12.095772
326,-12.025837,-11.920910,-12.093249
327,-12.023773,-11.917375,-12.091004
328,-12.021801,-11.914326,-12.088677
329,-12.019151,-11.912233,-12.086189
330,-12.017775,-11.911040,-12.084335
331,-12.015579,-11.908504,-12.081546
332,-12.012232,-11.906357,-12.079141
333,-12.009680,-11.904083,-12.076880
334,-12.007930,-11.902110,-12.074895
335,-12.006195,-11.900901,-12.072953
336,-12.002048,-11.898756,-12.070717
337,-11.998942,-11.895512,-12.068283
338,-11.996034,-11.893483,-12.067099
339,-11.995354,-11.891073,-12.065034
340,-11.995797,-11.888590,-12.062552
341,-11.993388,-11.885429,-12.060075
342,-11.989918,-11.883290,-12.057482
343,-11.986711,-11.881418,-12.055124
344,-11.983216,-11.877915,-12.053340
345,-11.980466,-11.876250,-12.052178
346,-11.977771,-11.874212,-12.049976
347,-11.976655,-11.871700,-12.047036
348,-11.974697,-11.869317,-12.042534
349,-11.972467,-11.866961,-12.040431
350,-11.970537,-11.864709,-12.038508
351,-11.968452,-11.863805,-12.036502
352,-11.966235,-11.862387,-12.035621
353,-11.963649,-11.859543,-12.033942
354,-11.962148,-11.857003,-12.031174
355,-11.959301,-11.854915,-12.026913
356,-11.956476,-11.851291,-12.023934
357,-11.953518,-11.848432,-12.021191
358,-11.951542,-11.845706,-12.018985
359,-11.950496,-11.843305,-12.017977
360,-11.948143,-11.841311,-12.016836
361,-11.945587,-11.840408,-12.015275
362,-11.943840,-11.838427,-12.013528
363,-11.940519,-11.835682,-12.012210
364,-11.939301,-11.832935,-12.009758
365,-11.938874,-11.829175,-12.009174
366,-11.937805,-11.827596,-12.008193
367,-11.935620,-11.825319,-12.005515
368,-11.934051,-11.823536,-12.002813
369,-11.931089,-11.821170,-12.000266
370,-11.926403,-11.818609,-11.997551
371,-11.923564,-11.816400,-11.995051
372,-11.922466,-11.813063,-11.992744
373,-11.921075,-11.811121,-11.989874
374,-11.918907,-11.808511,-11.987514
375,-11.915283,-11.805941,-11.986971
376,-11.913010,-11.803993,-11.984277
377,-11.911919,-11.801303,-11.982069
378,-11.910554,-11.800235,-11.980080
379,-11.908135,-11.798830,-11.978970
380,-11.904105,-11.797247,-11.976607
381,-11.901481,-11.794140,-11.973709
382,-11.899061,-11.791885,-11.971502
383,-11.897909,-11.789250,-11.969021
384,-11.896020,-11.787414,-11.966622
385,-11.893795,-11.785266,-11.965366
386,-11.890710,-11.782647,-11.962500
387,-11.887902,-11.781189,-11.961296
388,-11.886907,-11.779165,-11.959656
389,-11.884582,-11.777989,-11.957147
390,-11.881695,-11.776476,-11.954781
391,-11.879191,-11.773279,-11.952452
392,-11.876741,-11.769951,-11.949999
393,-11.874609,-11.767164,-11.946960
394,-11.872200,-11.765429,-11.943662
395,-11.868578,-11.764261,-11.940670
396,-11.864865,-11.762094,-11.938271
397,-11.863831,-11.760748,-11.936829
398,-11.861297,-11.759770,-11.935026
399,-11.859083,-11.759238,-11.933850
400,-11.858723,-11.756566,-11.932903
401,-11.856780,-11.755169,-11.930604
402,-11.855179,-11.753051,-11.928303
403,-11.851315,-11.749747,-11.927723
404,-11.849488,-11.747362,-11.926935
405,-11.847374,-11.744625,-11.924500
406,-11.845863,-11.742868,-11.922745
407,-11.843876,-11.740668,-11.918644
408,-11.842537,-11.738391,-11.915250
409,-11.841719,-11.737491,-11.913302
410,-11.838406,-11.735716,-11.910456
411,-11.836743,-11.734693,-11.908437
412,-11.834723,-11.730295,-11.907868
413,-11.832580,-11.726979,-11.907159
414,-11.830587,-11.725789,-11.904336
415,-11.828503,-11.724190,-11.900360
416,-11.827270,-11.722340,-11.897835
417,-11.825422,-11.721784,-11.895569
418,-11.822163,-11.721013,-11.893050
419,-11.820767,-11.719329,-11.890678
420,-11.818051,-11.716176,-11.888243
421,-11.815567,-11.712678,-11.886553
422,-11.812682,-11.710408,-11.885043
423,-11.811193,-11.707709,-11.882925
424,-11.808438,-11.705888,-11.880989
425,-11.806360,-11.703928,-11.879045
426,-11.804719,-11.702954,-11.877861
427,-11.802076,-11.700275,-11.875281
428,-11.800785,-11.696980,-11.873755
429,-11.800369,-11.695093,-11.871856
430,-11.799349,-11.694736,-11.869722
431,-11.797821,-11.694477,-11.867721
432,-11.795313,-11.692529,-11.866873
433,-11.793808,-11.690542,-11.866081
434,-11.792448,-11.687734,-11.864277
435,-11.789734,-11.685728,-11.860816
436,-11.787344,-11.684094,-11.858350
437,-11.785390,-11.681772,-11.856538
438,-11.783693,-11.679529,-11.853899
439,-11.782324,-11.677320,-11.852547
440,-11.781092,-11.675935,-11.850792
441,-11.779306,-11.673950,-11.848372
442,-11.776258,-11.672950,-11.845852
443,-11.771840,-11.670142,-11.844639
444,-11.768989,-11.667850,-11.842484
445,-11.766525,-11.664838,-11.839332
446,-11.766579,-11.661516,-11.837671
447,-11.764568,-11.659114,-11.836895
448,-11.762087,-11.657246,-11.834952
449,-11.760878,-11.656553,-11.833057
450,-11.759114,-11.655629,-11.830344
451,-11.757416,-11.652810,-11.827366
452,-11.755374,-11.650939,-11.825248
453,-11.751936,-11.647823,-11.823094
454,-11.750540,-11.646807,-11.819910
455,-11.748907,-11.645448,-11.816372
456,-11.746540,-11.642856,-11.814393
457,-11.745539,-11.641147,-11.811487
458,-11.744903,-11.642697,-11.808581
459,-11.744483,-11.641702,-11.804642
460,-11.743821,-11.640119,-11.802550
461,-11.740328,-11.637910,-11.801053
462,-11.737044,-11.635472,-11.800164
463,-11.735374,-11.632622,-11.798947
464,-11.733033,-11.631225,-11.798395
465,-11.731358,-11.628925,-11.797160
466,-11.731061,-11.626972,-11.795318
467,-11.729278,-11.624018,-11.794624
468,-11.728594,-11.623983,-11.793534
469,-11.727452,-11.622695,-11.791380
470,-11.725690,-11.621256,-11.788295
471,-11.722805,-11.617771,-11.785291
472,-11.721705,-11.615308,-11.781828
473,-11.719914,-11.613531,-11.779332
474,-11.715171,-11.611290,-11.776168
475,-11.713471,-11.609412,-11.775063
476,-11.712233,-11.608871,-11.771640
477,-11.710523,-11.608720,-11.768316
478,-11.710155,-11.608779,-11.766880
479,-11.709120,-11.606850,-11.765174
480,-11.706763,-11.603950,-11.764027
481,-11.705479,-11.600716,-11.762471
482,-11.703192,-11.598247,-11.761005
483,-11.700748,-11.596199,-11.759024
484,-11.697565,-11.593935,-11.758539
485,-11.696676,-11.591759,-11.756926
486,-11.695460,-11.590737,-11.754080
487,-11.692837,-11.591149,-11.751597
488,-11.691190,-11.590312,-11.750640
489,-11.689143,-11.590181,-11.747704
490,-11.686910,-11.588547,-11.745765
491,-11.683594,-11.583614,-11.743976
492,-11.680745,-11.579665,-11.741542
493,-11.679146,-11.578360,-11.739058
494,-11.678042,-11.575912,-11.736908
495,-11.676626,-11.573760,-11.734076
496,-11.675596,-11.573725,-11.731793
497,-11.674326,-11.573289,-11.729512
498,-11.672639,-11.571571,-11.727484
499,-11.671976,-11.570464,-11.726984
500,-11.669934,-11.568011,-11.725585
501,-11.668435,-11.567082,-11.724881
502,-11.668248,-11.565619,-11.722188
503,-11.667621,-11.564649,-11.718349
504,-11.665391,-11.564571,-11.716778
505,-11.663520,-11.563666,-11.713314
506,-11.661420,-11.560542,-11.711678
507,-11.657742,-11.557006,-11.710908
508,-11.655599,-11.556518,-11.707943
509,-11.652756,-11.553387,-11.705347
510,-11.650986,-11.550487,-11.703402
511,-11.647803,-11.549564,-11.702363
512,-11.645543,-11.548825,-11.701661
513,-11.645366,-11.547555,-11.700209
514,-11.644125,-11.547303,-11.698534
515,-11.641975,-11.544434,-11.697785
516,-11.640753,-11.541564,-11.697967
517,-11.638246,-11.540314,-11.696654
518,-11.635644,-11.540226,-11.693993
519,-11.633486,-11.538805,-11.692309
520,-11.631306,-11.537753,-11.691468
521,-11.630778,-11.536661,-11.688137
522,-11.630802,-11.536742,-11.684244
523,-11.630573,-11.533937,-11.679515
524,-11.628050,-11.531326,-11.677042
525,-11.625925,-11.530218,-11.675920
526,-11.624686,-11.527851,-11.673315
527,-11.623880,-11.525513,-11.672558
528,-11.620447,-11.522561,-11.671240
529,-11.616632,-11.520510,-11.668752
530,-11.615929,-11.518411,-11.666222
531,-11.614979,-11.517381,-11.664835
532,-11.613180,-11.515808,-11.662270
533,-11.612822,-11.515024,-11.660004
534,-11.610151,-11.513406,-11.658850
535,-11.608894,-11.512487,-11.655952
536,-11.609033,-11.510549,-11.653804
537,-11.609783,-11.508755,-11.651834
538,-11.608847,-11.507156,-11.650448
539,-11.607107,-11.505740,-11.650929
540,-11.603631,-11.505299,-11.649865
541,-11.601681,-11.504120,-11.648449
542,-11.598697,-11.502694,-11.645379
543,-11.596539,-11.501106,-11.642257
544,-11.594268,-11.498490,-11.640309
545,-11.592700,-11.495073,-11.640124
546,-11.592759,-11.492211,-11.638689
547,-11.592215,-11.492488,-11.637082
548,-11.592106,-11.492062,-11.636091
549,-11.593118,-11.490926,-11.633125
550,-11.591768,-11.489107,-11.630806
551,-11.588669,-11.487920,-11.629525
552,-11.584485,-11.484356,-11.627396
553,-11.581891,-11.482057,-11.626132
554,-11.580042,-11.481567,-11.624553
555,-11.580135,-11.480714,-11.622793
556,-11.577151,-11.479977,-11.620686
557,-11.575419,-11.479806,-11.618721
558,-11.573691,-11.478078,-11.617767
559,-11.571904,-11.476516,-11.615191
560,-11.570445,-11.476190,-11.612455
561,-11.569776,-11.474731,-11.610566
562,-11.567095,-11.473651,-11.609521
563,-11.565231,-11.473783,-11.608178
564,-11.562525,-11.471763,-11.606352
565,-11.562148,-11.468879,-11.605111
566,-11.559951,-11.465954,-11.603370
567,-11.559230,-11.465276,-11.602032
568,-11.557623,-11.463017,-11.601346
569,-11.556840,-11.461491,-11.599264
570,-11.554789,-11.460806,-11.596735
571,-11.552118,-11.459991,-11.595518
572,-11.549891,-11.459092,-11.594017
573,-11.547443,-11.457475,-11.592024
574,-11.546002,-11.453404,-11.590470
575,-11.544831,-11.452005,-11.588199
576,-11.543180,-11.449673,-11.588939
577,-11.540388,-11.446077,-11.587803
578,-11.539037,-11.443568,-11.585974
579,-11.538593,-11.443453,-11.584279
580,-11.537721,-11.444074,-11.584965
581,-11.538288,-11.442772,-11.584871
582,-11.538269,-11.441173,-11.582914
583,-11.535122,-11.441232,-11.580530
584,-11.532500,-11.441016,-11.577944
585,-11.530623,-11.439101,-11.575230
586,-11.528532,-11.435997,-11.572048
587,-11.528695,-11.433727,-11.569544
588,-11.525899,-11.433384,-11.566580
589,-11.523321,-11.433223,-11.566251
590,-11.523999,-11.432312,-11.566339
591,-11.522866,-11.430408,-11.564554
592,-11.521368,-11.427521,-11.563496
593,-11.519796,-11.426818,-11.561822
594,-11.520015,-11.425633,-11.559256
595,-11.517696,-11.425984,-11.557350
596,-11.515447,-11.424715,-11.554573
597,-11.512872,-11.423597,-11.553289
598,-11.511401,-11.421081,-11.551071
599,-11.509875,-11.419906,-11.550931
600,-11.507727,-11.419989,-11.550974
601,-11.507566,-11.418194,-11.550563
602,-11.506726,-11.417041,-11.548522
603,-11.504693,-11.414695,-11.546078
604,-11.502261,-11.412904,-11.543104
605,-11.501290,-11.412926,-11.542226
606,-11.500532,-11.411746,-11.541833
607,-11.499428,-11.411023,-11.539418
608,-11.498656,-11.408525,-11.537634
609,-11.496860,-11.407149,-11.535257
610,-11.494671,-11.404375,-11.533476
611,-11.491011,-11.402087,-11.531156
612,-11.489629,-11.400787,-11.529308
613,-11.487870,-11.398490,-11.527325
614,-11.486952,-11.397194,-11.526659
615,-11.486647,-11.396199,-11.525332
616,-11.484703,-11.394614,-11.522974
617,-11.482644,-11.393322,-11.518924
618,-11.481576,-11.391488,-11.517074
619,-11.480292,-11.389967,-11.515496
620,-11.478418,-11.388721,-11.515458
621,-11.476208,-11.387462,-11.516750
622,-11.475763,-11.387344,-11.516146
623,-11.475006,-11.387663,-11.514240
624,-11.473224,-11.385477,-11.513366
625,-11.470833,-11.384416,-11.510726
626,-11.469570,-11.384962,-11.510106
627,-11.466982,-11.386408,-11.508638
628,-11.466045,-11.384311,-11.509156
629,-11.464887,-11.380551,-11.507818
630,-11.464076,-11.377405,-11.506592
631,-11.463587,-11.376978,-11.505950
632,-11.463400,-11.376089,-11.504730
633,-11.462846,-11.375132,-11.502859
634,-11.461237,-11.372025,-11.498945
635,-11.460341,-11.369635,-11.495848
636,-11.457130,-11.366183,-11.494414
637,-11.453713,-11.365236,-11.492728
638,-11.450525,-11.365572,-11.490707
639,-11.447777,-11.365018,-11.490182
640,-11.446163,-11.364504,-11.489463
641,-11.446554,-11.364178,-11.489565
642,-11.446378,-11.362879,-11.487124
643,-11.443935,-11.361231,-11.485743
644,-11.440987,-11.359888,-11.485352
645,-11.439642,-11.359892,-11.485197
646,-11.438571,-11.360540,-11.482296
647,-11.435238,-11.359876,-11.481361
648,-11.435272,-11.359340,-11.479321
649,-11.434809,-11.357251,-11.477599
650,-11.433379,-11.354232,-11.474114
651,-11.431658,-11.352509,-11.471223
652,-11.429405,-11.350568,-11.468595
653,-11.428315,-11.348187,-11.467534
654,-11.429106,-11.347224,-11.466948
655,-11.428609,-11.346063,-11.465918
656,-11.426445,-11.344657,-11.463152
657,-11.423609,-11.344237,-11.461298
658,-11.423948,-11.343103,-11.461043
659,-11.423918,-11.343717,-11.462074
660,-11.421401,-11.341857,-11.462658
661,-11.419990,-11.340812,-11.461216
662,-11.416855,-11.340643,-11.458612
663,-11.414191,-11.339080,-11.458497
664,-11.413382,-11.338483,-11.458083
665,-11.412422,-11.335951,-11.455813
666,-11.411840,-11.333690,-11.453272
667,-11.409868,-11.331238,-11.451083
668,-11.407591,-11.329012,-11.449572
669,-11.406156,-11.328077,-11.449654
670,-11.404992,-11.327378,-11.448160
671,-11.403258,-11.327148,-11.447009
672,-11.401727,-11.326559,-11.445092
673,-11.401276,-11.325583,-11.443976
674,-11.399641,-11.325030,-11.443958
675,-11.396868,-11.325050,-11.442842
676,-11.395630,-11.323390,-11.440354
677,-11.394001,-11.320425,-11.437604
678,-11.391384,-11.317393,-11.436449
679,-11.389543,-11.316404,-11.435556
680,-11.388119,-11.314956,-11.433819
681,-11.385732,-11.313385,-11.433566
682,-11.383808,-11.313550,-11.433138
683,-11.382854,-11.311186,-11.431415
684,-11.383253,-11.310465,-11.429040
685,-11.381912,-11.310382,-11.425484
686,-11.380287,-11.311446,-11.424749
687,-11.379691,-11.309589,-11.425815
688,-11.378498,-11.306899,-11.424873
689,-11.377312,-11.305577,-11.423313
690,-11.376595,-11.306246,-11.420818
691,-11.375363,-11.304917,-11.419669
692,-11.373150,-11.302586,-11.417944
693,-11.372069,-11.301769,-11.415472
694,-11.369978,-11.302615,-11.413810
695,-11.368278,-11.300963,-11.413054
696,-11.365915,-11.298987,-11.412118
697,-11.364406,-11.299968,-11.412894
698,-11.364284,-11.298125,-11.412441
699,-11.362503,-11.296937,-11.412752
700,-11.361961,-11.295539,-11.411439
701,-11.359688,-11.293364,-11.411922
702,-11.360258,-11.290501,-11.410880
703,-11.359795,-11.287288,-11.407984
704,-11.358426,-11.285035,-11.404425
705,-11.357012,-11.283640,-11.403272
706,-11.354081,-11.282963,-11.403562
707,-11.351657,-11.281261,-11.401465
708,-11.350633,-11.278909,-11.398569
709,-11.351203,-11.277339,-11.396178
710,-11.350423,-11.276995,-11.395796
711,-11.349812,-11.275994,-11.394274
712,-11.349886,-11.273440,-11.393520
713,-11.349723,-11.273474,-11.392757
714,-11.348660,-11.272901,-11.392557
715,-11.347387,-11.271336,-11.390499
716,-11.344178,-11.270397,-11.391111
717,-11.340288,-11.270010,-11.388196
718,-11.337764,-11.270301,-11.385773
719,-11.337454,-11.270253,-11.384852
720,-11.336729,-11.269338,-11.384517
721,-11.336014,-11.268430,-11.384757
722,-11.334165,-11.267496,-11.382724
723,-11.335155,-11.264975,-11.381696
724,-11.333607,-11.263519,-11.381944
725,-11.331281,-11.263995,-11.380405
726,-11.330135,-11.262145,-11.378098
727,-11.329844,-11.262071,-11.376773
728,-11.329666,-11.260004,-11.375880
729,-11.329512,-11.257872,-11.375843
730,-11.329235,-11.259741,-11.375830
731,-11.327192,-11.259831,-11.374958
732,-11.323812,-11.258745,-11.371501
733,-11.321413,-11.257058,-11.368514
734,-11.319522,-11.255308,-11.366668
735,-11.317344,-11.252944,-11.365322
736,-11.315013,-11.252707,-11.364021
737,-11.314434,-11.251918,-11.363119
738,-11.314257,-11.249711,-11.363477
739,-11.312660,-11.249168,-11.362655
740,-11.312284,-11.246127,-11.362067
741,-11.311051,-11.244135,-11.360695
742,-11.308877,-11.243835,-11.358789
743,-11.306769,-11.243504,-11.357003
744,-11.303209,-11.241436,-11.356893
745,-11.301968,-11.241293,-11.354484
746,-11.301362,-11.241837,-11.351542
747,-11.300674,-11.241693,-11.349547
748,-11.302657,-11.240169,-11.348142
749,-11.302702,-11.240283,-11.346397
750,-11.300767,-11.237822,-11.345951
751,-11.298068,-11.237192,-11.344536
752,-11.295899,-11.236466,-11.345708
753,-11.293538,-11.235882,-11.346341
754,-11.292468,-11.235978,-11.345416
755,-11.290990,-11.234937,-11.344869
756,-11.289333,-11.232902,-11.343603
757,-11.288717,-11.230494,-11.343808
758,-11.289330,-11.228607,-11.341219
759,-11.289310,-11.227326,-11.340083
760,-11.289282,-11.225548,-11.338137
761,-11.290159,-11.224982,-11.337081
762,-11.286886,-11.223003,-11.335949
763,-11.284767,-11.221264,-11.334436
764,-11.281841,-11.221409,-11.331820
765,-11.279532,-11.222054,-11.330002
766,-11.277993,-11.222105,-11.328840
767,-11.278188,-11.219956,-11.327376
768,-11.277143,-11.217173,-11.324935
769,-11.275410,-11.216901,-11.323012
770,-11.273871,-11.216217,-11.321601
771,-11.273366,-11.214302,-11.320824
772,-11.272280,-11.213114,-11.321072
773,-11.272101,-11.211270,-11.319712
774,-11.272207,-11.209471,-11.320166
775,-11.271461,-11.208868,-11.318835
776,-11.271932,-11.208201,-11.317536
777,-11.270851,-11.207514,-11.315451
778,-11.267114,-11.207773,-11.313976
779,-11.265415,-11.205965,-11.312883
780,-11.263708,-11.204833,-11.313108
781,-11.261531,-11.203193,-11.312647
782,-11.259836,-11.201675,-11.312793
783,-11.257655,-11.200386,-11.311420
784,-11.257659,-11.199500,-11.307996
785,-11.256076,-11.198028,-11.305421
786,-11.255464,-11.197315,-11.301268
787,-11.256576,-11.196180,-11.301744
788,-11.257535,-11.195905,-11.302589
789,-11.256312,-11.196097,-11.300880
790,-11.253471,-11.194324,-11.298340
791,-11.252177,-11.193794,-11.298892
792,-11.249530,-11.192686,-11.298193
793,-11.248593,-11.190858,-11.297766
794,-11.248399,-11.187741,-11.296976
795,-11.247500,-11.186250,-11.297172
796,-11.246644,-11.187201,-11.294281
797,-11.244577,-11.186186,-11.292522
798,-11.243363,-11.184274,-11.291278
799,-11.243825,-11.183692,-11.288371
800,-11.240708,-11.182902,-11.286911
801,-11.236745,-11.181824,-11.284554
802,-11.236266,-11.182400,-11.283687
803,-11.236288,-11.183443,-11.284121
804,-11.234909,-11.183459,-11.286379
805,-11.233422,-11.182810,-11.286204
806,-11.233179,-11.182100,-11.283841
807,-11.233003,-11.180877,-11.282192
808,-11.230940,-11.178468,-11.280294
809,-11.229885,-11.176643,-11.278029
810,-11.228893,-11.175570,-11.275596
811,-11.228166,-11.175750,-11.274663
812,-11.227709,-11.174362,-11.271125
813,-11.225627,-11.172961,-11.269666
814,-11.225212,-11.171659,-11.267925
815,-11.224189,-11.169311,-11.265429
816,-11.224533,-11.169825,-11.265478
817,-11.223439,-11.169313,-11.265908
818,-11.222324,-11.169704,-11.266872
819,-11.218879,-11.170058,-11.265501
820,-11.217177,-11.169541,-11.265616
821,-11.216433,-11.167598,-11.263899
822,-11.215329,-11.166284,-11.263346
823,-11.215482,-11.164688,-11.262930
824,-11.215987,-11.163698,-11.260829
825,-11.214863,-11.164479,-11.260282
826,-11.212704,-11.166390,-11.259343
827,-11.212172,-11.164828,-11.257034
828,-11.209274,-11.163751,-11.256442
829,-11.208585,-11.160588,-11.254616
830,-11.210051,-11.157922,-11.253758
831,-11.208445,-11.155368,-11.252664
832,-11.206970,-11.155132,-11.252903
833,-11.205592,-11.156322,-11.250632
834,-11.205611,-11.156308,-11.248722
835,-11.204060,-11.154916,-11.249061
836,-11.201904,-11.151889,-11.249083
837,-11.200536,-11.150835,-11.247567
838,-11.199224,-11.149849,-11.245771
839,-11.198401,-11.148178,-11.244758
840,-11.197104,-11.146725,-11.244610
841,-11.196683,-11.146374,-11.244164
842,-11.194875,-11.146249,-11.243947
843,-11.194425,-11.144708,-11.244611
844,-11.193079,-11.144253,-11.243056
845,-11.193224,-11.143290,-11.238894
846,-11.193678,-11.142027,-11.236823
847,-11.193291,-11.143527,-11.236386
848,-11.191180,-11.145411,-11.236462
849,-11.190009,-11.144108,-11.234912
850,-11.189548,-11.142617,-11.233325
851,-11.187176,-11.142234,-11.231887
852,-11.185180,-11.141091,-11.231565
853,-11.182833,-11.138925,-11.230909
854,-11.181145,-11.138377,-11.229399
855,-11.181174,-11.137341,-11.227652
856,-11.182788,-11.136455,-11.225251
857,-11.183137,-11.135112,-11.224194
858,-11.182353,-11.133794,-11.222168
859,-11.181422,-11.132062,-11.222569
860,-11.180651,-11.130389,-11.220722
861,-11.177690,-11.129974,-11.219231
862,-11.177182,-11.129267,-11.218123
863,-11.177607,-11.127338,-11.218347
864,-11.175853,-11.126940,-11.217420
865,-11.174816,-11.126324,-11.216953
866,-11.172691,-11.124461,-11.216496
867,-11.170649,-11.124767,-11.215050
868,-11.167592,-11.123785,-11.213366
869,-11.168723,-11.123151,-11.213701
870,-11.169383,-11.121229,-11.211910
871,-11.170306,-11.119222,-11.210214
872,-11.168800,-11.117663,-11.209576
873,-11.166968,-11.116225,-11.208106
874,-11.164754,-11.113934,-11.205747
875,-11.163342,-11.111588,-11.204320
876,-11.162321,-11.113130,-11.203092
877,-11.160068,-11.113418,-11.202365
878,-11.159173,-11.111644,-11.200424
879,-11.157498,-11.110322,-11.198785
880,-11.157536,-11.108389,-11.198463
881,-11.158912,-11.107465,-11.197798
882,-11.159101,-11.106308,-11.198117
883,-11.158609,-11.105883,-11.198524
884,-11.158070,-11.105273,-11.199508
885,-11.157210,-11.103048,-11.198942
886,-11.155531,-11.102469,-11.197072
887,-11.152340,-11.103383,-11.195500
888,-11.151068,-11.104094,-11.193534
889,-11.149895,-11.103971,-11.192118
890,-11.148678,-11.103587,-11.192574
891,-11.148951,-11.103702,-11.192303
892,-11.149653,-11.102845,-11.191598
893,-11.149557,-11.102100,-11.189891
894,-11.147425,-11.102028,-11.187929
895,-11.145190,-11.102100,-11.185265
896,-11.143068,-11.099658,-11.184244
897,-11.141468,-11.096939,-11.183296
898,-11.141033,-11.097159,-11.183971
899,-11.140028,-11.097957,-11.183691
900,-11.139148,-11.096631,-11.184214
901,-11.138286,-11.094986,-11.183077
902,-11.137224,-11.092720,-11.182294
903,-11.136991,-11.090403,-11.179939
904,-11.138176,-11.090057,-11.178365
905,-11.139675,-11.088682,-11.177787
906,-11.139569,-11.087286,-11.177652
907,-11.136689,-11.088595,-11.177921
908,-11.135494,-11.087911,-11.176616
909,-11.132384,-11.087921,-11.174989
910,-11.129184,-11.087334,-11.173482
911,-11.127300,-11.085607,-11.172855
912,-11.127418,-11.084905,-11.171245
913,-11.127773,-11.083400,-11.170752
914,-11.125391,-11.082152,-11.169987
915,-11.124574,-11.079940,-11.168517
916,-11.123818,-11.079710,-11.168704
917,-11.124191,-11.079707,-11.166319
918,-11.123761,-11.077340,-11.165667
919,-11.123075,-11.074792,-11.164588
920,-11.122660,-11.073642,-11.162687
921,-11.124027,-11.073955,-11.162641
922,-11.123805,-11.073735,-11.161345
923,-11.124085,-11.073579,-11.159570
924,-11.122635,-11.072112,-11.158296
925,-11.120942,-11.072249,-11.158012
926,-11.120702,-11.071859,-11.157828
927,-11.119636,-11.070831,-11.156739
928,-11.119486,-11.069389,-11.156333
929,-11.117695,-11.068419,-11.156149
930,-11.116628,-11.068539,-11.154273
931,-11.114238,-11.068734,-11.153651
932,-11.113424,-11.066807,-11.153039
933,-11.113232,-11.066537,-11.154443
934,-11.112850,-11.064293,-11.155620
935,-11.112420,-11.064398,-11.154349
936,-11.110900,-11.064234,-11.152164
937,-11.109964,-11.063643,-11.149134
938,-11.109155,-11.063019,-11.148647
939,-11.108006,-11.062868,-11.146630
940,-11.106025,-11.063540,-11.143959
941,-11.104391,-11.060972,-11.142221
942,-11.102497,-11.059391,-11.141925
943,-11.101097,-11.059562,-11.141020
944,-11.100419,-11.059030,-11.138795
945,-11.099065,-11.059708,-11.138230
946,-11.097171,-11.060705,-11.138115
947,-11.095349,-11.060706,-11.137687
948,-11.093465,-11.062112,-11.136930
949,-11.094349,-11.062854,-11.135895
950,-11.094055,-11.061160,-11.135164
951,-11.095127,-11.059690,-11.134222
952,-11.093884,-11.057214,-11.132699
953,-11.092521,-11.054233,-11.132087
954,-11.091402,-11.051634,-11.130882
955,-11.090944,-11.049039,-11.129932
956,-11.089547,-11.048208,-11.129162
957,-11.088402,-11.046838,-11.129413
958,-11.087437,-11.045563,-11.130045
959,-11.085953,-11.044310,-11.129470
960,-11.084049,-11.041398,-11.127880
961,-11.085601,-11.040621,-11.125882
962,-11.085275,-11.041440,-11.124395
963,-11.084185,-11.043410,-11.123338
964,-11.081259,-11.041660,-11.120874
965,-11.080953,-11.040039,-11.117714
966,-11.079978,-11.039122,-11.116999
967,-11.079979,-11.039002,-11.116694
968,-11.081197,-11.038366,-11.116570
969,-11.080438,-11.038412,-11.115986
970,-11.078644,-11.038458,-11.115520
971,-11.078654,-11.037246,-11.115589
972,-11.077752,-11.037097,-11.116114
973,-11.075669,-11.037051,-11.116015
974,-11.073516,-11.036118,-11.114812
975,-11.073352,-11.035112,-11.112904
976,-11.071940,-11.036230,-11.109956
977,-11.072840,-11.035981,-11.108253
978,-11.072622,-11.033613,-11.107649
979,-11.071805,-11.031398,-11.107289
980,-11.071599,-11.030626,-11.107637
981,-11.069917,-11.031884,-11.107531
982,-11.070979,-11.030030,-11.107325
983,-11.071593,-11.028495,-11.106662
984,-11.071860,-11.028223,-11.107800
985,-11.069673,-11.026822,-11.108834
986,-11.067491,-11.024800,-11.106185
987,-11.064575,-11.024933,-11.104947
988,-11.063738,-11.024958,-11.104921
989,-11.064039,-11.024624,-11.103761
990,-11.064558,-11.023631,-11.101773
991,-11.063256,-11.024005,-11.099710
992,-11.060394,-11.023567,-11.099540
993,-11.058130,-11.022445,-11.098589
994,-11.057902,-11.020528,-11.096568
995,-11.057725,-11.017873,-11.096897
996,-11.056878,-11.016544,-11.096156
997,-11.054196,-11.015265,-11.093928
998,-11.052895,-11.015409,-11.091446
999,-11.053565,-11.015606,-11.090799
1000,-11.054316,-11.014635,-11.091662
1001,-11.056226,-11.012856,-11.090611
1002,-11.057023,-11.010344,-11.090783
1003,-11.054394,-11.009934,-11.090744
1004,-11.052665,-11.010474,-11.091268
1005,-11.051449,-11.009842,-11.091180
1006,-11.051923,-11.008483,-11.090906
1007,-11.049961,-11.007486,-11.088585
1008,-11.048433,-11.005744,-11.087908
1009,-11.047642,-11.006219,-11.086601
1010,-11.046290,-11.007005,-11.085211
1011,-11.045730,-11.008302,-11.085464
1012,-11.045886,-11.008626,-11.084797
1013,-11.045062,-11.009543,-11.082267
1014,-11.045040,-11.009975,-11.081527
1015,-11.044468,-11.010329,-11.081182
1016,-11.043425,-11.009219,-11.079404
1017,-11.041448,-11.009724,-11.076858
1018,-11.040108,-11.006323,-11.077421
1019,-11.039586,-11.003490,-11.077770
1020,-11.037296,-11.001047,-11.077082
1021,-11.037884,-11.000117,-11.075299
1022,-11.036986,-10.999650,-11.072908
1023,-11.034324,-10.998610,-11.069598
1024,-11.032955,-10.996336,-11.067487
1025,-11.031227,-10.994698,-11.066464
1026,-11.031663,-10.993791,-11.066103
1027,-11.031230,-10.995707,-11.064976
1028,-11.030294,-10.995041,-11.063206
1029,-11.030264,-10.994538,-11.063586
1030,-11.028637,-10.993896,-11.063210
1031,-11.028044,-10.993407,-11.061559
1032,-11.025576,-10.993553,-11.062047
1033,-11.022626,-10.993477,-11.062679
1034,-11.022704,-10.994055,-11.059068
1035,-11.023252,-10.992789,-11.057996
1036,-11.022438,-10.993178,-11.058308
1037,-11.023352,-10.993271,-11.057485
1038,-11.023517,-10.992973,-11.056176
1039,-11.023259,-10.991537,-11.054415
1040,-11.022406,-10.990090,-11.054318
1041,-11.020829,-10.987141,-11.054609
1042,-11.018353,-10.985912,-11.055497
1043,-11.016470,-10.985357,-11.056929
1044,-11.015233,-10.986312,-11.055984
1045,-11.014429,-10.986555,-11.053608
1046,-11.014033,-10.987683,-11.050911
1047,-11.014290,-10.986015,-11.051227
1048,-11.013826,-10.985823,-11.051796
1049,-11.012637,-10.984071,-11.050379
1050,-11.011675,-10.984095,-11.047897
1051,-11.011419,-10.983010,-11.046583
1052,-11.010623,-10.981582,-11.047156
1053,-11.009833,-10.979177,-11.047189
1054,-11.008342,-10.978352,-11.046788
1055,-11.006677,-10.980113,-11.046540
1056,-11.007595,-10.980153,-11.047597
1057,-11.008426,-10.980414,-11.048120
1058,-11.008910,-10.980679,-11.045621
1059,-11.009156,-10.978011,-11.042961
1060,-11.007492,-10.974979,-11.042140
1061,-11.006078,-10.972781,-11.040496
1062,-11.005928,-10.972639,-11.040530
1063,-11.005516,-10.971549,-11.040107
1064,-11.006001,-10.971442,-11.039936
1065,-11.005571,-10.972342,-11.036407
1066,-11.003692,-10.972777,-11.034646
1067,-11.003128,-10.973167,-11.034583
1068,-11.002012,-10.969848,-11.033768
1069,-10.999085,-10.967229,-11.032470
1070,-10.997257,-10.965509,-11.031464
1071,-10.996014,-10.964258,-11.030532
1072,-10.994799,-10.963008,-11.030196
1073,-10.994453,-10.962331,-11.030526
1074,-10.994866,-10.962376,-11.029457
1075,-10.995340,-10.963287,-11.027991
1076,-10.995072,-10.964655,-11.027514
1077,-10.994339,-10.963368,-11.027088
1078,-10.993411,-10.961020,-11.027447
1079,-10.993235,-10.960602,-11.027660
1080,-10.993395,-10.961719,-11.027432
1081,-10.992163,-10.963314,-11.027451
1082,-10.991288,-10.963214,-11.025250
1083,-10.990549,-10.961142,-11.024201
1084,-10.989395,-10.960703,-11.024000
1085,-10.989586,-10.959609,-11.023942
1086,-10.989049,-10.957646,-11.024061
1087,-10.988131,-10.956163,-11.023802
1088,-10.986731,-10.954779,-11.022788
1089,-10.984068,-10.953135,-11.020898
1090,-10.982882,-10.950871,-11.021364
1091,-10.982724,-10.950231,-11.019814
1092,-10.982685,-10.949104,-11.017487
1093,-10.981613,-10.947429,-11.016714
1094,-10.981520,-10.946739,-11.016547
1095,-10.980960,-10.947537,-11.015231
1096,-10.981924,-10.948664,-11.014834
1097,-10.980653,-10.947875,-11.014403
1098,-10.981454,-10.949155,-11.013790
1099,-10.981529,-10.948688,-11.014859
1100,-10.980939,-10.947824,-11.015444
1101,-10.981220,-10.946768,-11.014641
1102,-10.979784,-10.945218,-11.013198
1103,-10.978267,-10.944116,-11.012188
1104,-10.976516,-10.941646,-11.010488
1105,-10.975183,-10.941055,-11.010162
1106,-10.973722,-10.940667,-11.008090
1107,-10.974644,-10.939707,-11.004129
1108,-10.973554,-10.939483,-10.999967
1109,-10.972176,-10.939869,-10.997594
1110,-10.972074,-10.939144,-10.998412
1111,-10.972920,-10.939963,-10.999654
1112,-10.973207,-10.939738,-11.001481
1113,-10.971675,-10.938443,-11.000002
1114,-10.968157,-10.937770,-10.997828
1115,-10.968442,-10.937743,-10.998093
1116,-10.969019,-10.936343,-10.999489
1117,-10.967653,-10.934966,-11.000904
1118,-10.965559,-10.935218,-11.001272
1119,-10.965840,-10.935028,-11.000746
1120,-10.965903,-10.936236,-11.000022
1121,-10.964912,-10.936824,-10.999622
1122,-10.964253,-10.936721,-10.996907
1123,-10.963807,-10.935750,-10.995983
1124,-10.963812,-10.934662,-10.995823
1125,-10.962055,-10.933984,-10.994598
1126,-10.960667,-10.932474,-10.995628
1127,-10.959992,-10.931320,-10.995827
1128,-10.959604,-10.931044,-10.996165
1129,-10.958745,-10.930636,-10.995833
1130,-10.957423,-10.931891,-10.995828
1131,-10.956359,-10.931807,-10.994830
1132,-10.957215,-10.931073,-10.993999
1133,-10.956459,-10.931083,-10.993650
1134,-10.955551,-10.928845,-10.993064
1135,-10.953656,-10.927230,-10.992277
1136,-10.953744,-10.925026,-10.991649
1137,-10.954861,-10.925045,-10.990957
1138,-10.954550,-10.923403,-10.990136
1139,-10.953625,-10.922976,-10.990411
1140,-10.952987,-10.920421,-10.989019
1141,-10.952121,-10.919922,-10.987997
1142,-10.950827,-10.918443,-10.988016
1143,-10.950000,-10.918193,-10.984647
1144,-10.948518,-10.919863,-10.983801
1145,-10.947848,-10.917487,-10.982397
1146,-10.947407,-10.916615,-10.983342
1147,-10.946940,-10.915933,-10.982729
1148,-10.946125,-10.916172,-10.981176
1149,-10.946008,-10.914637,-10.981046
1150,-10.947154,-10.913575,-10.979572
1151,-10.946150,-10.913549,-10.977588
1152,-10.946559,-10.912026,-10.975764
1153,-10.947171,-10.911369,-10.973549
1154,-10.947101,-10.909913,-10.972579
1155,-10.945437,-10.910914,-10.974503
1156,-10.942723,-10.909153,-10.974952
1157,-10.941091,-10.907499,-10.972821
1158,-10.941184,-10.907125,-10.971950
1159,-10.940442,-10.906843,-10.971276
1160,-10.940071,-10.907787,-10.970634
1161,-10.939656,-10.907639,-10.969340
1162,-10.939022,-10.904406,-10.969855
1163,-10.937574,-10.902230,-10.968949
1164,-10.936233,-10.903265,-10.968158
1165,-10.934368,-10.904271,-10.966329
1166,-10.934094,-10.904170,-10.967134
1167,-10.933211,-10.904495,-10.967271
1168,-10.930999,-10.903641,-10.966227
1169,-10.928797,-10.903132,-10.964119
1170,-10.928203,-10.900930,-10.963444
1171,-10.929027,-10.901363,-10.963345
1172,-10.929800,-10.901476,-10.962480
1173,-10.929826,-10.902021,-10.960578
1174,-10.929658,-10.903562,-10.960417
1175,-10.928132,-10.904417,-10.961225
1176,-10.927545,-10.904771,-10.960849
1177,-10.926352,-10.902781,-10.960603
1178,-10.926361,-10.902219,-10.960834
1179,-10.926011,-10.902532,-10.961306
1180,-10.924585,-10.900714,-10.958756
1181,-10.924844,-10.901157,-10.957563
1182,-10.923909,-10.899682,-10.956002
1183,-10.922140,-10.898957,-10.953897
1184,-10.920158,-10.898788,-10.954779
1185,-10.919708,-10.897678,-10.954073
1186,-10.920187,-10.896784,-10.953215
1187,-10.919892,-10.895411,-10.953405
1188,-10.919954,-10.892678,-10.952113
1189,-10.920012,-10.890693,-10.949860
1190,-10.921193,-10.889157,-10.949487
1191,-10.920765,-10.890099,-10.949683
1192,-10.917676,-10.893606,-10.950091
1193,-10.915552,-10.893903,-10.950736
1194,-10.915632,-10.890638,-10.951217
1195,-10.916053,-10.888946,-10.952431
1196,-10.914718,-10.886069,-10.953119
1197,-10.915975,-10.885303,-10.952835
1198,-10.915163,-10.885639,-10.952315
1199,-10.914018,-10.886573,-10.950679
1200,-10.914435,-10.884074,-10.949225
1201,-10.914275,-10.880845,-10.948204
1202,-10.913907,-10.878860,-10.946446
1203,-10.913216,-10.881053,-10.945364
1204,-10.912688,-10.881718,-10.945490
1205,-10.912132,-10.881233,-10.945063
1206,-10.911670,-10.880255,-10.945194
1207,-10.910289,-10.879569,-10.944889
1208,-10.908832,-10.877519,-10.942855
1209,-10.908664,-10.875590,-10.940410
1210,-10.907980,-10.876848,-10.939853
1211,-10.908364,-10.877206,-10.939109
1212,-10.907097,-10.876418,-10.938453
1213,-10.906380,-10.875273,-10.939222
1214,-10.905070,-10.875147,-10.938824
1215,-10.903140,-10.874009,-10.937072
1216,-10.903979,-10.873173,-10.934385
1217,-10.904308,-10.872627,-10.933317
1218,-10.904586,-10.872891,-10.932803
1219,-10.904287,-10.873730,-10.932240
1220,-10.904592,-10.871403,-10.929651
1221,-10.901765,-10.871719,-10.928633
1222,-10.900597,-10.870595,-10.928451
1223,-10.900652,-10.870101,-10.928200
1224,-10.899559,-10.870230,-10.929637
1225,-10.897995,-10.870203,-10.927596
1226,-10.896841,-10.869519,-10.927574
1227,-10.897542,-10.867741,-10.926570
1228,-10.896984,-10.867032,-10.925951
1229,-10.897076,-10.865701,-10.925207
1230,-10.895812,-10.863449,-10.926314
1231,-10.894715,-10.863588,-10.928144
1232,-10.893826,-10.864350,-10.927845
1233,-10.894162,-10.864803,-10.925664
1234,-10.896308,-10.864329,-10.924200
1235,-10.895878,-10.864986,-10.922972
1236,-10.897055,-10.865390,-10.920010
1237,-10.895411,-10.864778,-10.918296
1238,-10.894203,-10.862057,-10.917744
1239,-10.891968,-10.861090,-10.918603
1240,-10.892083,-10.860698,-10.920198
1241,-10.892171,-10.860310,-10.919142
1242,-10.890024,-10.861562,-10.916992
1243,-10.890713,-10.859658,-10.915483
1244,-10.890183,-10.859704,-10.914300
1245,-10.887011,-10.859470,-10.914720
1246,-10.886222,-10.857623,-10.915182
1247,-10.886736,-10.857879,-10.915723
1248,-10.885083,-10.857279,-10.915617
1249,-10.884391,-10.856191,-10.916776
1250,-10.882714,-10.853832,-10.916337
1251,-10.881573,-10.853586,-10.914780
1252,-10.880527,-10.854342,-10.913388
1253,-10.879035,-10.855269,-10.912040
1254,-10.878312,-10.854911,-10.911863
1255,-10.878574,-10.854556,-10.912027
1256,-10.877576,-10.853817,-10.912157
1257,-10.876432,-10.852818,-10.912351
1258,-10.876517,-10.852541,-10.912146
1259,-10.877324,-10.851464,-10.913206
1260,-10.877153,-10.852308,-10.914268
1261,-10.876131,-10.852316,-10.913438
1262,-10.875636,-10.852205,-10.913369
1263,-10.876427,-10.853456,-10.911353
1264,-10.877897,-10.851384,-10.910574
1265,-10.879702,-10.850356,-10.910344
1266,-10.877167,-10.850236,-10.909681
1267,-10.874146,-10.848361,-10.908057
1268,-10.872327,-10.847803,-10.907253
1269,-10.871556,-10.846192,-10.906954
1270,-10.870052,-10.845709,-10.906232
1271,-10.868872,-10.845436,-10.905085
1272,-10.870061,-10.843965,-10.902381
1273,-10.868566,-10.842963,-10.901283
1274,-10.866435,-10.842754,-10.900264
1275,-10.865297,-10.843282,-10.901029
1276,-10.864765,-10.843841,-10.901677
1277,-10.864318,-10.842548,-10.901677
1278,-10.862794,-10.840790,-10.900481
1279,-10.861603,-10.839419,-10.899438
1280,-10.861794,-10.838317,-10.898592
1281,-10.861382,-10.837285,-10.899023
1282,-10.859965,-10.836512,-10.897582
1283,-10.860540,-10.836968,-10.896228
1284,-10.862484,-10.838000,-10.895622
1285,-10.861627,-10.838576,-10.895834
1286,-10.861358,-10.836629,-10.895792
1287,-10.861570,-10.834234,-10.895327
1288,-10.861244,-10.832219,-10.894738
1289,-10.860785,-10.830472,-10.895209
1290,-10.862080,-10.832150,-10.895147
1291,-10.862444,-10.833090,-10.895691
1292,-10.862962,-10.830722,-10.896080
1293,-10.863335,-10.828986,-10.896653
1294,-10.862972,-10.828452,-10.895593
1295,-10.863223,-10.827798,-10.893632
1296,-10.862575,-10.826152,-10.891018
1297,-10.860290,-10.826426,-10.889929
1298,-10.861479,-10.827794,-10.888722
1299,-10.860029,-10.830034,-10.888275
1300,-10.857988,-10.830716,-10.887827
1301,-10.855940,-10.828963,-10.887462
1302,-10.853810,-10.829948,-10.889167
1303,-10.853725,-10.827675,-10.889306
1304,-10.854722,-10.827378,-10.888249
1305,-10.853315,-10.826855,-10.887419
1306,-10.853527,-10.826475,-10.887121
1307,-10.854126,-10.825416,-10.887273
1308,-10.852146,-10.824777,-10.886291
1309,-10.851602,-10.824191,-10.884206
1310,-10.851019,-10.822832,-10.882237
1311,-10.850928,-10.821200,-10.881576
1312,-10.851315,-10.819607,-10.880467
1313,-10.850806,-10.819924,-10.880085
1314,-10.850220,-10.820217,-10.880046
1315,-10.850846,-10.820332,-10.878535
1316,-10.850053,-10.819554,-10.875864
1317,-10.848464,-10.818076,-10.876781
1318,-10.847831,-10.817030,-10.877638
1319,-10.846370,-10.815204,-10.877854
1320,-10.845341,-10.814950,-10.879532
1321,-10.845889,-10.815312,-10.878670
1322,-10.846390,-10.816765,-10.876078
1323,-10.843179,-10.817523,-10.875196
1324,-10.841732,-10.817564,-10.873395
1325,-10.840123,-10.818799,-10.871692
1326,-10.838653,-10.818122,-10.872482
1327,-10.841470,-10.816112,-10.874353
1328,-10.842188,-10.815151,-10.873460
1329,-10.842547,-10.815927,-10.871338
1330,-10.842604,-10.814087,-10.870914
1331,-10.840144,-10.814256,-10.870056
1332,-10.839490,-10.813351,-10.870836
1333,-10.838247,-10.813962,-10.870035
1334,-10.838527,-10.813373,-10.868592
1335,-10.838890,-10.810633,-10.868330
1336,-10.838876,-10.809968,-10.868584
1337,-10.839303,-10.810969,-10.867685
1338,-10.838273,-10.810859,-10.866253
1339,-10.836616,-10.809586,-10.864616
1340,-10.835013,-10.809640,-10.865150
1341,-10.833334,-10.809748,-10.866427
1342,-10.833746,-10.809138,-10.865020
1343,-10.832293,-10.807869,-10.864071
1344,-10.832984,-10.806811,-10.862826
1345,-10.834631,-10.806656,-10.861291
1346,-10.834434,-10.808327,-10.859478
1347,-10.831248,-10.807626,-10.858211
1348,-10.830527,-10.807128,-10.858494
1349,-10.831009,-10.806496,-10.859481
1350,-10.831454,-10.806425,-10.858208
1351,-10.832601,-10.805820,-10.858527
1352,-10.832467,-10.804484,-10.856459
1353,-10.832455,-10.803832,-10.855163
1354,-10.832931,-10.803640,-10.855067
1355,-10.832663,-10.802047,-10.852863
1356,-10.832532,-10.802246,-10.852965
1357,-10.829797,-10.801038,-10.852421
1358,-10.827840,-10.800824,-10.852754
1359,-10.825625,-10.800422,-10.851971
1360,-10.824975,-10.800836,-10.851420
1361,-10.825402,-10.801359,-10.853570
1362,-10.823686,-10.799069,-10.855554
1363,-10.823650,-10.797789,-10.853385
1364,-10.823864,-10.796062,-10.853515
1365,-10.823848,-10.793636,-10.852758
1366,-10.823608,-10.793253,-10.850833
1367,-10.824291,-10.793163,-10.849311
1368,-10.823805,-10.793972,-10.847378
1369,-10.822118,-10.795088,-10.846272
1370,-10.820290,-10.794270,-10.846585
1371,-10.819528,-10.794770,-10.847568
1372,-10.819068,-10.796435,-10.847216
1373,-10.818064,-10.797997,-10.847506
1374,-10.817231,-10.798317,-10.847329
1375,-10.816585,-10.797204,-10.845798
1376,-10.814588,-10.795898,-10.844815
1377,-10.813967,-10.795225,-10.844568
1378,-10.815413,-10.795269,-10.843456
1379,-10.814671,-10.794598,-10.842531
1380,-10.812069,-10.792957,-10.841987
1381,-10.811057,-10.791328,-10.841148
1382,-10.810601,-10.789778,-10.840417
1383,-10.810461,-10.790272,-10.842021
1384,-10.810407,-10.789745,-10.841064
1385,-10.809591,-10.787356,-10.840846
1386,-10.809490,-10.787193,-10.840039
1387,-10.809558,-10.788048,-10.840052
1388,-10.809500,-10.789044,-10.839382
1389,-10.808685,-10.788224,-10.839207
1390,-10.808945,-10.785792,-10.840128
1391,-10.809063,-10.785340,-10.840454
1392,-10.811036,-10.783266,-10.841199
1393,-10.811030,-10.782953,-10.841151
1394,-10.812708,-10.784831,-10.839748
1395,-10.813428,-10.784450,-10.839238
1396,-10.814160,-10.784061,-10.837428
1397,-10.812774,-10.783665,-10.837573
1398,-10.811648,-10.782012,-10.838131
1399,-10.809912,-10.779312,-10.839838
1400,-10.808501,-10.780730,-10.839844
1401,-10.809033,-10.780644,-10.840438
1402,-10.809047,-10.780827,-10.840745
1403,-10.811440,-10.779841,-10.838409
1404,-10.811829,-10.779310,-10.837669
1405,-10.809672,-10.779426,-10.835563
1406,-10.807838,-10.779982,-10.833677
1407,-10.805885,-10.779149,-10.833104
1408,-10.806099,-10.778286,-10.832208
1409,-10.803373,-10.776972,-10.831864
1410,-10.801620,-10.776322,-10.831265
1411,-10.800552,-10.775416,-10.831054
1412,-10.800434,-10.774051,-10.829515
1413,-10.799537,-10.772716,-10.830230
1414,-10.798983,-10.770965,-10.829556
1415,-10.799053,-10.769512,-10.828571
1416,-10.799417,-10.769893,-10.828189
1417,-10.796408,-10.770286,-10.826004
1418,-10.794538,-10.768603,-10.825385
1419,-10.792623,-10.768021,-10.822968
1420,-10.793032,-10.767964,-10.821753
1421,-10.792554,-10.768815,-10.819636
1422,-10.792127,-10.766678,-10.819808
1423,-10.790235,-10.766080,-10.820154
1424,-10.788984,-10.765045,-10.819156
1425,-10.788331,-10.765738,-10.817627
1426,-10.789184,-10.766089,-10.816677
1427,-10.790335,-10.767711,-10.816041
1428,-10.790946,-10.766082,-10.814378
1429,-10.789467,-10.762225,-10.813437
1430,-10.788936,-10.759436,-10.812037
1431,-10.788510,-10.758046,-10.812451
1432,-10.786617,-10.758707,-10.811991
1433,-10.787400,-10.759964,-10.812084
1434,-10.786229,-10.760522,-10.811510
1435,-10.787203,-10.760406,-10.811412
1436,-10.785435,-10.762103,-10.811333
1437,-10.784275,-10.762520,-10.809737
1438,-10.782307,-10.762700,-10.808820
1439,-10.781698,-10.760867,-10.808012
1440,-10.780869,-10.760020,-10.808650
1441,-10.780794,-10.760944,-10.809503
1442,-10.779306,-10.759496,-10.808134
1443,-10.777828,-10.759043,-10.809147
1444,-10.778330,-10.758373,-10.809444
1445,-10.778523,-10.758228,-10.808173
1446,-10.778046,-10.758009,-10.805926
1447,-10.777949,-10.756417,-10.804073
1448,-10.777536,-10.756244,-10.803321
1449,-10.775726,-10.757503,-10.804036
1450,-10.776468,-10.759804,-10.803789
1451,-10.777541,-10.759651,-10.803650
1452,-10.776867,-10.761299,-10.803788
1453,-10.775066,-10.760393,-10.803471
1454,-10.773354,-10.759947,-10.804532
1455,-10.774424,-10.760785,-10.805306
1456,-10.774249,-10.760439,-10.805962
1457,-10.772929,-10.758696,-10.804321
1458,-10.772024,-10.753993,-10.802544
1459,-10.772127,-10.753325,-10.800597
1460,-10.772979,-10.754856,-10.800831
1461,-10.771707,-10.754992,-10.801740
1462,-10.770517,-10.754366,-10.802867
1463,-10.771424,-10.753842,-10.803579
1464,-10.769900,-10.754082,-10.802717
1465,-10.768062,-10.755634,-10.802405
1466,-10.768359,-10.753483,-10.800541
1467,-10.768266,-10.752527,-10.798819
1468,-10.768118,-10.752219,-10.799894
1469,-10.768371,-10.750878,-10.800210
1470,-10.767977,-10.750431,-10.801011
1471,-10.768179,-10.748902,-10.799031
1472,-10.768709,-10.748597,-10.796767
1473,-10.770341,-10.749278,-10.794845
1474,-10.771126,-10.750386,-10.792130
1475,-10.768884,-10.752280,-10.791524
1476,-10.766955,-10.751749,-10.792599
1477,-10.766122,-10.752613,-10.794479
1478,-10.765766,-10.751269,-10.794353
1479,-10.766679,-10.751682,-10.796205
1480,-10.767165,-10.752880,-10.795000
1481,-10.767135,-10.752977,-10.793852
1482,-10.768734,-10.750737,-10.791404
1483,-10.769105,-10.751245,-10.789673
1484,-10.769542,-10.751048,-10.787971
1485,-10.768381,-10.750125,-10.789103
1486,-10.767163,-10.748005,-10.791470
1487,-10.765874,-10.744680,-10.792751
1488,-10.764221,-10.742591,-10.791758
1489,-10.763302,-10.741983,-10.792561
1490,-10.762229,-10.742598,-10.792427
1491,-10.760597,-10.745041,-10.792782
1492,-10.760363,-10.746194,-10.791246
1493,-10.759649,-10.746974,-10.790076
1494,-10.760150,-10.746950,-10.788153
1495,-10.759584,-10.746675,-10.786642
1496,-10.759379,-10.745376,-10.786060
1497,-10.758932,-10.741924,-10.787496
1498,-10.758779,-10.739610,-10.788243
1499,-10.758472,-10.739708,-10.787409
1500,-10.758153,-10.737443,-10.787023
1501,-10.758897,-10.737405,-10.785839
1502,-10.759594,-10.738140,-10.784808
1503,-10.758175,-10.740082,-10.785318
1504,-10.756508,-10.740002,-10.785563
1505,-10.754785,-10.739376,-10.784652
1506,-10.752957,-10.737361,-10.782892
1507,-10.750614,-10.736837,-10.782439
1508,-10.749939,-10.737938,-10.781986
1509,-10.751377,-10.737988,-10.782035
1510,-10.753101,-10.735567,-10.780933
1511,-10.753511,-10.733033,-10.779401
1512,-10.752213,-10.731949,-10.778593
1513,-10.750081,-10.731003,-10.778913
1514,-10.751532,-10.731091,-10.779177
1515,-10.750139,-10.730427,-10.779383
1516,-10.748220,-10.729928,-10.780475
1517,-10.748412,-10.731603,-10.781594
1518,-10.748935,-10.732642,-10.780138
1519,-10.747414,-10.731149,-10.779245
1520,-10.745839,-10.732014,-10.779280
1521,-10.745165,-10.734038,-10.779640
1522,-10.744956,-10.734926,-10.778660
1523,-10.745938,-10.733702,-10.778849
1524,-10.744669,-10.732800,-10.778075
1525,-10.744730,-10.732159,-10.777161
1526,-10.744283,-10.732041,-10.776235
1527,-10.742795,-10.731452,-10.776207
1528,-10.742121,-10.731092,-10.775153
1529,-10.741852,-10.730788,-10.773285
1530,-10.739822,-10.732429,-10.771457
1531,-10.740396,-10.733432,-10.769873
1532,-10.742915,-10.734429,-10.769154
1533,-10.743057,-10.734725,-10.768664
1534,-10.742683,-10.735594,-10.769908
1535,-10.742036,-10.735194,-10.771895
1536,-10.743406,-10.733853,-10.772169
1537,-10.742904,-10.730996,-10.772332
1538,-10.740954,-10.729207,-10.771924
1539,-10.741277,-10.728530,-10.771608
1540,-10.741527,-10.728489,-10.770474
1541,-10.742308,-10.728252,-10.768931
1542,-10.742330,-10.726281,-10.767710
1543,-10.740178,-10.724883,-10.767226
1544,-10.739110,-10.722800,-10.766548
1545,-10.739901,-10.720488,-10.765273
1546,-10.740693,-10.719537,-10.765023
1547,-10.740532,-10.722080,-10.766376
1548,-10.740332,-10.724473,-10.764208
1549,-10.740887,-10.723704,-10.764487
1550,-10.740465,-10.724773,-10.764183
1551,-10.736922,-10.721174,-10.762720
1552,-10.735384,-10.717244,-10.762849
1553,-10.734354,-10.714624,-10.763545
1554,-10.733652,-10.716492,-10.765001
1555,-10.733356,-10.717789,-10.761403
1556,-10.733884,-10.717621,-10.760673
1557,-10.733811,-10.716684,-10.758019
1558,-10.732137,-10.715035,-10.757178
1559,-10.731070,-10.715368,-10.756967
1560,-10.733111,-10.714079,-10.757855
1561,-10.733722,-10.713585,-10.758348
1562,-10.734098,-10.714233,-10.757201
1563,-10.735629,-10.714394,-10.756828
1564,-10.735103,-10.714631,-10.755496
1565,-10.734419,-10.714482,-10.754299
1566,-10.733160,-10.714778,-10.753623
1567,-10.732745,-10.715010,-10.754141
1568,-10.732876,-10.713570,-10.753491
1569,-10.731403,-10.713185,-10.754246
1570,-10.731454,-10.711780,-10.754822
1571,-10.730557,-10.713181,-10.755141
1572,-10.729401,-10.712898,-10.753912
1573,-10.728331,-10.711551,-10.754768
1574,-10.728258,-10.711153,-10.755544
1575,-10.729603,-10.710143,-10.755019
1576,-10.728973,-10.709119,-10.754588
1577,-10.729643,-10.708459,-10.755403
1578,-10.730298,-10.708567,-10.754618
1579,-10.728078,-10.709638,-10.756734
1580,-10.727577,-10.709880,-10.756469
1581,-10.727701,-10.710174,-10.754548
1582,-10.728970,-10.710241,-10.752205
1583,-10.727823,-10.708877,-10.749662
1584,-10.726005,-10.709249,-10.747328
1585,-10.725601,-10.709791,-10.745544
1586,-10.725757,-10.709620,-10.744798
1587,-10.725650,-10.706616,-10.744542
1588,-10.725193,-10.703611,-10.745104
1589,-10.723841,-10.703008,-10.746175
1590,-10.723305,-10.703093,-10.745398
1591,-10.724822,-10.703047,-10.746025
1592,-10.723959,-10.702853,-10.746947
1593,-10.723540,-10.702839,-10.746222
1594,-10.724000,-10.703410,-10.746103
1595,-10.723802,-10.703416,-10.745853
1596,-10.724092,-10.702887,-10.746234
1597,-10.724571,-10.701839,-10.745585
1598,-10.725979,-10.699366,-10.743892
1599,-10.725060,-10.699351,-10.740355
1600,-10.726434,-10.698516,-10.739091
1601,-10.724948,-10.697103,-10.738410
1602,-10.723892,-10.696753,-10.738207
1603,-10.721600,-10.696435,-10.737798
1604,-10.721481,-10.694465,-10.737876
1605,-10.720687,-10.696506,-10.737225
1606,-10.720352,-10.697282,-10.736749
1607,-10.722094,-10.697690,-10.737572
1608,-10.722271,-10.700338,-10.736236
1609,-10.723078,-10.699236,-10.734790
1610,-10.724306,-10.697382,-10.734653
1611,-10.725054,-10.699277,-10.735624
1612,-10.722214,-10.698736,-10.736859
1613,-10.719495,-10.701142,-10.736384
1614,-10.718791,-10.698133,-10.737450
1615,-10.718432,-10.695503,-10.737156
1616,-10.718610,-10.696576,-10.736414
1617,-10.718307,-10.696923,-10.736757
1618,-10.720317,-10.696964,-10.735148
1619,-10.719729,-10.695727,-10.734271
1620,-10.717713,-10.694276,-10.733985
1621,-10.717331,-10.693053,-10.733972
1622,-10.717854,-10.690619,-10.731951
1623,-10.719294,-10.688783,-10.731757
1624,-10.717912,-10.690698,-10.733890
1625,-10.716443,-10.690856,-10.734958
1626,-10.715572,-10.689714,-10.732814
1627,-10.714012,-10.688535,-10.730479
1628,-10.712116,-10.687077,-10.730218
1629,-10.710481,-10.686014,-10.731644
1630,-10.711224,-10.685099,-10.732344
1631,-10.709584,-10.684200,-10.730866
1632,-10.709565,-10.685933,-10.729576
1633,-10.709813,-10.686090,-10.729554
1634,-10.711187,-10.685517,-10.730552
1635,-10.711163,-10.684693,-10.730952
1636,-10.713329,-10.683343,-10.731359
1637,-10.713219,-10.683230,-10.731519
1638,-10.711424,-10.683353,-10.730098
1639,-10.709869,-10.682886,-10.729956
1640,-10.708875,-10.682733,-10.730077
1641,-10.708485,-10.682321,-10.729186
1642,-10.706551,-10.680677,-10.729193
1643,-10.704542,-10.678002,-10.727839
1644,-10.705572,-10.677911,-10.726502
1645,-10.704835,-10.679294,-10.725811
1646,-10.704332,-10.679537,-10.724109
1647,-10.703691,-10.678607,-10.722061
1648,-10.702512,-10.676403,-10.722312
1649,-10.702129,-10.677197,-10.723020
1650,-10.700069,-10.677303,-10.725456
1651,-10.700199,-10.676971,-10.727154
1652,-10.698898,-10.677112,-10.727747
1653,-10.699487,-10.677664,-10.725775
1654,-10.699988,-10.676112,-10.725346
1655,-10.699167,-10.674503,-10.722066
1656,-10.698579,-10.672805,-10.720393
1657,-10.698386,-10.674339,-10.718698
1658,-10.699228,-10.678289,-10.718677
1659,-10.699334,-10.678330,-10.718577
1660,-10.700732,-10.680108,-10.718449
1661,-10.700825,-10.679409,-10.716295
1662,-10.702141,-10.678679,-10.714806
1663,-10.702149,-10.677915,-10.712368
1664,-10.698810,-10.679232,-10.710503
1665,-10.698114,-10.679976,-10.709500
1666,-10.697850,-10.680183,-10.711003
1667,-10.695488,-10.681451,-10.710983
1668,-10.695059,-10.683576,-10.710562
1669,-10.694980,-10.683571,-10.710185
1670,-10.694720,-10.681833,-10.710607
1671,-10.693802,-10.678801,-10.710702
1672,-10.693655,-10.675672,-10.709229
1673,-10.694203,-10.674483,-10.709480
1674,-10.694555,-10.674347,-10.708066
1675,-10.692669,-10.673805,-10.708671
1676,-10.692273,-10.673713,-10.710580
1677,-10.692804,-10.673753,-10.710664
1678,-10.690831,-10.674481,-10.712057
1679,-10.691984,-10.674460,-10.709839
1680,-10.691123,-10.673370,-10.707560
1681,-10.690381,-10.672924,-10.708289
1682,-10.689089,-10.670441,-10.708921
1683,-10.687771,-10.670877,-10.708601
1684,-10.686251,-10.671818,-10.705824
1685,-10.684956,-10.670110,-10.705342
1686,-10.686169,-10.670341,-10.706580
1687,-10.687530,-10.669057,-10.706813
1688,-10.687266,-10.667725,-10.707268
1689,-10.687888,-10.668109,-10.707706
1690,-10.687561,-10.667925,-10.708830
1691,-10.687005,-10.668420,-10.709157
1692,-10.685030,-10.669098,-10.709962
1693,-10.682548,-10.670581,-10.707042
1694,-10.683316,-10.670216,-10.705301
1695,-10.684809,-10.668713,-10.705560
1696,-10.685671,-10.668057,-10.704051
1697,-10.687561,-10.666888,-10.704159
1698,-10.686626,-10.665488,-10.704437
1699,-10.684884,-10.663396,-10.702868
1700,-10.684538,-10.664051,-10.703203
1701,-10.683748,-10.664760,-10.703066
1702,-10.685098,-10.663497,-10.700825
1703,-10.686344,-10.663923,-10.697489
1704,-10.685791,-10.665194,-10.695814
1705,-10.686171,-10.663012,-10.695180
1706,-10.686009,-10.662572,-10.693911
1707,-10.685319,-10.661723,-10.694663
1708,-10.683475,-10.658642,-10.695873
1709,-10.681154,-10.657677,-10.697468
1710,-10.680968,-10.657676,-10.698672
1711,-10.679871,-10.657850,-10.697202
1712,-10.679789,-10.658295,-10.697746
1713,-10.680859,-10.658295,-10.697745
1714,-10.680693,-10.658127,-10.698517
1715,-10.678805,-10.659728,-10.699769
1716,-10.677651,-10.659188,-10.699916
1717,-10.677889,-10.658325,-10.699563
1718,-10.675767,-10.658214,-10.700735
1719,-10.673067,-10.657463,-10.702203
1720,-10.671874,-10.658382,-10.699854
1721,-10.671492,-10.660218,-10.700854
1722,-10.670911,-10.659055,-10.702129
1723,-10.670991,-10.658433,-10.702955
1724,-10.672746,-10.657306,-10.700632
1725,-10.673686,-10.655995,-10.699091
1726,-10.672156,-10.653809,-10.698409
1727,-10.670550,-10.652343,-10.697200
1728,-10.669569,-10.652588,-10.695410
1729,-10.668696,-10.653349,-10.692774
1730,-10.668946,-10.653542,-10.691849
1731,-10.668412,-10.650025,-10.693764
1732,-10.668157,-10.649122,-10.694765
1733,-10.669746,-10.649943,-10.693071
1734,-10.667810,-10.649350,-10.693859
1735,-10.666978,-10.651847,-10.695467
1736,-10.669384,-10.653581,-10.693648
1737,-10.671139,-10.652964,-10.691275
1738,-10.672845,-10.653879,-10.690877
1739,-10.672591,-10.654359,-10.693156
1740,-10.673570,-10.655337,-10.691624
1741,-10.673123,-10.656681,-10.689206
1742,-10.672057,-10.655871,-10.686271
1743,-10.671470,-10.654092,-10.684933
1744,-10.669555,-10.652668,-10.684082
1745,-10.668082,-10.651994,-10.681709
1746,-10.665871,-10.652027,-10.681352
1747,-10.663788,-10.649632,-10.681962
1748,-10.663453,-10.648105,-10.682049
1749,-10.662835,-10.648010,-10.684511
1750,-10.664743,-10.648467,-10.685598
1751,-10.667221,-10.648514,-10.683164
1752,-10.668144,-10.650778,-10.682540
1753,-10.666224,-10.652339,-10.679032
1754,-10.665168,-10.651939,-10.677204
1755,-10.664019,-10.652664,-10.677643
1756,-10.665840,-10.652521,-10.678731
1757,-10.666016,-10.651296,-10.679952
1758,-10.664441,-10.650801,-10.682188
1759,-10.663569,-10.650014,-10.683125
1760,-10.665630,-10.651083,-10.681919
1761,-10.665611,-10.650696,-10.680830
1762,-10.663267,-10.649955,-10.681689
1763,-10.662275,-10.649910,-10.681340
1764,-10.660180,-10.649694,-10.681307
1765,-10.658433,-10.647485,-10.681046
1766,-10.659133,-10.645540,-10.681180
1767,-10.657236,-10.645653,-10.679240
1768,-10.654749,-10.643028,-10.677337
1769,-10.655087,-10.640667,-10.677924
1770,-10.656146,-10.640904,-10.679200
1771,-10.657040,-10.641331,-10.680000
1772,-10.657738,-10.640996,-10.679800
1773,-10.657304,-10.640988,-10.678822
1774,-10.657751,-10.642717,-10.678061
1775,-10.658034,-10.641502,-10.675852
1776,-10.658647,-10.640130,-10.675227
1777,-10.659383,-10.641172,-10.675995
1778,-10.659928,-10.642683,-10.676298
1779,-10.658114,-10.642492,-10.675175
1780,-10.657908,-10.641295,-10.675241
1781,-10.659251,-10.639953,-10.675155
1782,-10.659061,-10.637981,-10.675154
1783,-10.658517,-10.637826,-10.674614
1784,-10.658473,-10.638710,-10.672752
1785,-10.657527,-10.639684,-10.671508
1786,-10.656549,-10.638801,-10.668560
1787,-10.656433,-10.639344,-10.668583
1788,-10.656826,-10.639343,-10.670565
1789,-10.655251,-10.638100,-10.669759
1790,-10.655816,-10.638738,-10.665924
1791,-10.656995,-10.638482,-10.665580
1792,-10.658066,-10.637638,-10.665451
1793,-10.657071,-10.636735,-10.665015
1794,-10.656223,-10.636079,-10.664869
1795,-10.653896,-10.637570,-10.667420
1796,-10.652739,-10.638942,-10.667842
1797,-10.652237,-10.640569,-10.667871
1798,-10.650095,-10.643141,-10.667093
1799,-10.649358,-10.642694,-10.667745
1800,-10.647453,-10.640263,-10.666658
1801,-10.647619,-10.637356,-10.667050
1802,-10.645731,-10.635879,-10.666750
1803,-10.644547,-10.635403,-10.667256
1804,-10.643968,-10.637616,-10.667461
1805,-10.644102,-10.639085,-10.666960
1806,-10.644772,-10.639923,-10.664984
1807,-10.646433,-10.638329,-10.661446
1808,-10.647860,-10.635585,-10.660883
1809,-10.648096,-10.636876,-10.658845
1810,-10.648040,-10.635830,-10.660021
1811,-10.647014,-10.634654,-10.660517
1812,-10.645888,-10.634116,-10.659349
1813,-10.645035,-10.635753,-10.659754
1814,-10.643839,-10.636046,-10.658591
1815,-10.643436,-10.635118,-10.657560
1816,-10.645701,-10.634134,-10.657467
1817,-10.647416,-10.634876,-10.657238
1818,-10.647471,-10.635986,-10.658257
1819,-10.646594,-10.632827,-10.658294
1820,-10.645027,-10.630321,-10.657523
1821,-10.645610,-10.628421,-10.657012
1822,-10.646400,-10.626052,-10.656600
1823,-10.647948,-10.624490,-10.656847
1824,-10.649845,-10.624745,-10.655960
1825,-10.652314,-10.623651,-10.656022
1826,-10.653880,-10.623908,-10.655749
1827,-10.651278,-10.624595,-10.655482
1828,-10.648841,-10.625429,-10.659129
1829,-10.646385,-10.625520,-10.659583
1830,-10.645102,-10.624930,-10.658066
1831,-10.643994,-10.625996,-10.656739
1832,-10.643155,-10.627077,-10.655592
1833,-10.642506,-10.628507,-10.656681
1834,-10.640076,-10.629143,-10.656838
1835,-10.637967,-10.628638,-10.655259
1836,-10.636922,-10.629289,-10.652228
1837,-10.637096,-10.625894,-10.649524
1838,-10.637755,-10.623712,-10.648751
1839,-10.637172,-10.623329,-10.649621
1840,-10.635614,-10.621885,-10.650430
1841,-10.637468,-10.621982,-10.651297
1842,-10.637884,-10.623236,-10.653064
1843,-10.638154,-10.622379,-10.652812
1844,-10.639230,-10.623372,-10.650871
1845,-10.641384,-10.624027,-10.651207
1846,-10.642135,-10.625473,-10.651741
1847,-10.642099,-10.626402,-10.650967
1848,-10.640866,-10.626784,-10.649080
1849,-10.639436,-10.628441,-10.649024
1850,-10.640947,-10.628583,-10.648147
1851,-10.638530,-10.627639,-10.648210
1852,-10.636027,-10.626307,-10.645866
1853,-10.636407,-10.623236,-10.642994
1854,-10.635290,-10.622055,-10.640292
1855,-10.635006,-10.621422,-10.639648
1856,-10.636550,-10.621291,-10.640646
1857,-10.637003,-10.620388,-10.641342
1858,-10.635880,-10.619481,-10.642461
1859,-10.633830,-10.619922,-10.642472
1860,-10.634638,-10.620254,-10.642218
1861,-10.635111,-10.620141,-10.641207
1862,-10.635237,-10.621930,-10.641874
1863,-10.633497,-10.624598,-10.642401
1864,-10.632639,-10.625048,-10.640730
1865,-10.632135,-10.622982,-10.639431
1866,-10.632714,-10.620403,-10.640245
1867,-10.632501,-10.618885,-10.639203
1868,-10.633162,-10.617715,-10.639616
1869,-10.633330,-10.616822,-10.639955
1870,-10.634507,-10.617366,-10.640532
1871,-10.634804,-10.617579,-10.639399
1872,-10.633756,-10.617816,-10.640224
1873,-10.632380,-10.617590,-10.638958
1874,-10.630151,-10.617554,-10.640192
1875,-10.629374,-10.615478,-10.638965
1876,-10.629343,-10.613965,-10.637719
1877,-10.628198,-10.615427,-10.638283
1878,-10.626343,-10.617573,-10.637091
1879,-10.626044,-10.617890,-10.636329
1880,-10.624695,-10.617300,-10.635155
1881,-10.622843,-10.615784,-10.635933
1882,-10.623762,-10.615669,-10.636545
1883,-10.625336,-10.617626,-10.636353
1884,-10.627976,-10.618729,-10.637629
1885,-10.629103,-10.618151,-10.636505
1886,-10.630841,-10.618082,-10.636853
1887,-10.632077,-10.618052,-10.635964
1888,-10.633088,-10.616269,-10.633715
1889,-10.630714,-10.614717,-10.631272
1890,-10.629121,-10.613741,-10.629163
1891,-10.628762,-10.611893,-10.629801
1892,-10.628892,-10.610157,-10.630855
1893,-10.628343,-10.612164,-10.631486
1894,-10.627958,-10.614894,-10.631167
1895,-10.630139,-10.614827,-10.634801
1896,-10.630886,-10.613041,-10.633662
1897,-10.628444,-10.613690,-10.632370
1898,-10.628398,-10.614762,-10.630892
1899,-10.628480,-10.616645,-10.632094
1900,-10.628624,-10.613743,-10.632483
1901,-10.628152,-10.613254,-10.632329
1902,-10.626918,-10.614192,-10.632931
1903,-10.626779,-10.613332,-10.633947
1904,-10.626447,-10.611591,-10.630881
1905,-10.625907,-10.610430,-10.631894
1906,-10.627576,-10.612131,-10.631857
1907,-10.626151,-10.614579,-10.633482
1908,-10.624826,-10.612370,-10.633378
1909,-10.622781,-10.610396,-10.634963
1910,-10.620004,-10.611553,-10.632340
1911,-10.617414,-10.611758,-10.630935
1912,-10.617043,-10.608050,-10.632022
1913,-10.616777,-10.604413,-10.629951
1914,-10.617463,-10.602550,-10.626861
1915,-10.618275,-10.601971,-10.628371
1916,-10.618531,-10.601109,-10.626950
1917,-10.619337,-10.602405,-10.627921
1918,-10.619979,-10.602561,-10.629651
1919,-10.620327,-10.604118,-10.630280
1920,-10.618267,-10.602015,-10.629479
1921,-10.619575,-10.602156,-10.628089
1922,-10.619405,-10.601216,-10.626820
1923,-10.617554,-10.600858,-10.625538
1924,-10.617714,-10.599263,-10.626398
1925,-10.618427,-10.598233,-10.626922
1926,-10.619600,-10.599218,-10.627696
1927,-10.620736,-10.597897,-10.629669
1928,-10.620362,-10.595339,-10.630762
1929,-10.619721,-10.595361,-10.629847
1930,-10.618564,-10.595544,-10.626626
1931,-10.617860,-10.595173,-10.622732
1932,-10.618191,-10.594068,-10.620399
1933,-10.620768,-10.594996,-10.619090
1934,-10.622831,-10.595931,-10.619199
1935,-10.623653,-10.596579,-10.618583
1936,-10.622384,-10.597176,-10.618243
1937,-10.622348,-10.598435,-10.615644
1938,-10.621617,-10.599119,-10.615156
1939,-10.620622,-10.596864,-10.615450
1940,-10.619938,-10.596987,-10.614767
1941,-10.618610,-10.597804,-10.614533
1942,-10.619752,-10.598944,-10.613667
1943,-10.618686,-10.597501,-10.613470
1944,-10.618041,-10.598670,-10.613746
1945,-10.618259,-10.596306,-10.613638
1946,-10.618351,-10.594026,-10.614020
1947,-10.616913,-10.592390,-10.614289
1948,-10.617027,-10.594752,-10.612649
1949,-10.615703,-10.596515,-10.612017
1950,-10.617163,-10.596317,-10.610370
1951,-10.617125,-10.595745,-10.610383
1952,-10.617721,-10.592854,-10.610994
1953,-10.616188,-10.591858,-10.611002
1954,-10.616582,-10.590520,-10.609569
1955,-10.615928,-10.590001,-10.606774
1956,-10.614193,-10.591658,-10.604802
1957,-10.612615,-10.593339,-10.603546
1958,-10.613829,-10.594367,-10.603548
1959,-10.614218,-10.594022,-10.604294
1960,-10.614174,-10.594436,-10.608579
1961,-10.614173,-10.593286,-10.609347
1962,-10.614183,-10.592771,-10.611921
1963,-10.613817,-10.592957,-10.612673
1964,-10.612724,-10.594855,-10.613402
1965,-10.612630,-10.593929,-10.612924
1966,-10.612740,-10.594978,-10.612005
1967,-10.615172,-10.594312,-10.610458
1968,-10.617175,-10.593087,-10.611904
1969,-10.617275,-10.592808,-10.610649
1970,-10.618426,-10.592320,-10.609836
1971,-10.616531,-10.593402,-10.608289
1972,-10.612991,-10.594152,-10.609319
1973,-10.609209,-10.593128,-10.610419
1974,-10.608868,-10.592669,-10.611295
1975,-10.608464,-10.592671,-10.610990
1976,-10.608742,-10.592044,-10.609486
1977,-10.609071,-10.592365,-10.610089
1978,-10.607402,-10.594337,-10.610843
1979,-10.607275,-10.592011,-10.612138
1980,-10.604750,-10.591357,-10.611217
1981,-10.603588,-10.592386,-10.612508
1982,-10.603672,-10.591191,-10.612314
1983,-10.604114,-10.588291,-10.610555
1984,-10.606273,-10.585791,-10.606411
1985,-10.607256,-10.584243,-10.605139
1986,-10.605479,-10.582607,-10.605314
1987,-10.605582,-10.581265,-10.607223
1988,-10.604790,-10.582166,-10.606854
1989,-10.607035,-10.582347,-10.605952
1990,-10.607833,-10.584121,-10.605115
1991,-10.606881,-10.584135,-10.602985
1992,-10.606433,-10.583314,-10.602349
1993,-10.606165,-10.584816,-10.599821
1994,-10.603919,-10.583959,-10.600581
1995,-10.603667,-10.584505,-10.602627
1996,-10.602393,-10.583763,-10.599942
1997,-10.602663,-10.584144,-10.600931
1998,-10.602461,-10.583682,-10.601949
1999,-10.602717,-10.583112,-10.603635
2000,-10.603381,-10.584330,-10.605238
2001,-10.603882,-10.583581,-10.605146
2002,-10.605998,-10.583644,-10.604374
2003,-10.605633,-10.582712,-10.604669
2004,-10.603479,-10.583187,-10.604718
2005,-10.601419,-10.580888,-10.605591
2006,-10.600646,-10.579355,-10.606552
2007,-10.602507,-10.579208,-10.606797
2008,-10.601656,-10.579711,-10.607943
2009,-10.601048,-10.578597,-10.606292
2010,-10.602020,-10.578290,-10.606150
2011,-10.601312,-10.579116,-10.605950
2012,-10.598640,-10.578043,-10.605189
2013,-10.595029,-10.577185,-10.603864
2014,-10.594473,-10.577475,-10.600552
2015,-10.596778,-10.578139,-10.599433
2016,-10.597638,-10.577565,-10.598985
2017,-10.599282,-10.577173,-10.598525
2018,-10.598371,-10.576825,-10.600442
2019,-10.597437,-10.575923,-10.602177
2020,-10.597555,-10.577338,-10.601062
2021,-10.597591,-10.579370,-10.601304
2022,-10.598163,-10.581442,-10.600943
2023,-10.601975,-10.583500,-10.600510
2024,-10.602473,-10.583350,-10.600028
2025,-10.603117,-10.582904,-10.600124
2026,-10.603848,-10.582852,-10.598290
2027,-10.603478,-10.583337,-10.598589
2028,-10.601831,-10.581120,-10.600321
2029,-10.601957,-10.581298,-10.600848
2030,-10.604547,-10.579843,-10.602117
2031,-10.604236,-10.579105,-10.602905
2032,-10.602377,-10.576154,-10.604247
2033,-10.603290,-10.573540,-10.604206
2034,-10.601936,-10.572645,-10.602934
2035,-10.603326,-10.571754,-10.600940
2036,-10.603952,-10.570313,-10.600912
2037,-10.603470,-10.570471,-10.601493
2038,-10.603649,-10.570359,-10.600671
2039,-10.607198,-10.568706,-10.600027
2040,-10.610918,-10.569421,-10.599136
2041,-10.611348,-10.571711,-10.598961
2042,-10.610379,-10.571032,-10.597079
2043,-10.608196,-10.570928,-10.595521
2044,-10.607894,-10.571934,-10.594916
2045,-10.604998,-10.572189,-10.593305
2046,-10.603624,-10.570403,-10.592656
2047,-10.603912,-10.567188,-10.591350
2048,-10.601962,-10.566958,-10.589582
2049,-10.598973,-10.569057,-10.587401
2050,-10.598694,-10.571870,-10.587742
2051,-10.598587,-10.574402,-10.591367
2052,-10.597304,-10.574643,-10.590623
2053,-10.598291,-10.574798,-10.591220
2054,-10.600516,-10.573131,-10.591503
2055,-10.599467,-10.572199,-10.592513
2056,-10.598538,-10.570632,-10.591981
2057,-10.598048,-10.571152,-10.591814
2058,-10.598644,-10.572690,-10.591263
2059,-10.598330,-10.574020,-10.590841
2060,-10.597130,-10.575739,-10.587679
2061,-10.597065,-10.577264,-10.586608
2062,-10.599858,-10.576142,-10.586039
2063,-10.602187,-10.572914,-10.586287
2064,-10.601379,-10.571296,-10.586437
2065,-10.599623,-10.570042,-10.586424
2066,-10.597733,-10.569129,-10.587514
2067,-10.595737,-10.568381,-10.586761
2068,-10.596527,-10.570365,-10.586573
2069,-10.596914,-10.570818,-10.587211
2070,-10.596945,-10.569855,-10.586436
2071,-10.597011,-10.569418,-10.586850
2072,-10.595849,-10.569155,-10.588397
2073,-10.594538,-10.568204,-10.588263
2074,-10.596296,-10.566293,-10.590190
2075,-10.599714,-10.564890,-10.590395
2076,-10.598388,-10.566352,-10.590674
2077,-10.596184,-10.566628,-10.591081
2078,-10.594327,-10.568362,-10.590620
2079,-10.595132,-10.568468,-10.590192
2080,-10.594670,-10.568257,-10.588790
2081,-10.593909,-10.568222,-10.588467
2082,-10.596677,-10.568685,-10.587603
2083,-10.595609,-10.569041,-10.586863
2084,-10.593997,-10.570382,-10.586340
2085,-10.593546,-10.570857,-10.585150
2086,-10.592081,-10.571128,-10.583254
2087,-10.593127,-10.568669,-10.582766
2088,-10.594332,-10.568053,-10.580854
2089,-10.593986,-10.570289,-10.578460
2090,-10.594020,-10.569754,-10.578138
2091,-10.593374,-10.568962,-10.577855
2092,-10.594051,-10.567635,-10.579543
2093,-10.592880,-10.565253,-10.581345
2094,-10.591321,-10.564090,-10.581469
2095,-10.592029,-10.565100,-10.581817
2096,-10.592814,-10.563286,-10.582342
2097,-10.591679,-10.562928,-10.583825
2098,-10.590240,-10.561740,-10.582236
2099,-10.590669,-10.560947,-10.580799
2100,-10.591904,-10.559754,-10.580189
2101,-10.591547,-10.561438,-10.581401
2102,-10.592188,-10.559672,-10.581269
2103,-10.591315,-10.559829,-10.582567
2104,-10.590336,-10.559379,-10.582909
2105,-10.589780,-10.560828,-10.580053
2106,-10.590082,-10.561530,-10.578084
2107,-10.588690,-10.562208,-10.577181
2108,-10.588039,-10.563934,-10.576918
2109,-10.590062,-10.564012,-10.577077
2110,-10.590610,-10.564520,-10.578923
2111,-10.590958,-10.564851,-10.577383
2112,-10.588987,-10.565373,-10.575474
2113,-10.586091,-10.564633,-10.574756
2114,-10.587288,-10.562391,-10.575604
2115,-10.587658,-10.560635,-10.577509
2116,-10.587509,-10.560248,-10.580754
2117,-10.584327,-10.559885,-10.580656
2118,-10.583382,-10.558627,-10.580269
2119,-10.585334,-10.558836,-10.579490
2120,-10.585784,-10.558021,-10.580408
2121,-10.583001,-10.556850,-10.581107
2122,-10.581488,-10.557197,-10.580945
2123,-10.581372,-10.558225,-10.578387
2124,-10.580716,-10.560102,-10.576676
2125,-10.583883,-10.558468,-10.576029
2126,-10.586008,-10.557100,-10.576137
2127,-10.587870,-10.558156,-10.574825
2128,-10.589227,-10.558039,-10.573671
2129,-10.589893,-10.555739,-10.575217
2130,-10.590139,-10.554843,-10.575589
2131,-10.588625,-10.557143,-10.574928
2132,-10.587449,-10.556979,-10.574737
2133,-10.585494,-10.557162,-10.573084
2134,-10.585370,-10.555729,-10.574264
2135,-10.587126,-10.555521,-10.575839
2136,-10.588059,-10.556299,-10.575934
2137,-10.587129,-10.556840,-10.576874
2138,-10.586451,-10.556196,-10.577276
2139,-10.586285,-10.554731,-10.575578
2140,-10.584648,-10.553666,-10.573460
2141,-10.585199,-10.553298,-10.570003
2142,-10.587010,-10.554454,-10.568429
2143,-10.586817,-10.553520,-10.568755
2144,-10.585662,-10.553977,-10.568242
2145,-10.585037,-10.554061,-10.566783
2146,-10.584282,-10.554498,-10.564490
2147,-10.584910,-10.555443,-10.563961
2148,-10.585564,-10.556108,-10.564277
2149,-10.584755,-10.558149,-10.565955
2150,-10.583891,-10.560708,-10.567385
2151,-10.582555,-10.560308,-10.567470
2152,-10.581818,-10.561018,-10.565651
2153,-10.584200,-10.559009,-10.567130
2154,-10.585605,-10.555179,-10.566931
2155,-10.587668,-10.552660,-10.565737
2156,-10.589039,-10.550449,-10.567804
2157,-10.588135,-10.552343,-10.569808
2158,-10.585210,-10.553643,-10.570059
2159,-10.585363,-10.553051,-10.570411
2160,-10.585899,-10.553478,-10.570375
2161,-10.587829,-10.554554,-10.571723
2162,-10.587936,-10.554090,-10.571526
2163,-10.585030,-10.552750,-10.573114
2164,-10.583806,-10.551997,-10.571640
2165,-10.583151,-10.550524,-10.569403
2166,-10.584186,-10.549165,-10.566440
2167,-10.586308,-10.550929,-10.565371
2168,-10.584605,-10.551171,-10.565389
2169,-10.583933,-10.548360,-10.566846
2170,-10.582213,-10.548323,-10.568067
2171,-10.581464,-10.547919,-10.567229
2172,-10.579423,-10.547751,-10.566681
2173,-10.579444,-10.550062,-10.563999
2174,-10.579818,-10.552633,-10.563674
2175,-10.577105,-10.554046,-10.562029
2176,-10.575546,-10.552698,-10.561726
2177,-10.576675,-10.553883,-10.559763
2178,-10.577171,-10.554570,-10.557726
2179,-10.575963,-10.552791,-10.557724
2180,-10.574148,-10.551855,-10.555398
2181,-10.574862,-10.552464,-10.554048
2182,-10.575040,-10.551781,-10.553713
2183,-10.574925,-10.552207,-10.554808
2184,-10.571299,-10.550727,-10.555972
2185,-10.570885,-10.550211,-10.557964
2186,-10.569989,-10.551357,-10.557468
2187,-10.569382,-10.551680,-10.559092
2188,-10.570558,-10.552832,-10.560609
2189,-10.573302,-10.552777,-10.559448
2190,-10.574320,-10.552943,-10.558590
2191,-10.575375,-10.553650,-10.559421
2192,-10.574044,-10.552635,-10.558915
2193,-10.574377,-10.553117,-10.558365
2194,-10.571666,-10.554501,-10.559964
2195,-10.570575,-10.556884,-10.557454
2196,-10.570394,-10.558631,-10.556318
2197,-10.571142,-10.557455,-10.554242
2198,-10.573857,-10.554587,-10.551825
2199,-10.574575,-10.550827,-10.552660
2200,-10.573689,-10.551615,-10.553523
2201,-10.573998,-10.550419,-10.555616
2202,-10.572240,-10.551312,-10.556543
2203,-10.570416,-10.552862,-10.557195
2204,-10.570289,-10.551670,-10.558103
2205,-10.571066,-10.552460,-10.561518
2206,-10.571831,-10.550539,-10.563078
2207,-10.573559,-10.549708,-10.563269
2208,-10.574476,-10.547967,-10.562021
2209,-10.573918,-10.547488,-10.562947
2210,-10.571687,-10.547187,-10.562639
2211,-10.569680,-10.546485,-10.560772
2212,-10.567763,-10.544903,-10.561466
2213,-10.565406,-10.544568,-10.559521
2214,-10.563224,-10.544842,-10.557849
2215,-10.562823,-10.541987,-10.556962
2216,-10.562164,-10.539902,-10.556293
2217,-10.564688,-10.537778,-10.556254
2218,-10.565970,-10.536800,-10.556268
2219,-10.567975,-10.538900,-10.555681
2220,-10.568063,-10.539824,-10.555730
2221,-10.570452,-10.539545,-10.555652
2222,-10.570420,-10.539194,-10.552806
2223,-10.566924,-10.537222,-10.552531
2224,-10.566195,-10.535813,-10.552723
2225,-10.567078,-10.536100,-10.554068
2226,-10.568255,-10.536840,-10.553784
2227,-10.568936,-10.537097,-10.552459
2228,-10.569661,-10.536273,-10.551043
2229,-10.569693,-10.536248,-10.552350
2230,-10.569689,-10.536153,-10.551332
2231,-10.569897,-10.535907,-10.549881
2232,-10.567913,-10.536018,-10.550823
2233,-10.567599,-10.537060,-10.549528
2234,-10.568539,-10.539363,-10.547186
2235,-10.566777,-10.539427,-10.544849
2236,-10.566374,-10.537164,-10.543913
2237,-10.564471,-10.536478,-10.543367
2238,-10.563861,-10.534690,-10.542620
2239,-10.564740,-10.531268,-10.542404
2240,-10.565795,-10.530864,-10.543172
2241,-10.565405,-10.532221,-10.542357
2242,-10.567011,-10.534496,-10.541563
2243,-10.566780,-10.538015,-10.542360
2244,-10.568414,-10.539096,-10.543359
2245,-10.569322,-10.538586,-10.545077
2246,-10.570172,-10.538816,-10.547305
2247,-10.570994,-10.539533,-10.549208
2248,-10.572230,-10.539128,-10.551579
2249,-10.571244,-10.536752,-10.554567
2250,-10.570810,-10.535826,-10.553323
2251,-10.570250,-10.535453,-10.551286
2252,-10.570243,-10.533503,-10.549449
2253,-10.569686,-10.533160,-10.548571
2254,-10.569532,-10.533472,-10.546078
2255,-10.567407,-10.533552,-10.547071
2256,-10.567274,-10.533820,-10.548480
2257,-10.565480,-10.534621,-10.551641
2258,-10.563274,-10.535984,-10.551154
2259,-10.560876,-10.536520,-10.549534
2260,-10.562010,-10.536644,-10.549056
2261,-10.564658,-10.536206,-10.550875
2262,-10.566715,-10.535283,-10.549439
2263,-10.563514,-10.536206,-10.548924
2264,-10.561574,-10.534410,-10.549841
2265,-10.558672,-10.534757,-10.547660
2266,-10.556929,-10.535527,-10.545754
2267,-10.556260,-10.535677,-10.545469
2268,-10.557514,-10.534240,-10.545991
2269,-10.556945,-10.534181,-10.546673
2270,-10.557988,-10.537073,-10.545860
2271,-10.559145,-10.535139,-10.543973
2272,-10.558474,-10.535878,-10.544323
2273,-10.556174,-10.537547,-10.546129
2274,-10.552454,-10.537797,-10.547165
2275,-10.551002,-10.535489,-10.546729
2276,-10.552024,-10.537641,-10.547740
2277,-10.553369,-10.536150,-10.548463
2278,-10.554769,-10.537259,-10.547750
2279,-10.556667,-10.537545,-10.548512
2280,-10.555165,-10.536919,-10.548498
2281,-10.556052,-10.535332,-10.548983
2282,-10.557020,-10.533161,-10.546738
2283,-10.557608,-10.533601,-10.544822
2284,-10.557218,-10.533281,-10.546829
2285,-10.558105,-10.533552,-10.546448
2286,-10.561429,-10.536023,-10.546687
2287,-10.562993,-10.537213,-10.547544
2288,-10.562122,-10.536054,-10.545635
2289,-10.559539,-10.535581,-10.543272
2290,-10.557719,-10.532409,-10.542693
2291,-10.556743,-10.533462,-10.543398
2292,-10.556771,-10.533293,-10.544131
2293,-10.558149,-10.533676,-10.544831
2294,-10.558139,-10.534665,-10.545222
2295,-10.553989,-10.532590,-10.543385
2296,-10.553186,-10.533470,-10.541951
2297,-10.551234,-10.533481,-10.538151
2298,-10.550284,-10.535937,-10.534080
2299,-10.549142,-10.534735,-10.534585
2300,-10.546756,-10.535772,-10.536073
2301,-10.545670,-10.534989,-10.538916
2302,-10.547350,-10.530604,-10.540549
2303,-10.548915,-10.529728,-10.543653
2304,-10.551014,-10.527977,-10.545549
2305,-10.553714,-10.528725,-10.546129
2306,-10.554605,-10.531191,-10.544495
2307,-10.553394,-10.531658,-10.542792
2308,-10.554580,-10.531958,-10.544556
2309,-10.554702,-10.530274,-10.544680
2310,-10.551778,-10.528925,-10.546408
2311,-10.550941,-10.529356,-10.546104
2312,-10.551489,-10.530267,-10.546673
2313,-10.550941,-10.529777,-10.545610
2314,-10.551642,-10.530234,-10.543996
2315,-10.551380,-10.526464,-10.542065
2316,-10.554899,-10.524317,-10.539916
2317,-10.553502,-10.526241,-10.540509
2318,-10.552426,-10.529983,-10.539992
2319,-10.551025,-10.529488,-10.541886
2320,-10.549493,-10.526079,-10.543748
2321,-10.546814,-10.524413,-10.544238
2322,-10.545762,-10.522723,-10.542921
2323,-10.543169,-10.523730,-10.539864
2324,-10.540635,-10.523553,-10.535329
2325,-10.541398,-10.523703,-10.535175
2326,-10.544261,-10.525274,-10.537582
2327,-10.544021,-10.525081,-10.538823
2328,-10.545834,-10.527944,-10.538197
2329,-10.545972,-10.530461,-10.537640
2330,-10.546483,-10.532499,-10.536729
2331,-10.546882,-10.534114,-10.538573
2332,-10.545894,-10.536808,-10.539912
2333,-10.547426,-10.535774,-10.538751
2334,-10.549816,-10.536009,-10.537661
2335,-10.548078,-10.536411,-10.534823
2336,-10.546379,-10.536049,-10.532573
2337,-10.543644,-10.536010,-10.531405
2338,-10.542744,-10.537462,-10.531341
2339,-10.542900,-10.538530,-10.532494
2340,-10.544897,-10.537462,-10.533631
2341,-10.545391,-10.537032,-10.536628
2342,-10.547550,-10.534838,-10.539046
2343,-10.548647,-10.531620,-10.538455
2344,-10.551752,-10.529227,-10.536807
2345,-10.553231,-10.525586,-10.537554
2346,-10.552752,-10.525613,-10.537895
2347,-10.552703,-10.526729,-10.536035
2348,-10.552158,-10.524123,-10.536562
2349,-10.551721,-10.522741,-10.536996
2350,-10.548763,-10.520881,-10.536166
2351,-10.545031,-10.521832,-10.536804
2352,-10.544705,-10.525241,-10.537854
2353,-10.544791,-10.527287,-10.536224
2354,-10.545602,-10.527674,-10.534758
2355,-10.544975,-10.527489,-10.534564
2356,-10.545664,-10.527558,-10.532954
2357,-10.545021,-10.528802,-10.533088
2358,-10.545621,-10.527508,-10.533080
2359,-10.545223,-10.528370,-10.533843
2360,-10.546157,-10.528016,-10.534142
2361,-10.548690,-10.527928,-10.532050
2362,-10.548075,-10.529965,-10.529572
2363,-10.547489,-10.531978,-10.531644
2364,-10.546506,-10.531734,-10.531076
2365,-10.546048,-10.531632,-10.530185
2366,-10.544676,-10.528391,-10.530622
2367,-10.543685,-10.526896,-10.534075
2368,-10.540742,-10.526752,-10.534644
2369,-10.539959,-10.526631,-10.535071
2370,-10.539644,-10.526474,-10.534990
2371,-10.541792,-10.524500,-10.534824
2372,-10.544064,-10.521604,-10.533990
2373,-10.544310,-10.518791,-10.535139
2374,-10.545307,-10.519144,-10.537280
2375,-10.544495,-10.520717,-10.537977
2376,-10.544192,-10.521550,-10.538017
2377,-10.548222,-10.522651,-10.537655
2378,-10.547832,-10.523656,-10.537255
2379,-10.545967,-10.520542,-10.536531
2380,-10.546521,-10.517519,-10.535744
2381,-10.544973,-10.515756,-10.535284
2382,-10.543789,-10.518045,-10.535686
2383,-10.544714,-10.517311,-10.535866
2384,-10.544272,-10.516821,-10.533908
2385,-10.544388,-10.516871,-10.533659
2386,-10.543861,-10.513362,-10.534735
2387,-10.544764,-10.513005,-10.535844
2388,-10.544081,-10.511630,-10.535387
2389,-10.543526,-10.508464,-10.534414
2390,-10.543333,-10.508632,-10.535753
2391,-10.542308,-10.511297,-10.537175
2392,-10.539813,-10.513449,-10.538188
2393,-10.536105,-10.514219,-10.539782
2394,-10.534289,-10.516101,-10.540591
2395,-10.535687,-10.517769,-10.542278
2396,-10.538683,-10.516940,-10.543345
2397,-10.541085,-10.514437,-10.541563
2398,-10.541583,-10.513511,-10.539832
2399,-10.540722,-10.511710,-10.537568
2400,-10.540048,-10.511151,-10.536561
2401,-10.537671,-10.511072,-10.537111
2402,-10.535425,-10.511924,-10.538137
2403,-10.537297,-10.514017,-10.538563
2404,-10.536375,-10.518252,-10.536632
2405,-10.534445,-10.520639,-10.538051
2406,-10.534841,-10.516618,-10.536845
2407,-10.534753,-10.514866,-10.536706
2408,-10.532983,-10.514468,-10.535811
2409,-10.534829,-10.515169,-10.537652
2410,-10.535093,-10.516483,-10.538468
2411,-10.536335,-10.516330,-10.540180
2412,-10.537753,-10.516568,-10.542550
2413,-10.535010,-10.514948,-10.540988
2414,-10.534323,-10.510302,-10.538002
2415,-10.532236,-10.510031,-10.535863
2416,-10.529243,-10.509213,-10.535589
2417,-10.529870,-10.510152,-10.535339
2418,-10.531128,-10.511681,-10.533710
2419,-10.531846,-10.512910,-10.532457
2420,-10.532912,-10.511420,-10.532122
2421,-10.535095,-10.510618,-10.533289
2422,-10.535735,-10.511173,-10.533622
2423,-10.534140,-10.512561,-10.529681
2424,-10.533786,-10.513378,-10.529896
2425,-10.532729,-10.512510,-10.530368
2426,-10.530951,-10.513274,-10.530074
2427,-10.529527,-10.512101,-10.530374
2428,-10.529776,-10.511336,-10.531384
2429,-10.529113,-10.512596,-10.530699
2430,-10.526878,-10.509722,-10.532447
2431,-10.526014,-10.508426,-10.532819
2432,-10.527940,-10.508086,-10.529421
2433,-10.528166,-10.506714,-10.528825
2434,-10.529242,-10.507867,-10.524843
2435,-10.529068,-10.506252,-10.523513
2436,-10.528420,-10.506262,-10.522695
2437,-10.530147,-10.507449,-10.522398
2438,-10.532258,-10.507954,-10.522053
2439,-10.531133,-10.506401,-10.522790
2440,-10.530954,-10.508417,-10.522640
2441,-10.531757,-10.509291,-10.524822
2442,-10.533458,-10.510583,-10.525304
2443,-10.536050,-10.509639,-10.524852
2444,-10.535181,-10.511565,-10.524208
2445,-10.535250,-10.510903,-10.521514
2446,-10.533746,-10.510430,-10.521108
2447,-10.532276,-10.512783,-10.521903
2448,-10.532192,-10.513767,-10.521943
2449,-10.534344,-10.514071,-10.521842
2450,-10.535517,-10.515435,-10.520317
2451,-10.535757,-10.516139,-10.522474
2452,-10.534226,-10.518209,-10.523878
2453,-10.532322,-10.518793,-10.524503
2454,-10.529559,-10.518314,-10.525376
2455,-10.529263,-10.515567,-10.525325
2456,-10.529310,-10.514330,-10.524375
2457,-10.531722,-10.513113,-10.525047
2458,-10.529441,-10.510614,-10.525406
2459,-10.528770,-10.510287,-10.527109
2460,-10.529486,-10.511350,-10.526237
2461,-10.529178,-10.510480,-10.529221
2462,-10.528419,-10.511294,-10.531304
2463,-10.527298,-10.513540,-10.531590
2464,-10.527559,-10.513766,-10.531465
2465,-10.528600,-10.509053,-10.528970
2466,-10.529538,-10.506431,-10.530134
2467,-10.529422,-10.505982,-10.528324
2468,-10.529405,-10.507001,-10.525888
2469,-10.527772,-10.509079,-10.521110
2470,-10.527739,-10.510572,-10.519317
2471,-10.527822,-10.509521,-10.517583
2472,-10.525380,-10.507650,-10.519065
2473,-10.524505,-10.507571,-10.519294
2474,-10.522661,-10.508557,-10.519014
2475,-10.523034,-10.509691,-10.522608
2476,-10.523677,-10.509314,-10.521096
2477,-10.522979,-10.510143,-10.520438
2478,-10.524513,-10.511815,-10.520443
2479,-10.525514,-10.513938,-10.521863
2480,-10.525247,-10.515264,-10.521702
2481,-10.523811,-10.517819,-10.521336
2482,-10.520363,-10.518145,-10.521621
2483,-10.518250,-10.515027,-10.521435
2484,-10.517829,-10.514953,-10.520772
2485,-10.520637,-10.514692,-10.521743
2486,-10.521104,-10.513347,-10.523229
2487,-10.519948,-10.513923,-10.522492
2488,-10.520021,-10.514597,-10.524778
2489,-10.519872,-10.512681,-10.524107
2490,-10.518885,-10.511882,-10.526855
2491,-10.519493,-10.513698,-10.528609
2492,-10.520646,-10.516879,-10.527318
2493,-10.522132,-10.518477,-10.527666
2494,-10.523393,-10.520070,-10.527728
2495,-10.524403,-10.519993,-10.525777
2496,-10.521822,-10.520133,-10.525059
2497,-10.522515,-10.519808,-10.524061
2498,-10.522175,-10.519124,-10.524592
2499,-10.522100,-10.522486,-10.525635
2500,-10.522587,-10.524910,-10.527804
